event,genpart_pid,genpart_exphi,genpart_exeta,genpart_gen,genpart_reachedEE,genpart_pt,genpart_energy,genpart_fbrem,cl3d_pt,cl3d_eta,cl3d_phi,cl3d_showerlength,cl3d_coreshowerlength,cl3d_firstlayer,cl3d_maxlayer,cl3d_seetot,cl3d_spptot,cl3d_szz,cl3d_srrtot,cl3d_srrmean,deta,dphi,deltar,matches
9515,11,-2.484274,-1.8999639,2,2,20.976887,74.217285,0.014472425,29.401423,-1.8968369,-2.4879076,40,17,1,7,0.024080021,0.022523694,11.093803,0.008050371,0.0025116603,0.0031269789,0.003633737564086914,0.00479395925335268,True
9515,-11,0.60691005,1.9740353,1,2,20.976887,74.217285,0.25133273,25.466045,1.9710617,0.59759164,50,18,1,7,0.024295267,0.026203096,10.677341,0.0073038097,0.0031882059,-0.0029735565,0.009318411350250244,0.009781351055018506,True
9518,11,-0.4861055,-2.3904994,2,2,88.839745,488.553,0.6669199,111.61337,-2.401176,-0.4761667,42,24,1,11,0.028557746,0.023180308,8.339098,0.0050978754,0.0023801012,-0.010676622,0.009938806295394897,0.014586642436125648,True
9518,-11,2.648047,2.3882864,1,2,88.839745,488.553,0.22098067,112.43181,2.3918297,2.6484988,46,30,1,11,0.028664192,0.024574907,13.667725,0.0052417447,0.0031580373,0.003543377,0.00045180320739746094,0.003572064658780381,True
9520,11,-0.5741916,-1.8427399,2,2,42.989548,140.04051,0.4612222,44.0725,-1.8472234,-0.56588125,40,20,1,9,0.023396615,0.0155196795,10.511716,0.0077318763,0.0026769782,-0.0044834614,0.008310317993164062,0.009442606181103054,True
9520,-11,2.5404441,1.8567414,1,2,42.989548,140.04051,0.2828892,56.468037,1.8563013,2.5439303,39,15,1,7,0.011815238,0.013686897,7.152906,0.0039909123,0.0027677596,-0.0004401207,0.003486156463623047,0.0035138288399988163,True
9521,11,1.5833212,2.236065,2,2,78.25259,373.70227,0.8329481,100.210976,2.2340891,1.5824403,50,19,1,9,0.01794141,0.014028269,12.272267,0.0039767786,0.0025964421,-0.0019757748,0.0008809566497802734,0.0021632777177277435,True
9521,-11,-1.5680232,-2.2550757,1,2,78.25259,373.70227,0.34343722,82.5264,-2.2595417,-1.5700728,42,21,1,9,0.019551922,0.016851341,15.076193,0.004237049,0.0029387046,-0.004466057,0.002049565315246582,0.004913896684379577,True
9522,-11,0.25136358,-2.2564852,1,2,10.515225,51.423283,0.21501535,17.191418,-2.2610512,0.23497479,40,21,1,5,0.036649063,0.020503037,11.042817,0.007938102,0.004263413,-0.004565954,0.01638878881931305,0.017012946151098152,True
9522,11,-2.818969,2.2837145,2,2,10.515225,51.423283,0.5867303,15.109673,2.2870617,-2.8148549,41,27,1,7,0.030691383,0.029583933,13.54907,0.0063650175,0.003543696,0.0033471584,0.0041141510009765625,0.005303744712082916,True
9523,11,-0.6599354,-1.9639987,2,2,46.92032,170.86551,0.97467744,50.327637,-1.9613695,-0.673629,40,19,1,7,0.017155815,0.024880372,7.6981435,0.005130496,0.0026612913,0.0026291609,0.013693571090698242,0.013943685896045332,True
9523,-11,2.459809,1.9683746,1,2,46.92032,170.86551,0.24017255,62.799194,1.967252,2.4559155,51,19,1,7,0.020007314,0.016411413,9.894568,0.006076457,0.0031767006,-0.0011225939,0.003893613815307617,0.004052214894015706,True
9524,11,1.9204117,-2.342396,2,2,86.84283,452.72485,0.24792239,103.022026,-2.34477,1.9178768,47,28,1,11,0.022688955,0.015384154,14.034416,0.0043624914,0.0027318662,-0.0023739338,0.0025348663330078125,0.0034729107271444563,True
9524,-11,-1.2292993,2.327673,1,2,86.84283,452.72485,0.6056436,113.242874,2.3294823,-1.2307963,51,26,1,11,0.024744816,0.0261818,11.569247,0.0049728155,0.0027679813,0.0018093586,0.001497030258178711,0.002348377752594251,True
9526,11,-2.579019,-2.382228,2,2,94.857895,512.85516,0.07409088,122.1704,-2.3915584,-2.5689216,42,28,1,13,0.032361005,0.020709137,9.321604,0.0058079986,0.002358708,-0.009330511,0.010097503662109375,0.013748382488374757,True
9526,-11,0.5554797,2.3620758,1,2,94.857895,512.85516,0.10368241,127.83585,2.3577712,0.553573,52,26,1,9,0.029209659,0.01853853,8.9795475,0.005778966,0.0035957654,-0.0043046474,0.0019066929817199707,0.004708021730066645,True
9529,11,-0.70832765,2.0201955,2,2,72.19367,272.15903,0.24231674,84.40514,2.0187116,-0.70937175,49,24,1,9,0.018315876,0.016036112,11.432622,0.00523996,0.0032843598,-0.0014839172,0.0010440945625305176,0.0018144265815340926,True
9529,-11,2.4196253,-1.9843898,1,2,72.19367,272.15903,0.38984892,86.75868,-1.9869366,2.4142945,41,19,1,9,0.018622553,0.01680021,8.192963,0.0053069247,0.0029439742,-0.0025467873,0.005330801010131836,0.005907923877297791,True
9530,11,-0.57587624,1.8426673,2,2,12.154768,40.092365,0.26962996,20.82282,1.8491876,-0.56970483,34,18,1,7,0.025275582,0.02118167,12.632942,0.008456781,0.004076994,0.0065202713,0.00617140531539917,0.00897776032758736,True
9530,-11,2.47178,-1.8841295,1,2,12.154768,40.092365,0.88353866,8.562491,-1.8838377,2.5097694,38,14,1,7,0.029298034,0.01956514,12.094383,0.009554682,0.0045724427,0.00029182434,0.03798937797546387,0.03799049881758009,True
9531,-11,0.652967,2.9367316,1,2,48.827732,454.99628,0.9650007,57.023987,2.9323614,0.6403414,52,17,1,13,0.02759509,0.01569022,17.682339,0.0030359437,0.0022131598,-0.0043702126,0.012625575065612793,0.013360535291871053,True
9531,11,-2.4806924,-2.9079769,2,2,48.827732,454.99628,0.9606031,51.935196,-2.9266088,-2.4580412,52,34,1,9,0.027991157,0.0218746,28.163416,0.0030346785,0.0027804994,-0.018631935,0.022651195526123047,0.029329603886776634,True
9532,-11,-0.17313084,2.2558372,1,2,50.175926,242.72028,0.9193746,63.97862,2.2535484,-0.1794981,42,24,1,9,0.01997442,0.02062777,6.803827,0.0043415762,0.0027778528,-0.0022888184,0.0063672661781311035,0.006766148687797537,True
9532,11,2.9835541,-2.2615151,2,2,50.175926,242.72028,0.9490898,63.36557,-2.2597268,2.9780493,42,20,1,9,0.021956153,0.023757542,12.673158,0.0047352435,0.0026662857,0.0017883778,0.0055048465728759766,0.005788059325292696,True
9533,11,-0.48471284,2.1640077,2,2,86.58101,377.56213,0.586457,107.66584,2.164587,-0.48299888,36,22,1,9,0.019498622,0.011196581,8.303155,0.004697647,0.002686213,0.00057935715,0.0017139613628387451,0.0018092313996101311,True
9533,-11,2.647104,-2.1409206,1,2,86.58101,377.56213,0.032335337,114.3116,-2.1399906,2.647553,41,22,1,9,0.023591753,0.02272326,10.055306,0.0059303744,0.0032080766,0.0009300709,0.0004489421844482422,0.0010327540468865676,True
9535,11,2.8507714,1.6512008,2,2,6.8277235,18.608952,0.08983653,11.471581,1.6436548,2.8802605,40,20,1,9,0.046277456,0.04756501,27.243685,0.021108922,0.0022799566,-0.007545948,0.02948904037475586,0.030439198965255366,True
9535,-11,-0.49817193,-1.6729267,1,2,6.8277235,18.608952,0.28654376,9.535866,-1.6865505,-0.53168505,46,18,1,5,0.035506744,0.027697004,14.467626,0.014190874,0.0034813045,-0.013623834,0.03351312875747681,0.03617649303613978,True
9536,11,-1.0360993,1.992205,2,2,52.254,194.67854,0.20090201,62.13236,1.9947737,-1.0392611,49,17,1,9,0.01731611,0.017100606,6.9585733,0.0049934997,0.0027882159,0.0025687218,0.003161787986755371,0.004073724902820572,True
9536,-11,2.0863342,-1.9875546,1,2,52.254,194.67854,0.30674228,63.654633,-1.9902911,2.0908842,34,17,1,9,0.017408632,0.01274889,6.568366,0.0049586464,0.002920223,-0.0027365685,0.004549980163574219,0.0053095316317127465,True
9538,11,-0.40213954,1.9757065,2,2,90.51969,333.03915,0.58330333,110.56461,1.975288,-0.40151376,42,24,1,9,0.018952224,0.018011706,8.428719,0.005536747,0.0028326153,-0.0004184246,0.0006257891654968262,0.0007527889683237755,True
9538,-11,2.728249,-1.9779801,1,2,90.51969,333.03915,0.94790244,108.658585,-1.9771762,2.72988,40,20,1,7,0.015647361,0.017146293,5.9931855,0.0046710507,0.0032154147,0.00080394745,0.001631021499633789,0.0018183956204819356,True
9541,11,-0.6087184,2.2291465,2,2,58.55935,280.11713,0.66301686,72.47583,2.2337222,-0.5996027,43,22,1,11,0.020940533,0.015774122,10.946554,0.0047132424,0.003005665,0.0045757294,0.00911569595336914,0.010199667248632357,True
9541,-11,2.5197554,-2.2656326,1,2,58.55935,280.11713,0.9823963,75.12322,-2.2609866,2.517932,49,25,1,11,0.031826213,0.023083558,10.267325,0.007090796,0.0023751848,0.004646063,0.00182342529296875,0.004991070001231435,True
9544,11,-0.04361859,2.6248806,2,2,35.131596,241.60182,0.9977515,46.10604,2.6292858,-0.04937589,52,27,1,11,0.02436298,0.022601876,15.612421,0.003568195,0.0027558138,0.00440526,0.0057573020458221436,0.007249333952927444,True
9544,-11,3.0829659,-2.6072361,1,2,35.131596,241.60182,0.5422899,53.208927,-2.606956,3.0744252,52,28,1,9,0.0426135,0.02771393,17.672644,0.0062602023,0.0032908577,0.00028014183,0.008540630340576172,0.00854522358160013,True
9546,11,1.136586,1.5880045,2,2,99.39647,249.50221,0.6687284,118.0112,1.5871542,1.1346046,50,16,1,9,0.0108049335,0.011703427,7.641895,0.0051238565,0.0028171383,-0.00085031986,0.001981377601623535,0.002156131038304082,True
9546,-11,-2.0206726,-1.5548183,1,2,99.39647,249.50221,0.7678673,117.951935,-1.5551194,-2.0196261,49,18,1,9,0.012724391,0.012596145,9.694617,0.006236382,0.0029706948,-0.00030112267,0.0010464191436767578,0.0010888837788643815,True
9550,11,2.3348022,-1.9875618,2,2,27.492193,101.35674,0.8788341,30.038403,-1.991775,2.3323183,39,18,1,7,0.024612295,0.022008272,12.243401,0.006926535,0.0029406347,-0.004213214,0.002483844757080078,0.004890874845923941,True
9550,-11,-0.84357274,1.9705664,1,2,27.492193,101.35674,0.5118791,40.774376,1.9676559,-0.84210956,37,20,1,9,0.02538848,0.023889024,8.922335,0.0076394617,0.0027049526,-0.0029104948,0.001463174819946289,0.003257585078835318,True
9551,-11,-2.383193,-2.1850884,1,2,48.101685,221.03955,0.16388886,59.951267,-2.1841764,-2.3784027,38,24,1,9,0.017140757,0.014604094,7.026954,0.004028562,0.0029902617,0.00091195107,0.004790306091308594,0.0048763395281192865,True
9551,11,0.7750361,2.2276535,2,2,48.101685,221.03955,0.38726863,67.385284,2.231919,0.7797909,41,22,1,9,0.023204809,0.019297887,11.394204,0.005164721,0.0030186595,0.004265547,0.004754781723022461,0.006387709935019682,True
9554,-11,-0.7549228,-1.7381872,1,2,52.4141,152.86688,0.70389277,69.00127,-1.7375333,-0.7607577,40,26,1,7,0.020790333,0.024166333,10.883949,0.008027458,0.0031563905,0.00065386295,0.0058348774909973145,0.005871399499462238,True
9554,11,2.4116616,1.7274184,2,2,52.4141,152.86688,0.38418865,63.237274,1.7272146,2.4137387,36,22,1,9,0.015157107,0.017700542,6.8191466,0.005972596,0.0030617863,-0.00020384789,0.0020771026611328125,0.002087081556901343,True
9555,11,-1.6820695,2.7967694,2,2,72.97729,595.3008,0.31698036,71.68858,2.8074481,-1.6998082,52,32,1,15,0.043057762,0.020998642,16.266293,0.0050054607,0.0033735812,0.010678768,0.017738699913024902,0.020705013054026413,True
9555,-11,1.45351,-2.7798815,1,2,72.97729,595.3008,0.94634813,89.255264,-2.781713,1.4528165,52,28,1,9,0.030431088,0.024122424,12.797921,0.0037760502,0.0030143685,-0.0018315315,0.0006935596466064453,0.001958451610129201,True
9556,11,2.1769166,1.7896935,2,2,98.009834,301.15897,0.032181613,113.99434,1.790302,2.1765933,38,17,1,11,0.015045607,0.012906894,7.4592533,0.005495791,0.0029519724,0.0006085634,0.00032329559326171875,0.0006891077320824656,True
9556,-11,-0.9772775,-1.7865644,1,2,98.009834,301.15897,0.37089208,114.91222,-1.7860277,-0.97784966,38,22,1,9,0.0150599945,0.013791502,6.983653,0.0056443643,0.0028219873,0.0005366802,0.0005721449851989746,0.0007844587588264077,True
9558,11,-1.1545311,2.6160593,2,2,91.57536,624.69104,0.943907,115.72599,2.6205518,-1.1377463,51,25,1,9,0.028000662,0.018809816,12.113769,0.0041257073,0.002752306,0.0044925213,0.01678478717803955,0.017375610162386944,True
9558,-11,1.9812387,-2.5996647,1,2,91.57536,624.69104,0.5884384,112.46379,-2.598916,1.9911569,52,21,1,9,0.03362738,0.026632754,12.1318035,0.0049554906,0.0027505492,0.00074863434,0.009918212890625,0.009946426509875792,True
9559,11,1.9137983,1.6037862,2,2,40.66628,105.57532,0.56656736,51.597164,1.6054447,1.912707,45,14,1,7,0.019279566,0.020768382,11.413416,0.009143255,0.0028471616,0.0016584396,0.0010913610458374023,0.0019853188558494974,True
9559,-11,-1.2646661,-1.6119957,1,2,40.66628,105.57532,0.22489402,50.121418,-1.6139635,-1.2654785,36,18,1,9,0.012117655,0.018436307,5.985569,0.005427854,0.0026742243,-0.0019677877,0.0008124113082885742,0.002128896623440409,True
9561,11,-1.8826209,-1.7886925,2,2,83.55057,254.77231,0.06984836,96.56405,-1.7876508,-1.878992,34,20,1,9,0.016475443,0.01643677,6.3669524,0.0060043246,0.0029723155,0.0010416508,0.003628969192504883,0.003775507075124037,True
9561,-11,1.2440776,1.7714621,1,2,83.55057,254.77231,0.89518714,98.235016,1.7731293,1.2450612,49,15,1,11,0.011178073,0.021270204,5.883904,0.0041787126,0.0030204116,0.0016672611,0.000983595848083496,0.0019357738478402973,True
9562,-11,1.6603122,1.699744,1,2,72.9521,207.11407,0.40862575,89.14748,1.700238,1.6614193,49,18,1,9,0.017244082,0.012157089,7.159143,0.0071486505,0.0033551797,0.0004940033,0.0011070966720581055,0.0012123127886979712,True
9562,11,-1.4627475,-1.7083968,2,2,72.9521,207.11407,0.84863454,83.08648,-1.7084445,-1.4614191,38,18,1,9,0.010304613,0.01645733,5.8460064,0.0041102637,0.0025795682,-4.7683716e-05,0.0013283491134643555,0.0013292046885246725,True
9564,-11,1.02216,1.4827468,1,2,84.45519,196.97986,0.9967968,5.8663263,1.5110071,1.0259235,38,17,1,3,0.017753785,0.04037196,12.570166,0.009070886,0.0043830373,0.028260231,0.003763437271118164,0.02850971968256842,True
9564,11,-2.0992544,-1.4984334,2,2,84.45519,196.97986,0.93237597,85.9833,-1.5000956,-2.0966606,36,15,1,7,0.008145137,0.016867582,6.1932893,0.0041698646,0.0027038895,-0.0016622543,0.0025937557220458984,0.003080691191092087,True
9566,-11,-0.9288922,-1.4893199,1,2,62.083893,144.19441,0.92476773,53.19549,-1.4914923,-0.9140195,38,14,1,7,0.013313568,0.02002686,6.5270996,0.0067488556,0.002339356,-0.0021723509,0.01487267017364502,0.015030483240428185,True
9569,-11,1.388717,2.293753,1,2,34.03803,170.07797,0.4464431,45.2658,2.2987165,1.3840362,40,24,1,9,0.029153598,0.030568212,13.245472,0.0059151123,0.0029928884,0.0049636364,0.0046808719635009766,0.0068226276552205666,True
9569,11,-1.7313417,-2.2898066,2,2,34.03803,170.07797,0.7136633,43.42861,-2.28825,-1.7361724,40,23,1,7,0.019874323,0.018349158,9.089238,0.004169373,0.0026084208,0.0015566349,0.004830718040466309,0.005075327472266017,True
9570,11,-2.9464135,2.9746203,2,2,64.286255,639.3033,0.010506941,66.97708,2.9613855,-2.963851,52,35,1,13,0.022433676,0.006877561,13.398463,0.0024042483,0.0009077441,-0.013234854,0.017437458038330078,0.021891238036863707,True
9570,-11,0.18958792,-3.000842,1,2,64.286255,639.3033,0.0047545983,39.56228,-2.9814367,0.20950437,52,24,1,47,0.022693913,0.044091374,46.176685,0.0023170824,0.0012083118,0.019405365,0.019916445016860962,0.02780706669107593,True
9571,-11,2.3164933,-1.6271359,1,2,52.947624,139.81265,0.6466083,62.448647,-1.6277188,2.3062658,50,16,1,7,0.014680913,0.012659748,7.6081204,0.006634452,0.0024338672,-0.0005829334,0.010227441787719727,0.010244041043466736,True
9571,11,-0.79734033,1.6253151,2,2,52.947624,139.81265,0.28722095,69.68271,1.6214286,-0.79948205,51,16,1,9,0.025932912,0.014467457,16.049053,0.012469792,0.0023289074,-0.0038864613,0.002141714096069336,0.00443751290439052,True
9572,11,-0.54927486,-2.912599,2,2,78.450325,726.9154,0.90393585,86.32688,-2.9078808,-0.54943925,52,21,1,11,0.024890037,0.0061573233,19.4665,0.0026355633,0.0007527294,0.0047183037,0.00016438961029052734,0.0047211665229328625,True
9572,-11,2.5873163,2.9205532,1,2,78.450325,726.9154,0.18487611,66.34696,2.9317026,2.6132336,52,38,1,11,0.020824203,0.016186323,25.738894,0.0022586987,0.0014796696,0.011149406,0.02591729164123535,0.028213742683201114,True
9576,11,0.82471,2.2746928,2,2,87.0366,421.71115,0.5835536,101.890884,2.2786322,0.82495224,47,26,1,9,0.023310991,0.018398453,8.970693,0.004745773,0.0026727358,0.00393939,0.0002422332763671875,0.003946830673847363,True
9576,-11,-2.3255942,-2.246162,1,2,87.0366,421.71115,0.25998756,108.66034,-2.2491045,-2.3202693,51,17,1,11,0.017146282,0.013077955,8.333809,0.003743468,0.0028514653,-0.002942562,0.005324840545654297,0.0060837980194020065,True
9579,-11,-1.9903526,2.8027425,1,2,89.681526,734.4987,0.77319425,115.16809,2.8036728,-1.9772632,52,38,1,9,0.03164808,0.025569027,14.302133,0.003818577,0.002968413,0.0009303093,0.013089418411254883,0.013122436882320261,True
9579,11,1.1561842,-2.7820146,2,2,89.681526,734.4987,0.8267995,82.88233,-2.7952483,1.1727277,50,25,1,9,0.025467252,0.016575834,9.284717,0.003198896,0.002971574,-0.013233662,0.01654350757598877,0.021185311887266932,True
9580,11,-2.7512789,-1.5715755,2,2,19.616465,48.724556,0.4767741,26.878798,-1.5722826,-2.7454286,47,17,1,7,0.014973496,0.019691685,11.245184,0.007028891,0.0031315838,-0.0007070303,0.005850315093994141,0.005892883718921255,True
9580,-11,0.30980512,1.5485493,1,2,19.616465,48.724556,0.44963592,23.762638,1.5486298,0.3084761,42,17,1,7,0.013220172,0.021966137,9.459656,0.0064212973,0.002622895,8.046627e-05,0.0013290345668792725,0.0013314682499555102,True
9584,11,-1.1959138,-2.2808058,2,2,58.88708,294.8417,0.92884064,69.19143,-2.2853115,-1.1977539,42,23,1,7,0.025790421,0.02309759,10.086512,0.005416684,0.0031741655,-0.0045056343,0.0018401145935058594,0.004866904766485223,True
9585,11,2.5663311,-2.141193,2,2,64.90718,281.65173,0.63818055,78.402596,-2.1387706,2.5674248,37,23,1,11,0.021653185,0.009907331,7.9025507,0.0052567734,0.003107911,0.0024223328,0.0010936260223388672,0.0026577648305850833,True
9588,11,2.164629,2.7487402,2,2,58.517406,464.27393,0.8398507,63.51528,2.741561,2.1987503,47,27,1,9,0.027157655,0.021939475,12.186682,0.0035538415,0.0028397928,-0.0071792603,0.03412127494812012,0.03486836936076202,True
9588,-11,-0.9847812,-2.772008,1,2,58.517406,464.27393,0.4442373,69.57296,-2.7726903,-0.97411144,52,22,1,9,0.031623982,0.016999904,14.756474,0.003846438,0.0025918023,-0.000682354,0.0106697678565979,0.010691564574873458,True
9589,-11,-2.6418858,-1.4718101,1,2,21.5078,49.03549,0.619964,2.645654,-1.4775603,-2.645884,47,9,1,40,0.025662534,0.065184616,44.44024,0.013834453,0.0008790184,-0.0057501793,0.003998279571533203,0.007003627845607783,True
9590,-11,2.6938372,1.7479362,1,2,69.29007,204.3966,0.10915522,86.25868,1.7494261,2.69618,36,15,1,11,0.014458808,0.009778811,6.0299134,0.005447845,0.0029570775,0.0014898777,0.0023429393768310547,0.0027765266845503293,True
9590,11,-0.4290921,-1.7418108,2,2,69.29007,204.3966,0.26908353,86.85768,-1.7396035,-0.42527378,42,22,1,7,0.014394169,0.013000659,7.2458243,0.005684831,0.0028422559,0.0022072792,0.003818333148956299,0.0044104137333466735,True
9591,-11,-0.23597482,2.4856055,1,2,3.4857285,20.802748,0.44034413,15.359647,2.4728167,-0.23396657,41,27,1,7,0.042473108,0.05384064,23.221504,0.0073731076,0.0043433732,-0.012788773,0.0020082443952560425,0.012945491342277852,True
9591,11,3.080481,-2.4619908,2,2,3.4857285,20.802748,0.041222483,9.575501,-2.4701588,3.1011577,51,19,1,3,0.03686796,0.045542717,18.946651,0.0063581187,0.0040418194,-0.008167982,0.020676612854003906,0.022231469857641205,True
9596,11,0.7174035,-2.7053587,2,2,88.34225,667.97723,0.49520117,109.47149,-2.704555,0.7205054,52,27,1,9,0.023320591,0.021937165,13.521245,0.0031834133,0.0027113184,0.00080370903,0.003101944923400879,0.003204373653767509,True
9596,-11,-2.4295921,2.7182486,1,2,88.34225,667.97723,0.9774652,116.488434,2.7080495,-2.4238424,51,29,1,11,0.03867414,0.020271182,18.162964,0.0054577906,0.0028527936,-0.01019907,0.005749702453613281,0.011708121311744344,True
9599,-11,0.7572704,-2.9242246,1,2,85.57277,793.11835,0.4888325,52.14856,-2.9069006,0.7787749,51,15,1,15,0.02551604,0.006823547,11.849515,0.0028029552,0.002027162,0.01732397,0.021504521369934082,0.02761456844646498,True
9599,11,-2.379777,2.9094913,2,2,85.57277,793.11835,0.47572505,103.66151,2.9139924,-2.377192,52,38,1,11,0.023824835,0.023949541,17.800032,0.002558214,0.0019957277,0.0045011044,0.0025849342346191406,0.00519055154620276,True
9602,11,-0.64704865,-1.5681387,2,2,26.640839,66.568756,0.12308092,36.635883,-1.5685147,-0.6439327,40,21,1,9,0.022586878,0.026301645,13.493825,0.010600934,0.002558423,-0.0003759861,0.0031159520149230957,0.003138554206338866,True
9602,-11,2.4356937,1.5646393,1,2,26.640839,66.568756,0.19915302,35.845745,1.5646926,2.4356225,52,17,1,7,0.026940636,0.020871403,19.726482,0.013613669,0.0028346067,5.3286552e-05,7.128715515136719e-05,8.900177054061842e-05,True
9603,11,1.4110669,2.889581,2,2,84.3127,750.4522,0.55895823,93.49063,2.8906777,1.4060811,52,20,1,9,0.02959901,0.013844211,19.618832,0.0032669778,0.0027307153,0.0010967255,0.004985809326171875,0.0051050074808992344,True
9603,-11,-1.7353461,-2.8628433,1,2,84.3127,750.4522,0.20866801,87.06482,-2.8451743,-1.7170643,44,24,1,9,0.03980012,0.018979467,9.899446,0.0048668757,0.0025398436,0.017668962,0.01828181743621826,0.025424733978609202,True
9604,-11,-2.972195,-2.6853478,1,2,6.4678445,46.292583,0.093424186,16.767773,-2.6585069,-2.9660318,52,28,1,5,0.053145163,0.048668586,29.557537,0.007698605,0.004758977,0.026840925,0.006163120269775391,0.027539414286856714,True
9604,11,0.24768811,2.628724,2,2,6.4678445,46.292583,0.5771508,11.897163,2.634294,0.23669179,50,28,1,7,0.030326378,0.030885195,23.549797,0.0044915685,0.0028796426,0.005569935,0.010996326804161072,0.012326531431581083,True
9605,11,-1.9413579,-2.7440963,2,2,77.85441,618.3685,0.5898789,98.2681,-2.7437532,-1.9550984,49,32,1,11,0.023819057,0.023666611,10.44653,0.0031567246,0.0020957526,0.00034308434,0.01374053955078125,0.013744822079886325,True
9608,11,-0.7234659,-2.8487191,2,2,33.197033,281.5363,0.46595052,29.602863,-2.832816,-0.7470677,52,22,1,11,0.040766407,0.0077205924,21.810417,0.005130891,0.0022532288,0.015903234,0.023601770401000977,0.02845973356880192,True
9608,-11,2.4053142,2.806654,1,2,33.197033,281.5363,0.1674252,50.412617,2.7921526,2.4038956,52,31,1,11,0.042659916,0.02782218,15.07252,0.005414799,0.0035919754,-0.014501333,0.0014185905456542969,0.014570554684415328,True
9609,-11,-1.0427352,-1.5521888,1,2,21.449808,52.428062,0.74260145,21.084484,-1.5529699,-1.0251625,41,15,1,7,0.015861778,0.019015655,10.421413,0.007699007,0.0028590811,-0.0007811785,0.017572760581970215,0.017590115243111465,True
9609,11,2.173933,1.532618,2,2,21.449808,52.428062,0.3310366,25.794445,1.5375214,2.1794531,43,19,1,5,0.019921454,0.026715988,14.811622,0.0096847,0.003031746,0.0049033165,0.0055201053619384766,0.007383364792366196,True
9610,11,1.9850131,2.4240496,2,2,19.257086,108.21861,0.8631562,22.68099,2.4151542,1.9836756,49,19,1,9,0.040070046,0.011139326,15.028561,0.007648957,0.0027497103,-0.008895397,0.0013375282287597656,0.008995391744500135,True
9610,-11,-1.1902909,-2.3990266,1,2,19.257086,108.21861,0.58764,30.94578,-2.402104,-1.195853,41,24,1,7,0.04115236,0.026828658,14.84527,0.007654345,0.003613079,-0.0030772686,0.0055620670318603516,0.006356584940375815,True
9611,-11,-2.6732888,-2.4230077,1,2,34.38206,199.73692,0.2905724,42.824207,-2.424542,-2.67273,44,15,1,9,0.026542714,0.011771924,7.4801664,0.0048440536,0.0022269688,-0.0015342236,0.0005588531494140625,0.0016328376242428517,True
9611,11,0.48654705,2.4677875,2,2,34.38206,199.73692,0.3190034,54.57999,2.4735155,0.4738952,45,27,1,7,0.042644855,0.033807524,23.67914,0.0069958945,0.0031999194,0.0057280064,0.01265186071395874,0.013888111364460576,True
9612,11,0.03290665,2.9906068,2,2,69.476845,702.757,0.02529648,39.803394,2.9822145,0.01733336,52,7,1,15,0.017349696,0.0142326085,14.45517,0.0017182386,2.9650704e-09,-0.008392334,0.0155732911080122,0.01769063779630874,True
9614,11,1.50342,2.363041,2,2,14.913935,80.14581,0.1554307,22.428429,2.3543377,1.5136082,42,24,1,7,0.040014353,0.025565064,12.046514,0.007844377,0.0034677726,-0.008703232,0.01018822193145752,0.013399481573992582,True
9614,-11,-1.6837198,-2.3689938,1,2,14.913935,80.14581,0.20161174,19.747992,-2.36189,-1.6893436,40,17,1,7,0.02579338,0.019855462,8.54434,0.0050200126,0.0032463032,0.0071036816,0.005623817443847656,0.009060331886721994,True
9615,-11,-0.48700082,2.702341,1,2,13.053749,99.26115,0.24544805,19.238363,2.7062478,-0.5087353,48,18,1,7,0.033189233,0.020325366,18.61232,0.004536194,0.0036636293,0.003906727,0.02173447608947754,0.022082797948558722,True
9615,11,2.6910381,-2.7329574,2,2,13.053749,99.26115,0.7250113,15.021911,-2.7265542,2.6888824,44,15,1,9,0.031806055,0.010206048,13.383723,0.004275259,0.0032833796,0.006403208,0.002155780792236328,0.00675636438611737,True
9616,-11,-3.0253742,-2.676173,1,2,22.928204,168.68118,0.68730325,33.787987,-2.6734736,-3.0198042,41,27,1,9,0.03577718,0.033363648,14.223584,0.005171352,0.0022975015,0.0026993752,0.005569934844970703,0.006189571888608616,True
9616,11,0.13764255,2.6922092,2,2,22.928204,168.68118,0.86119443,34.899326,2.6991823,0.14226994,52,30,1,9,0.042797174,0.03268256,20.816679,0.0056086616,0.0031479064,0.006973028,0.004627391695976257,0.008368743985319862,True
9617,11,0.99761164,1.7654934,2,2,84.35938,253.40372,0.13405661,103.33042,1.765744,1.0000644,39,18,1,9,0.015039656,0.011210645,8.377389,0.0054872106,0.002565957,0.00025057793,0.0024527311325073242,0.002465497780507565,True
9617,-11,-2.159009,-1.7627481,1,2,84.35938,253.40372,0.3805158,107.927795,-1.7634513,-2.1578994,41,18,1,11,0.020147111,0.015469979,9.074105,0.008001402,0.002543152,-0.0007032156,0.0011096000671386719,0.0013136683270691606,True
9618,11,1.2882812,2.2463062,2,2,72.60128,350.70657,0.8938427,96.90702,2.2453067,1.2896879,45,24,1,9,0.024886865,0.023522224,9.830207,0.005490397,0.0032196234,-0.0009994507,0.0014066696166992188,0.0017255784767667742,True
9618,-11,-1.8638232,-2.2682798,1,2,72.60128,350.70657,0.4472056,92.49927,-2.2668915,-1.8637524,42,28,1,9,0.027422305,0.024996132,13.807536,0.0060679656,0.0030319612,0.0013883114,7.081031799316406e-05,0.0013901160200102353,True
9622,11,-2.3689225,1.9708163,2,2,90.04969,327.68307,0.9609147,98.64776,1.9726491,-2.357136,44,16,1,7,0.01635348,0.013599405,6.253045,0.004900828,0.0024466324,0.0018328428,0.011786460876464844,0.011928116901092828,True
9622,-11,0.7612908,-1.9600158,1,2,90.04969,327.68307,0.9333732,107.50609,-1.9595488,0.76271904,36,19,1,7,0.012792039,0.023457197,7.6085787,0.0038166223,0.002450916,0.0004669428,0.0014282464981079102,0.0015026388873738026,True
9624,11,2.906467,2.5457084,2,2,2.7619333,17.683199,0.08388293,11.023019,2.544248,2.9116511,42,26,1,9,0.0653976,0.03809552,22.180899,0.010419456,0.0055309124,-0.0014603138,0.005184173583984375,0.005385923512057888,True
9625,11,1.0258424,2.708319,2,2,68.34779,513.8733,0.13555825,91.25069,2.7111053,1.0312408,51,28,1,11,0.048357084,0.03102139,16.437172,0.0060806554,0.0028436251,0.002786398,0.005398392677307129,0.006075084928454593,True
9625,-11,-2.1227608,-2.7038155,1,2,68.34779,513.8733,0.7148809,88.21655,-2.6975837,-2.1337242,44,30,1,9,0.031814966,0.016691059,9.920434,0.0042086476,0.0030024378,0.006231785,0.01096343994140625,0.012610795335352873,True
9626,11,2.2586884,-2.8758667,2,2,31.706533,277.78598,0.14216168,37.86188,-2.8824592,2.279154,52,38,1,9,0.03187079,0.023201149,24.605019,0.003454692,0.0025145952,-0.006592512,0.020465612411499023,0.021501221059745203,True
9629,-11,1.3305036,2.7235682,1,2,51.121185,390.3487,0.18018153,65.99728,2.7223918,1.3191625,51,28,1,11,0.044465154,0.020019216,17.704504,0.0059683262,0.0040407563,-0.0011763573,0.011341094970703125,0.011401940692685273,True
9629,11,-1.801772,-2.7197883,2,2,51.121185,390.3487,0.9282886,65.35665,-2.7189023,-1.7900457,50,26,1,9,0.02731364,0.024926633,11.840879,0.0036511703,0.0017146135,0.00088596344,0.0117262601852417,0.011759681507119889,True
9630,-11,-0.2610648,2.8049119,1,2,29.026018,243.02432,0.5612883,28.735949,2.7991219,-0.25231057,49,14,1,11,0.024435911,0.012601971,14.7580385,0.0030584042,0.0024223789,-0.005789995,0.008754223585128784,0.010495736010750868,True
9630,11,2.8954325,-2.8242629,2,2,29.026018,243.02432,0.86657023,44.290833,-2.823734,2.9174128,52,30,1,9,0.039128214,0.022102794,17.67421,0.004599546,0.0029932861,0.0005288124,0.02198028564453125,0.02198664593744381,True
9634,11,3.053275,-1.5541201,2,2,30.827808,75.806755,0.98016745,35.06478,-1.5551736,3.0407026,45,13,1,7,0.01434847,0.018954411,8.083401,0.007135616,0.0027770184,-0.0010535717,0.012572526931762695,0.012616594101512018,True
9634,-11,-0.14015071,1.5436131,1,2,30.827808,75.806755,0.2939286,31.745623,1.5434761,-0.1450886,46,16,1,11,0.02019785,0.021143345,19.055367,0.010380946,0.0027462733,-0.00013697147,0.004937887191772461,0.00493978654430294,True
9635,-11,1.191104,-2.7352693,1,2,65.60539,516.22614,0.89894956,67.02515,-2.734004,1.2075517,49,21,1,9,0.023401134,0.01640387,13.702593,0.0030310405,0.0027006895,0.0012652874,0.01644766330718994,0.01649625958854449,True
9635,11,-1.9435706,2.7689695,2,2,65.60539,516.22614,0.4508088,78.92418,2.753721,-1.9551682,48,32,1,9,0.02857579,0.01952696,12.839058,0.0038182316,0.0020335547,-0.015248537,0.011597633361816406,0.019157843796601518,True
9636,11,-1.1448509,-2.1285188,2,2,53.9368,230.75069,0.084577896,76.72857,-2.1366549,-1.1453097,50,25,1,9,0.030119982,0.02452808,16.144873,0.0072596082,0.0032734443,-0.008136034,0.00045883655548095703,0.008148961780245143,True
9636,-11,1.9807479,2.13697,1,2,53.9368,230.75069,0.14931999,63.457825,2.1363719,1.9848816,46,21,1,11,0.016963093,0.016940575,11.434303,0.004172355,0.0026636184,-0.0005981922,0.004133701324462891,0.004176759577221554,True
9637,11,0.29826185,1.604219,2,2,65.87548,171.523,0.61624765,79.21974,1.6064142,0.3011546,47,17,1,7,0.011110346,0.013666737,6.1974854,0.005008842,0.0027873085,0.002195239,0.0028927624225616455,0.003631411430944965,True
9637,-11,-2.8660047,-1.6178734,1,2,65.87548,171.523,0.9086715,75.35303,-1.6174177,-2.859476,44,16,1,11,0.016094537,0.009655417,10.1967125,0.007465244,0.0027455473,0.0004557371,0.006528615951538086,0.006544503232462448,True
9640,11,2.3929644,1.9969193,2,2,44.271572,162.32312,0.9974471,55.61814,1.9954716,2.383391,49,18,1,9,0.020447034,0.02268973,8.600533,0.0058454867,0.0029072904,-0.0014476776,0.00957345962524414,0.009682298263601875,True
9642,-11,-0.28632158,2.4459674,1,2,99.691,595.0993,0.62277055,117.811485,2.4467516,-0.28612432,45,22,1,11,0.022773266,0.019664662,6.6707087,0.0041391375,0.0029387032,0.0007841587,0.00019726157188415527,0.0008085895157499846,True
9643,-11,2.343466,1.9333422,1,2,36.74304,127.61529,0.38633385,45.66609,1.928844,2.3379757,41,15,1,7,0.01789393,0.020970242,6.4556346,0.0055494024,0.0028707094,-0.0044982433,0.005490303039550781,0.007097719353959776,True
9643,11,-0.7687604,-1.9006655,2,2,36.74304,127.61529,0.47696728,46.191795,-1.9011022,-0.7615822,43,23,1,7,0.015816662,0.021148954,12.95379,0.00505436,0.0029632223,-0.00043666363,0.007178187370300293,0.007191456670719002,True
9644,11,-2.9519281,1.5710818,2,2,11.952022,29.93377,0.67428046,10.012616,1.5690762,-2.9501545,30,16,1,7,0.021909356,0.017657725,6.911563,0.010204444,0.0039344756,-0.002005577,0.0017735958099365234,0.00267730863938726,True
9645,-11,-1.5363517,-2.67415,1,2,12.410602,89.40071,0.18096304,20.69376,-2.6542566,-1.5467359,46,23,1,9,0.03259078,0.02425357,17.968506,0.0047033825,0.0026587944,0.019893408,0.010384202003479004,0.022440573492757153,True
9645,11,1.6456765,2.6518593,2,2,12.410602,89.40071,0.90682364,24.648434,2.6456933,1.651819,52,28,1,7,0.051104806,0.03566454,28.643047,0.0076145474,0.0031908324,-0.0061659813,0.0061424970626831055,0.008703424444373385,True
9650,-11,-3.0802565,2.0288026,1,2,32.79415,124.35048,0.43722832,44.33181,2.0340583,-3.0875833,35,21,1,7,0.021512844,0.026831409,7.8208003,0.0059824972,0.0028833044,0.005255699,0.007326841354370117,0.009016927245964555,True
9650,11,0.09123478,-1.9880146,2,2,32.79415,124.35048,0.8975591,41.233746,-1.99391,0.10446007,50,27,1,7,0.028454268,0.021146083,14.37126,0.007895435,0.0025447195,-0.005895376,0.013225287199020386,0.014479767993098287,True
9651,11,0.5282737,1.4840547,2,2,10.078135,23.248957,0.8236522,4.728262,1.4892513,0.5172349,32,9,1,3,0.008926323,0.010886861,5.3824,0.0046484866,0.002420438,0.0051965714,0.011038780212402344,0.01220077954332782,True
9652,11,-0.8198066,2.2421308,2,2,31.106504,146.34698,0.21336165,44.395287,2.2330856,-0.8146291,46,32,1,9,0.038939506,0.030241165,15.255013,0.009011781,0.0033298421,-0.009045124,0.005177497863769531,0.01042212822274702,True
9652,-11,2.296675,-2.218509,1,2,31.106504,146.34698,0.75782675,43.250183,-2.2207465,2.302777,49,21,1,11,0.031148873,0.02502973,12.249039,0.006852124,0.0028826063,-0.0022375584,0.006102085113525391,0.0064993930572059,True
9653,11,2.1561608,-2.9444864,2,2,10.660731,103.05662,0.11125496,13.905481,-2.9456792,2.1888385,52,11,1,13,0.03132275,0.008866292,19.89936,0.0034165743,0.0024255756,-0.0011928082,0.032677650451660156,0.0326994133016132,True
9653,-11,-1.020373,2.9741855,1,2,10.660731,103.05662,0.0,13.474999,2.9621236,-1.002292,52,17,1,9,0.028434377,0.03142919,37.37671,0.0030679177,0.0023400618,-0.012061834,0.018080949783325195,0.021734962530014626,True
9655,11,-1.0742053,1.6768122,2,2,59.749702,165.7896,0.4572598,76.77901,1.6772834,-1.0679723,46,16,1,11,0.013175764,0.013124303,8.2860775,0.005480534,0.0027177504,0.00047123432,0.0062329769134521484,0.006250764992341006,True
9655,-11,2.0441904,-1.6822891,1,2,59.749702,165.7896,0.8066839,74.06445,-1.682317,2.0438797,35,21,1,7,0.023113418,0.02226932,8.950341,0.010054133,0.0029641285,-2.7894974e-05,0.00031065940856933594,0.00031190927798549885,True
9656,11,-2.6794245,1.9654839,2,2,47.27423,172.39397,0.014382239,56.29779,1.9663894,-2.6829004,39,21,1,13,0.018582143,0.026698729,8.471218,0.0055022114,0.003047664,0.00090551376,0.0034759044647216797,0.003591916900991609,True
9656,-11,0.44052315,-1.9697815,1,2,47.27423,172.39397,0.6595698,53.35291,-1.9697217,0.44062012,41,17,1,11,0.0144043015,0.014512689,6.7163086,0.0043013915,0.0030771832,5.9843063e-05,9.697675704956055e-05,0.00011395474382183156,True
9657,11,-1.4474562,1.614797,2,2,93.67762,243.08777,0.11827035,93.43296,1.6136711,-1.4461652,47,16,1,11,0.015149206,0.0123975985,9.094551,0.0071378183,0.003232558,-0.0011259317,0.001291036605834961,0.0017130375903931909,True
9657,-11,1.6781516,-1.5999459,1,2,93.67762,243.08777,0.90768504,108.81985,-1.6008431,1.6749463,44,20,1,7,0.011836075,0.017348707,7.3650765,0.0054439087,0.0027910704,-0.0008971691,0.0032052993774414062,0.0033284916278448254,True
9658,11,2.2115786,-2.190404,2,2,72.23448,326.47052,0.97075784,83.97898,-2.1887686,2.2049341,41,21,1,13,0.019867176,0.018519428,8.457676,0.004587228,0.0023571455,0.001635313,0.006644487380981445,0.006842767073234115,True
9660,-11,0.06445204,-1.5242267,1,2,44.606125,108.35525,0.48867175,48.34361,-1.5283616,0.058132485,46,15,1,5,0.016205477,0.021940459,10.819026,0.0079024015,0.0028932113,-0.0041348934,0.006319552659988403,0.007552091719413695,True
9660,11,-3.0407853,1.5467293,2,2,44.606125,108.35525,0.49259004,55.095043,1.5479747,-3.0401878,42,17,1,9,0.015617792,0.0151746515,10.453666,0.0075300247,0.003135169,0.0012453794,0.0005974769592285156,0.0013812851522918774,True
9662,-11,-1.2260392,-2.195364,1,2,55.832203,256.25662,0.70237947,71.28457,-2.1960597,-1.2258999,45,24,1,7,0.018125517,0.024590936,8.959145,0.00417202,0.003055627,-0.0006957054,0.0001392364501953125,0.0007095018054093776,True
9662,11,1.9298985,2.2145336,2,2,55.832203,256.25662,0.5734296,83.745316,2.224843,1.9332713,41,27,1,9,0.04194099,0.028639456,14.92375,0.009061844,0.0034311502,0.010309458,0.003372788429260254,0.01084714803613225,True
9663,-11,-0.34808424,2.2265666,1,2,65.210846,302.46246,0.57367724,80.49829,2.226109,-0.3455451,42,28,1,9,0.02511888,0.020980928,8.337233,0.0056007784,0.0032587855,-0.00045752525,0.002539128065109253,0.0025800195131876298,True
9663,11,2.8056302,-2.2048712,2,2,65.210846,302.46246,0.67090476,82.91124,-2.2082248,2.8024542,36,17,1,9,0.022715954,0.017399553,7.2603483,0.0052505326,0.0028836536,-0.0033535957,0.003175973892211914,0.004618810916387866,True
9665,11,2.5912657,-1.6073794,2,2,66.70316,175.12553,0.4490173,71.22526,-1.6089191,2.5942514,47,14,1,9,0.015556254,0.013090842,14.342845,0.0069352454,0.0023056471,-0.0015397072,0.002985715866088867,0.003359344794000283,True
9665,-11,-0.57249224,1.6328193,1,2,66.70316,175.12553,0.9159714,64.02664,1.6329691,-0.56334066,50,14,1,13,0.011534891,0.009331692,7.7805495,0.0052428804,0.0024485767,0.00014984608,0.009151577949523926,0.009152804641911377,True
9668,11,-1.6118577,-2.5245595,2,2,82.306595,528.13995,0.6972957,98.33635,-2.5294666,-1.5889325,52,24,1,11,0.024650894,0.020115465,8.227835,0.004005168,0.002431069,-0.004907131,0.022925138473510742,0.023444443059451887,True
9668,-11,1.5228641,2.5677874,1,2,82.306595,528.13995,0.7648882,94.56235,2.5629861,1.5261616,47,24,1,11,0.021530747,0.021520363,7.5469546,0.0034528973,0.002827866,-0.0048012733,0.00329744815826416,0.005824550615418298,True
9669,11,-0.7700198,-2.4939046,2,2,14.70687,89.83449,0.72441465,28.461464,-2.4976537,-0.77775407,47,33,1,7,0.03897952,0.03808274,18.609564,0.0065546967,0.0038378653,-0.0037491322,0.007734239101409912,0.008595024537581323,True
9669,-11,2.3311055,2.4983015,1,2,14.70687,89.83449,0.9975904,17.073017,2.503775,2.3597274,43,24,1,9,0.039511226,0.02227507,14.394129,0.006581643,0.0031724428,0.0054733753,0.028621912002563477,0.029140550502165168,True
9670,11,-2.6461523,2.3386402,2,2,19.566671,101.63984,0.77320105,30.056736,2.3399673,-2.6342447,45,27,1,7,0.040786598,0.030354358,11.217691,0.008058076,0.0039673443,0.0013270378,0.011907577514648438,0.01198129507273425,True
9674,-11,-0.11261871,-2.6998334,1,2,97.62814,712.865,0.7587175,113.09453,-2.7030287,-0.10498681,52,25,1,11,0.02935199,0.017358856,10.879379,0.0039349427,0.0022192497,-0.0031952858,0.007631897926330566,0.008273797015628703,True
9674,11,3.0341165,2.6538153,2,2,97.62814,712.865,0.21452533,93.69126,2.6576731,3.0482333,48,26,1,13,0.03215575,0.018783472,10.719805,0.004678526,0.0028517747,0.003857851,0.014116764068603516,0.014634412961378846,True
9675,-11,2.305087,-2.47001,1,2,73.55066,432.8603,0.9147896,87.72916,-2.467359,2.3024166,49,20,1,9,0.021144781,0.019564196,7.984554,0.0036449805,0.003181476,0.0026509762,0.0026705265045166016,0.003762896021267674,True
9675,11,-0.8281303,2.4467182,2,2,73.55066,432.8603,0.8070516,93.92555,2.4529471,-0.8284475,43,19,1,9,0.023229972,0.022508467,7.2113905,0.003988387,0.0030191445,0.006228924,0.0003172159194946289,0.0062369958624811685,True
9676,11,-0.2880269,-2.9129992,2,2,93.04868,853.8938,0.9454795,100.85683,-2.9135623,-0.2965422,52,33,1,9,0.026340462,0.005807133,15.313474,0.0028752014,0.0020379175,-0.0005631447,0.00851529836654663,0.008533899355291613,True
9676,-11,2.8493419,2.9007392,1,2,93.04868,853.8938,0.41779333,109.95228,2.898227,2.8407488,52,38,1,9,0.026198661,0.02900054,18.748108,0.0028557673,0.0022087765,-0.0025122166,0.008593082427978516,0.008952781558917267,True
9678,11,0.83536524,1.527956,2,2,60.94634,146.57713,0.95024854,70.137535,1.5294857,0.8327925,42,14,1,5,0.009982393,0.012569284,5.0106916,0.0049948017,0.0029612966,0.0015296936,0.0025727152824401855,0.0029931298744187334,True
9678,-11,-2.3331828,-1.52087,1,2,60.94634,146.57713,0.33497036,55.187172,-1.5238801,-2.3327456,44,14,1,5,0.016078338,0.015440891,8.791597,0.008080378,0.0033470248,-0.0030101538,0.0004372596740722656,0.0030417464747093965,True
9681,11,-2.8479161,-2.1141782,2,2,86.41282,366.3906,0.5980615,108.163246,-2.120742,-2.843028,42,21,1,9,0.022406792,0.021000285,9.952606,0.005520523,0.0035440093,-0.006563902,0.004888057708740234,0.008184003710351556,True
9681,-11,0.28357747,2.1329362,1,2,86.41282,366.3906,0.7362402,107.35542,2.1360931,0.28849605,50,19,1,9,0.023912491,0.018300075,9.588982,0.0057522575,0.0027240906,0.0031569004,0.004918575286865234,0.005844519053642245,True
9682,-11,0.36984017,1.8704517,1,2,73.37337,244.21893,0.8547069,85.385574,1.8703892,0.36906266,34,20,1,9,0.015016617,0.015165715,6.7268214,0.0048927707,0.0030083735,-6.246567e-05,0.000777512788772583,0.0007800180102723273,True
9682,11,-2.756369,-1.8741323,2,2,73.37337,244.21893,0.79470503,92.0832,-1.874354,-2.7521122,41,15,1,9,0.016217757,0.020373657,7.70096,0.0052947733,0.0025797447,-0.00022172928,0.0042569637298583984,0.0042627343419808185,True
9683,11,-1.0243644,2.6175582,2,2,86.84085,591.9528,0.16670188,105.03967,2.6175811,-1.0295076,47,23,1,11,0.024806459,0.020871663,8.729286,0.0036430403,0.0022727302,2.2888184e-05,0.005143284797668457,0.005143335724884745,True
9684,-11,-0.397864,-2.6480827,1,2,89.345795,630.5922,0.7061883,103.46612,-2.6593082,-0.4057556,51,29,1,9,0.026257781,0.012567503,11.811309,0.0037258093,0.0032310386,-0.011225462,0.007891595363616943,0.013721817577519847,True
9684,11,2.7494195,2.636426,2,2,89.345795,630.5922,0.48886698,106.42936,2.6370516,2.7517347,48,22,1,11,0.021530237,0.019317249,7.7745996,0.0031684786,0.0028298001,0.00062561035,0.0023152828216552734,0.00239831667138311,True
9686,-11,-1.0026033,-2.2663696,1,2,99.34624,489.73755,0.94082403,137.14241,-2.271977,-1.0053805,40,22,1,7,0.020510545,0.022659237,13.000893,0.0043023853,0.002683908,-0.0056073666,0.0027772188186645508,0.006257435902132697,True
9686,11,2.1464946,2.2896905,2,2,99.34624,489.73755,0.8645511,123.55515,2.2907066,2.1432588,52,29,1,9,0.025381545,0.017781053,10.235629,0.0053142854,0.0029026645,0.00101614,0.0032358169555664062,0.0033916149305722354,True
9687,11,-0.030688146,-2.8274436,2,2,84.565956,734.05023,0.99500483,120.29249,-2.833664,-0.045638286,52,32,1,9,0.038137212,0.024968002,14.445288,0.0046477146,0.0027869802,-0.0062203407,0.014950139448046684,0.016192569588843055,True
9687,-11,3.106059,2.874848,1,2,84.565956,734.05023,0.49413502,103.917694,2.8775067,3.0964212,52,38,1,11,0.029450703,0.023122052,19.153223,0.003298543,0.0028562131,0.002658844,0.009637832641601562,0.009997863242348248,True
9688,-11,-2.6247175,-2.6476464,1,2,86.30424,614.93536,0.5585529,101.92201,-2.6368206,-2.628561,48,27,1,9,0.021575311,0.02118817,8.068945,0.0031848866,0.0020550168,0.010825872,0.003843545913696289,0.011487922460276502,True
9688,11,0.52281004,2.6560237,2,2,86.30424,614.93536,0.6347662,99.50173,2.6528258,0.52302074,52,30,1,13,0.03000202,0.029385107,12.870873,0.0044221687,0.0031935212,-0.0031979084,0.00021070241928100586,0.0032048422818775936,True
9689,11,1.7259059,-2.0702605,2,2,22.86149,93.06013,0.23257788,31.50816,-2.0707605,1.7262422,50,15,1,9,0.02290606,0.017820632,13.050809,0.0060057947,0.002724383,-0.00049996376,0.0003362894058227539,0.0006025398959055805,True
9689,-11,-1.4554915,2.093005,1,2,22.86149,93.06013,0.15826103,33.75601,2.0877702,-1.4685504,43,20,1,9,0.035192035,0.027352875,11.589227,0.009358456,0.0027430619,-0.0052347183,0.013058900833129883,0.014069014392579215,True
9690,11,0.5291289,2.190815,2,2,11.598772,52.936592,0.99243504,11.035751,2.196093,0.51352936,51,20,1,5,0.044898164,0.023886586,18.380564,0.010149271,0.003837954,0.0052781105,0.015599548816680908,0.01646828386780662,True
9690,-11,-2.6819048,-2.2078962,1,2,11.598772,52.936592,0.2193216,16.781706,-2.2095594,-2.684631,45,24,1,9,0.022314424,0.017964398,16.05426,0.005114024,0.0029868893,-0.001663208,0.002726316452026367,0.003193597074435231,True
9691,11,2.1077156,-2.4767141,2,2,40.67086,244.58495,0.7831268,51.36613,-2.479259,2.109799,43,21,1,11,0.022549417,0.018276839,7.1607814,0.0037930903,0.0028461195,-0.00254488,0.002083301544189453,0.003288853731913201,True
9693,-11,-2.7877064,1.560191,1,2,37.89232,93.31128,0.60026026,45.176067,1.5613096,-2.786113,41,14,1,7,0.012701705,0.01978055,17.32785,0.0061650216,0.0027074425,0.0011185408,0.0015933513641357422,0.0019467670625392395,True
9693,11,0.3959914,-1.5406709,2,2,37.89232,93.31128,0.6037134,43.546593,-1.5406663,0.3985342,47,18,1,5,0.011069279,0.018128833,6.303534,0.005375399,0.0027455892,4.529953e-06,0.0025427937507629395,0.002542797785785033,True
9697,-11,-1.1053743,-1.504285,1,2,39.50328,92.9589,0.9532109,33.896313,-1.505236,-1.0790007,44,15,1,5,0.013366093,0.015792333,13.612572,0.0067235804,0.0026062627,-0.0009510517,0.026373624801635742,0.02639076703198342,True
9697,11,2.0788834,1.4966106,2,2,39.50328,92.9589,0.8670976,25.763416,1.5001476,2.0584712,43,14,1,7,0.008713412,0.010586596,6.9152746,0.004467675,0.0026427722,0.0035369396,0.020412206649780273,0.02071637329731334,True
9704,11,-1.4891474,2.8162737,2,2,2.104831,17.841316,0.3137488,4.8077974,2.832691,-1.4946136,50,22,1,5,0.038303148,0.02218463,41.157284,0.0045490703,0.0019204533,0.016417265,0.0054662227630615234,0.01730335741786692,True
9706,-11,0.2667866,-1.5329323,1,2,21.383282,51.920353,0.6809605,22.231447,-1.5327396,0.26282898,38,13,1,5,0.0138909705,0.018206092,8.162285,0.0068920674,0.0029591224,0.00019264221,0.003957629203796387,0.003962314971901295,True
9706,11,-2.798904,1.5372374,2,2,21.383282,51.920353,0.93020976,23.110807,1.5367972,-2.811402,46,11,1,7,0.023002878,0.021678671,19.181444,0.012396552,0.0024679059,-0.0004402399,0.012498140335083008,0.012505891532015522,True
9710,11,-0.6504031,-2.463462,2,2,35.28911,202.92305,0.5348508,55.155266,-2.472407,-0.653153,49,22,1,7,0.041542694,0.028841648,13.093138,0.006849525,0.0030768015,-0.008944988,0.002749919891357422,0.009358144988470173,True
9712,11,1.5455348,-2.8242905,2,2,68.475426,586.2909,0.5304793,52.44969,-2.8122122,1.5467935,52,31,1,11,0.044838965,0.0026552125,15.68415,0.0053985836,0.0035993923,0.012078285,0.0012586116790771484,0.012143684623675955,True
9713,11,1.0321715,-1.8196961,2,2,63.30065,195.20811,0.89417726,77.88581,-1.8209368,1.033397,52,16,1,9,0.019150376,0.023319965,8.6833315,0.006609656,0.002664532,-0.0012407303,0.0012254714965820312,0.0017439013821459524,True
9713,-11,-2.1288533,1.7650617,1,2,63.30065,195.20811,0.78920346,76.06342,1.7646008,-2.120482,39,17,1,7,0.012107527,0.022502296,5.703407,0.0045761066,0.002832631,-0.00046098232,0.008371353149414062,0.008384035916790914,True
9715,-11,-3.080531,-2.3788953,1,2,44.342545,238.07594,0.5183327,58.011784,-2.3720133,-3.0831203,50,17,1,11,0.02061277,0.025346402,13.267758,0.003950825,0.0025006428,0.0068819523,0.0025894641876220703,0.0073529988430368984,True
9715,11,0.07637151,2.3513339,2,2,44.342545,238.07594,0.4329334,59.184444,2.35311,0.083659895,41,22,1,9,0.023273561,0.030660128,11.474476,0.0045448537,0.0029931401,0.0017762184,0.007288381457328796,0.007501696882896311,True
9716,-11,-2.9278843,1.9463962,1,2,24.526875,86.30109,0.041063435,34.689434,1.9495683,-2.9283283,51,18,1,7,0.019533506,0.016668487,10.849141,0.005762935,0.0030248612,0.00317204,0.0004439353942871094,0.003202954377671113,True
9716,11,0.2570739,-1.9148103,2,2,24.526875,86.30109,0.2822889,35.947147,-1.9140403,0.26070586,45,19,1,9,0.026338642,0.026199795,16.467535,0.008146298,0.0028196229,0.0007699728,0.0036319494247436523,0.0037126694876174677,True
9723,-11,-0.5740644,-2.7126822,1,2,52.303627,386.38535,0.12346059,57.663475,-2.7044618,-0.59472656,50,24,1,9,0.026779775,0.011293457,12.521987,0.0035550066,0.0024003915,0.008220434,0.02066218852996826,0.02223739128641699,True
9723,11,2.5768604,2.6645288,2,2,52.303627,386.38535,0.84081674,66.794044,2.6551945,2.5959191,52,21,1,13,0.023307746,0.018130336,11.81737,0.0034206458,0.002268773,-0.009334326,0.019058704376220703,0.021221777696172544,True
9724,-11,-0.15486158,-2.0075324,1,2,46.09072,177.3619,0.34822527,52.78463,-2.007226,-0.15673086,50,15,1,9,0.017817842,0.013723412,8.609679,0.0051380345,0.0026896417,0.00030636787,0.0018692761659622192,0.0018942161067161403,True
9724,11,3.007682,2.0395882,2,2,46.09072,177.3619,0.81275403,60.488247,2.0382752,3.008152,44,18,1,11,0.024629772,0.022778895,9.562336,0.006698095,0.002713793,-0.0013129711,0.0004699230194091797,0.001394532443669372,True
9725,-11,-0.05059605,-2.856123,1,2,54.769653,475.102,0.92454284,76.58811,-2.8571534,-0.045666546,52,38,1,13,0.036796708,0.023915946,18.489204,0.0042630252,0.0031868026,-0.0010304451,0.004929505288600922,0.005036053960408286,True
9727,-11,-2.8072643,-2.5445924,1,2,56.968437,366.00848,0.0087910425,67.45739,-2.5427182,-2.800348,49,18,1,11,0.02825521,0.009214695,8.6350975,0.00434539,0.0027737876,0.0018742085,0.0069162845611572266,0.0071657274152244635,True
9728,11,-0.03340554,-2.5035436,2,2,80.49158,486.409,0.9011943,90.23707,-2.5046587,-0.033840597,42,23,1,9,0.024712205,0.02160407,7.4617615,0.004187743,0.0030121228,-0.0011150837,0.00043505802750587463,0.0011969490699691458,True
9728,-11,3.1006644,2.4670615,1,2,80.49158,486.409,0.43882182,103.43706,2.4687428,3.1085882,43,27,1,11,0.036384396,0.026750939,11.236607,0.0060087745,0.0029354088,0.0016813278,0.00792384147644043,0.00810025474793679,True
9729,-11,-2.0219426,-1.6628933,1,2,33.130367,89.81288,0.94893545,40.548595,-1.6644058,-2.0134056,43,18,1,7,0.015242822,0.0194229,7.8087626,0.0063636675,0.0025806152,-0.0015125275,0.008537054061889648,0.008670007577302765,True
9729,11,1.1626582,1.646388,2,2,33.130367,89.81288,0.32233605,44.829872,1.6482015,1.1652434,46,20,1,9,0.016573036,0.016120384,8.16079,0.0069778133,0.0024597421,0.0018134117,0.002585172653198242,0.0031577808167140885,True
9731,11,2.9320562,2.6912675,2,2,18.449553,138.50717,0.8569988,24.961227,2.680453,2.926018,47,22,1,7,0.040641405,0.017873498,11.253204,0.0058924607,0.002679039,-0.010814428,0.006038188934326172,0.012385942992924736,True
9731,-11,-0.23564366,-2.7181015,1,2,18.449553,138.50717,0.049449123,30.503443,-2.7160099,-0.24489693,52,30,1,9,0.03173646,0.028879294,25.744719,0.0041156923,0.003240165,0.0020916462,0.009253278374671936,0.00948673518261781,True
9732,11,2.415493,-2.386921,2,2,11.691037,64.98567,0.73622125,14.534269,-2.4112875,2.402504,49,20,1,25,0.036987174,0.019143699,13.188107,0.006739528,0.002615154,-0.024366617,0.012989044189453125,0.027612448676346903,True
9732,-11,-0.78220105,2.414134,1,2,11.691037,64.98567,0.3808812,22.424747,2.4186535,-0.77926826,52,25,1,7,0.047951616,0.045242693,18.240139,0.0084907105,0.0037431333,0.0045194626,0.0029327869415283203,0.005387650730715538,True
9733,-11,3.1034472,-1.4874202,1,2,21.840103,50.811424,0.46698505,22.857944,-1.4901103,3.0967162,42,12,1,7,0.015268114,0.024011413,14.768659,0.007987764,0.0023598096,-0.0026900768,0.0067310333251953125,0.007248677321319025,True
9733,11,0.040145196,1.4885648,2,2,21.840103,50.811424,0.23370422,19.66808,1.4882301,0.04746574,43,10,1,5,0.0092908805,0.015457517,12.773753,0.004825595,0.0027747145,-0.00033473969,0.0073205456137657166,0.0073281947804338275,True
9735,11,2.4474652,2.1811237,2,2,18.592182,85.74744,0.7678211,22.719437,2.1794238,2.449072,39,21,1,7,0.023047542,0.021054327,7.9517417,0.005324621,0.0033861354,-0.0016999245,0.0016067028045654297,0.002339067571166645,True
9735,-11,-0.7369991,-2.2396364,1,2,18.592182,85.74744,0.9437876,26.187452,-2.2426026,-0.7335261,52,19,1,11,0.026420856,0.026717603,25.13311,0.005781663,0.003124191,-0.0029661655,0.0034729838371276855,0.004567248044745253,True
9739,-11,-1.3398197,-2.286999,1,2,8.501849,41.84148,0.66229254,9.81653,-2.2907193,-1.3029449,38,19,1,7,0.035067793,0.025044853,20.86506,0.0071771652,0.0045315535,-0.0037202835,0.03687477111816406,0.03706196506391858,True
9739,11,1.8892776,2.2662792,2,2,8.501849,41.84148,0.85224545,11.450405,2.2576182,1.8857096,46,22,1,7,0.031536553,0.027152214,14.66671,0.006994073,0.0030647283,-0.008661032,0.003567934036254883,0.009367156700243611,True
9741,11,1.6525191,1.7837055,2,2,11.0022745,33.688152,0.007421373,18.683811,1.783104,1.6517886,36,11,1,7,0.017027069,0.024098797,6.8796554,0.0062444364,0.0028380563,-0.0006015301,0.0007305145263671875,0.0009463032835466105,True
9741,-11,-1.6018199,-1.7860869,1,2,11.0022745,33.688152,0.98075706,5.3644547,-1.8242118,-1.6143662,38,20,1,5,0.039632455,0.036430024,20.838198,0.013630992,0.0031731215,-0.03812492,0.012546300888061523,0.040136256724131375,True
9745,-11,0.9153807,1.832677,1,2,13.323137,42.583168,0.6009861,15.937103,1.8380901,0.9014086,41,24,1,30,0.022878593,0.021632262,17.196264,0.0076277773,0.0030962545,0.0054130554,0.013972103595733643,0.014984019750022308,True
9745,11,-2.1374803,-1.8273216,2,2,13.323137,42.583168,0.05748583,21.050436,-1.8232255,-2.137732,35,16,1,7,0.021752415,0.017963968,7.165441,0.007747858,0.0028847253,0.0040961504,0.00025177001953125,0.00410388054547431,True
9746,-11,0.20577545,-2.166367,1,2,9.167468,40.18844,0.7526526,13.803821,-2.180405,0.22829778,42,24,1,5,0.044999164,0.026593108,18.388605,0.010137042,0.004251786,-0.0140378475,0.022522330284118652,0.026538962382402186,True
9746,11,-2.8441527,2.1499827,2,2,9.167468,40.18844,0.35208908,12.437847,2.1481361,-2.8447318,45,18,1,9,0.01969081,0.019441647,14.295194,0.004838025,0.0026045383,-0.0018465519,0.0005791187286376953,0.001935234442248939,True
9748,11,2.435008,-2.3610754,2,2,61.86018,325.51382,0.109487504,71.726654,-2.3612623,2.4272408,49,16,1,9,0.022371031,0.018230403,8.169258,0.0043749735,0.0029656242,-0.00018692017,0.007767200469970703,0.007769449291241717,True
9748,-11,-0.7178229,2.328263,1,2,61.86018,325.51382,0.35438165,78.14167,2.332748,-0.7126639,52,22,1,11,0.024547538,0.020292748,12.854258,0.0047682812,0.0030224638,0.004484892,0.00515902042388916,0.00683591598911718,True
9749,11,0.561439,-1.6666418,2,2,75.7497,209.15872,0.076304555,97.10316,-1.6681336,0.5606757,43,16,1,11,0.011108011,0.014049902,7.057036,0.004674485,0.00274746,-0.001491785,0.0007632970809936523,0.0016757222355564092,True
9749,-11,-2.5985785,1.682004,1,2,75.7497,209.15872,0.9985634,87.86116,1.6833234,-2.5927916,38,18,1,13,0.01538177,0.012121619,7.134999,0.0063103884,0.00263471,0.0013194084,0.005786895751953125,0.005935402346442802,True
9750,11,-2.4525313,-2.8022609,2,2,3.7454355,31.231455,0.18973954,10.8121605,-2.7987788,-2.4481173,50,24,1,9,0.039298166,0.046652973,38.895863,0.0048756357,0.0029769046,0.0034821033,0.004414081573486328,0.005622202438538162,True
9752,-11,-0.8256317,2.1612916,1,2,94.404434,418.09174,0.13149168,113.48752,2.1649761,-0.82407564,52,28,1,9,0.022559356,0.01636819,10.765592,0.005241243,0.0020944888,0.0036845207,0.0015560388565063477,0.003999618687109039,True
9752,11,2.3247805,-2.1752934,2,2,94.404434,418.09174,0.68757504,114.52953,-2.1754346,2.3256319,42,23,1,9,0.017615417,0.014937905,6.9723663,0.004070617,0.0027237409,-0.0001411438,0.0008513927459716797,0.0008630128503335459,True
9753,11,0.7631965,-2.3795476,2,2,84.94134,469.34515,0.797681,101.615,-2.3775532,0.7576068,44,19,1,9,0.018711993,0.014984768,8.428442,0.0036366417,0.0027103096,0.0019943714,0.005589723587036133,0.005934856953654506,True
9753,-11,-2.3861673,2.4091556,1,2,84.94134,469.34515,0.85099506,107.45377,2.411138,-2.3887174,44,25,1,9,0.021468114,0.022219913,7.1383305,0.0040431675,0.0023482034,0.0019824505,0.0025501251220703125,0.003230053870720635,True
9758,-11,-0.8902651,-2.2388368,1,2,27.694292,131.9662,0.7630887,41.752254,-2.2363372,-0.89033484,42,28,1,11,0.03781518,0.031680465,14.984986,0.008337436,0.003650256,0.0024995804,6.973743438720703e-05,0.0025005530193013287,True
9758,11,2.27912,2.2477882,2,2,27.694292,131.9662,0.32822055,36.679756,2.2468698,2.2798545,52,33,1,11,0.025309497,0.025469212,13.805988,0.005424453,0.0025758261,-0.00091838837,0.0007345676422119141,0.0011760216039993607,True
9759,11,-1.4719955,2.2717264,2,2,72.31256,363.68777,0.05702079,89.63115,2.2783349,-1.4636445,39,23,1,13,0.018731581,0.01635949,7.577805,0.0039748517,0.002586247,0.006608486,0.008350968360900879,0.010649448985212724,True
9759,-11,1.6594819,-2.3258832,1,2,72.31256,363.68777,0.00631429,93.64282,-2.3193388,1.6551594,43,29,1,9,0.035362884,0.023551686,9.809786,0.0074041127,0.003481135,0.0065443516,0.004322528839111328,0.007843009243327101,True
9761,-11,1.652753,2.0807803,1,2,38.76517,154.9837,0.8244835,46.735695,2.0796978,1.6520761,34,18,1,11,0.017880358,0.01895208,6.654737,0.004609178,0.0029592353,-0.0010824203,0.0006768703460693359,0.0012766312222327375,True
9762,-11,-0.22895592,1.8388584,1,2,9.979836,32.590435,0.2193105,15.688349,1.8432281,-0.2376753,42,16,1,7,0.023804702,0.029616104,11.083138,0.007847212,0.0027892997,0.0043697357,0.008719369769096375,0.00975305077467644,True
9762,11,3.0282845,-1.8670142,2,2,9.979836,32.590435,0.66937596,11.901189,-1.8541487,2.993156,42,23,1,7,0.025678298,0.02287985,18.850317,0.008828216,0.0025403185,0.012865424,0.03512859344482422,0.037410389224307936,True
9763,11,0.32551888,-2.3504977,2,2,2.2833557,12.235792,0.21487877,14.093688,-2.3579519,0.35410777,49,28,1,11,0.059393574,0.048164196,24.213072,0.011055292,0.004715721,-0.007454157,0.02858889102935791,0.029544697408466835,True
9763,-11,-3.1144443,2.3832169,1,2,2.2833557,12.235792,0.39325044,4.371107,2.4076126,-3.122445,39,17,1,9,0.031009303,0.041103233,16.44981,0.005663243,0.002494507,0.024395704,0.008000850677490234,0.025674189579912746,True
9764,-11,0.06707723,-2.639589,1,2,2.9680388,20.997267,0.70956266,7.439063,-2.689077,0.07349755,48,18,1,29,0.047726363,0.03347494,20.462337,0.006289905,0.0041767824,-0.04948783,0.006420321762561798,0.049902562280132116,True
10521,11,2.6570206,2.364078,2,2,57.81677,306.22916,0.9077082,75.12664,2.3633544,2.6531951,42,28,1,9,0.032194473,0.025284346,11.207697,0.0060897092,0.0031093291,-0.0007236004,0.0038254261016845703,0.0038932611497747944,True
10521,-11,-0.4965189,-2.3384447,1,2,57.81677,306.22916,0.15103202,78.154076,-2.3365521,-0.5056966,51,24,1,9,0.028828165,0.022553932,8.977457,0.005639322,0.0025486178,0.0018925667,0.009177684783935547,0.00937079007527999,True
10524,-11,0.35594046,-3.001971,1,2,42.04583,417.7477,0.0,30.184908,-2.9774666,0.34856752,52,38,1,52,0.02213665,0.03907038,52.92607,0.002234784,0.0010863506,0.024504423,0.007372945547103882,0.02558958896825492,True
10524,11,-2.7770247,2.9717124,2,2,42.04583,417.7477,0.45600203,48.293694,2.955363,-2.7767467,52,28,1,9,0.03532651,0.013662093,20.429684,0.0037683875,0.0022144252,-0.016349316,0.0002779960632324219,0.016351678700134747,True
10526,-11,2.025539,-2.2163122,1,2,45.645546,213.50436,0.93631876,53.973034,-2.2102475,2.0369606,45,17,1,9,0.029970266,0.024033671,11.0953245,0.007021856,0.0028865985,0.0060646534,0.011421680450439453,0.012931929655752466,True
10526,11,-1.0988346,2.2323217,2,2,45.645546,213.50436,0.941818,49.872845,2.2347014,-1.097114,51,16,1,11,0.020534756,0.01275761,12.562049,0.0044447365,0.0026780718,0.0023796558,0.0017206668853759766,0.002936572216202753,True
10529,11,2.0985022,-1.6419978,2,2,66.4346,174.92245,0.37481087,83.08812,-1.6447954,2.1021676,41,16,1,9,0.012103669,0.010940739,5.619102,0.0052276715,0.0024349007,-0.0027976036,0.003665447235107422,0.0046110832945064914,True
10529,-11,-1.0652895,1.6046468,1,2,66.4346,174.92245,0.27138922,80.00636,1.605589,-1.0647489,36,18,1,9,0.010532625,0.009836074,6.553938,0.004706614,0.0027190258,0.0009422302,0.000540614128112793,0.0010863063249758737,True
10530,11,-1.0636436,1.5188195,2,2,87.07747,210.30148,0.28625882,104.179276,1.5214729,-1.0626636,45,15,1,5,0.009050377,0.013591025,5.9762897,0.004522213,0.0027187855,0.0026534796,0.0009800195693969727,0.002828673202994771,True
10530,-11,2.059222,-1.5392985,1,2,87.07747,210.30148,0.20803754,103.999146,-1.5387971,2.0571108,49,14,1,9,0.011446621,0.01207758,8.766532,0.0057206503,0.0026852414,0.0005013943,0.002111196517944336,0.0021699186512919946,True
10532,11,0.30150822,-2.769741,2,2,73.71822,591.5823,0.755031,94.47388,-2.7635882,0.3024883,52,31,1,9,0.03463922,0.025048539,15.839839,0.004532774,0.0025641425,0.0061528683,0.000980079174041748,0.0062304369757076134,True
10532,-11,-2.8461852,2.7738526,1,2,73.71822,591.5823,0.9818801,58.646553,2.779196,-2.8682253,52,28,1,13,0.05529994,0.020250872,21.101023,0.0063400385,0.0028204315,0.005343437,0.022040128707885742,0.022678615337046164,True
10533,11,0.9856413,-1.860152,2,2,2.6481152,8.528119,0.0,5.983069,-1.8605988,0.9798102,43,15,1,5,0.0177915,0.03442364,9.353991,0.006003569,0.003113117,-0.00044679642,0.005831122398376465,0.00584821472445249,True
10534,11,-0.005823978,1.9889957,2,2,64.62905,238.5476,0.3684493,78.1688,1.9896381,-0.0058909142,42,18,1,11,0.025395548,0.02424698,9.565851,0.007182134,0.0027720865,0.00064241886,6.693601608276367e-05,0.0006458965935091485,True
10534,-11,3.120161,-1.9714596,1,2,64.62905,238.5476,0.64014983,81.49252,-1.9725895,3.1186736,35,19,1,9,0.017691014,0.017949488,6.5011253,0.005128642,0.0028939983,-0.0011298656,0.0014874935150146484,0.001867948949836939,True
10535,11,2.916074,1.8156161,2,2,91.0793,291.74664,0.640285,111.525566,1.8139552,2.9184294,48,18,1,9,0.011960182,0.013889804,6.0230064,0.004209931,0.002623614,-0.001660943,0.002355337142944336,0.002882073022959318,True
10539,11,0.34114876,2.3759928,2,2,89.95446,501.3934,0.028533742,119.63346,2.3804414,0.33203533,48,25,1,11,0.02007697,0.01617254,9.969223,0.0038123736,0.002783411,0.0044486523,0.009113430976867676,0.010141258829912706,True
10539,-11,-2.8077447,-2.430982,1,2,89.95446,501.3934,0.22553873,109.82624,-2.4199967,-2.8126326,41,25,1,11,0.018844869,0.015748668,7.2456894,0.0034574722,0.0023053,0.010985374,0.004887819290161133,0.012023694454098061,True
10544,-11,2.5354655,-2.366179,1,2,62.788483,325.4754,0.0,82.14864,-2.3639867,2.5383668,52,23,1,9,0.029745543,0.025275432,13.9823,0.0058475155,0.0028541477,0.0021922588,0.002901315689086914,0.003636431144656464,True
10544,11,-0.5948977,2.2936723,2,2,62.788483,325.4754,0.8204409,55.092102,2.2960703,-0.5797461,46,19,1,9,0.029984782,0.0071967165,13.839578,0.006112439,0.0022120522,0.002398014,0.015151560306549072,0.015340151595366981,True
10545,11,-0.60705805,-1.8591001,2,2,84.808525,276.6513,0.7265982,102.08772,-1.8589641,-0.60724777,42,25,1,7,0.013096398,0.017406115,6.797681,0.0043881508,0.0027850831,0.0001360178,0.00018972158432006836,0.00023344190134677774,True
10545,-11,2.5208943,1.8432691,1,2,84.808525,276.6513,0.2556284,109.70531,1.8438058,2.5211916,43,16,1,9,0.0153685715,0.015202312,6.4580493,0.0051974915,0.002736458,0.0005366802,0.00029730796813964844,0.0006135288812521047,True
10547,-11,2.377923,2.8176346,1,2,6.458969,55.248756,0.48350635,11.662756,2.8114986,2.3713825,48,26,1,7,0.032402918,0.024964469,27.169043,0.0040001553,0.0030100623,-0.0061359406,0.006540536880493164,0.008968187617339259,True
10547,11,-0.698279,-2.8552597,2,2,6.458969,55.248756,0.84685934,14.468314,-2.863582,-0.7025901,52,29,1,7,0.054278266,0.046174604,41.163383,0.0061340015,0.0037520763,-0.008322239,0.004311084747314453,0.009372572236531389,True
10548,-11,-1.9820032,1.64859,1,2,89.58708,237.05121,0.088631615,109.917336,1.649039,-1.9838247,36,22,1,11,0.013653786,0.01426126,6.0662866,0.0058130766,0.0032040065,0.0004490614,0.0018215179443359375,0.001876055371486553,True
10549,-11,-0.060128774,1.9214607,1,2,8.337566,28.98544,0.2377938,12.911717,1.9084415,-0.07621285,44,25,1,7,0.046735268,0.039893694,19.992401,0.015355543,0.0030574899,-0.013019204,0.016084078699350357,0.020692927849894314,True
10550,11,2.4606287,-2.3613667,2,2,44.92472,239.21222,0.30512977,49.667957,-2.3575137,2.459372,49,22,1,9,0.024706267,0.008956119,8.426822,0.0049364995,0.003309079,0.0038530827,0.001256704330444336,0.0040528448869790405,True
10550,-11,-0.6962366,2.3518238,1,2,44.92472,239.21222,0.410773,58.654972,2.3436847,-0.7046042,43,23,1,11,0.022227317,0.019938314,8.463981,0.004301441,0.0028902185,-0.008139133,0.008367598056793213,0.011673139619033053,True
10554,-11,-1.0208166,-1.6021075,1,2,86.168076,225.40381,0.8619243,103.170746,-1.6020185,-1.0228903,33,19,1,7,0.012426416,0.011941757,6.3050456,0.0056490344,0.0024365615,8.904934e-05,0.0020737648010253906,0.0020756758501270503,True
10554,11,2.1380138,1.6302077,2,2,86.168076,225.40381,0.21354447,111.48537,1.6287277,2.1364894,40,21,1,9,0.011906178,0.015455368,6.5351033,0.005265073,0.0027048832,-0.0014799833,0.0015244483947753906,0.0021246866946748257,True
10557,-11,2.790212,1.6166538,1,2,70.32354,183.75008,0.14685057,89.76008,1.616364,2.7894802,41,21,1,7,0.013644487,0.020879762,7.350257,0.0061542434,0.0026955486,-0.00028979778,0.0007317066192626953,0.0007870052932766144,True
10557,11,-0.3302271,-1.6129998,2,2,70.32354,183.75008,0.40713823,88.45998,-1.6134156,-0.33032644,34,17,1,9,0.012654839,0.016573887,5.985417,0.0057298704,0.0029341674,-0.000415802,9.933114051818848e-05,0.0004275020237435966,True
10558,11,0.9062582,-1.8809987,2,2,16.725655,57.335274,0.90474313,19.543497,-1.8824726,0.8871223,40,18,1,7,0.026012175,0.011851988,8.939399,0.00861857,0.0032992468,-0.0014739037,0.01913595199584961,0.019192630116131766,True
10558,-11,-2.300781,1.9261879,1,2,16.725655,57.335274,0.23422535,22.626635,1.9257394,-2.3033504,38,17,1,9,0.031839777,0.025434686,10.181021,0.009549716,0.0030654406,-0.00044846535,0.002569437026977539,0.002608280622042642,True
10560,-11,-1.0320892,1.5168102,1,2,28.389486,67.27718,0.83296883,23.435051,1.5197138,-1.0093488,35,12,1,5,0.013823076,0.013912991,7.9551406,0.006847839,0.0027390223,0.0029035807,0.022740483283996582,0.022925103278197793,True
10560,11,2.1683702,-1.4998033,2,2,28.389486,67.27718,0.94269884,16.175001,-1.5021766,2.14915,21,11,1,5,0.009978665,0.016668523,4.6102495,0.0050783134,0.0033176206,-0.0023733377,0.019220352172851562,0.019366328247835754,True
10561,-11,-1.2092631,2.9419105,1,2,64.764534,605.8095,0.6051792,73.36422,2.9418733,-1.2092805,52,22,1,9,0.021530865,0.009878115,15.555279,0.0022933607,0.0018281393,-3.71933e-05,1.7404556274414062e-05,4.1064096489584055e-05,True
10561,11,1.9382342,-2.9105134,2,2,64.764534,605.8095,0.86159056,63.84761,-2.9103992,1.9725348,52,32,1,11,0.026748504,0.045154728,20.308136,0.0028973022,0.0019659637,0.0001142025,0.03430056571960449,0.03430075583563391,True
10567,-11,-1.8888416,2.82199,1,2,93.09074,770.6382,0.95955366,116.020355,2.827409,-1.8876507,52,38,1,11,0.04089446,0.027900063,17.816095,0.004845416,0.00347592,0.005419016,0.0011909008026123047,0.005548331166187458,True
10568,11,0.8490012,2.7190862,2,2,55.428886,432.68448,0.898601,73.04698,2.7267256,0.84360033,46,29,1,9,0.027417695,0.0230689,9.973604,0.0036740089,0.0029338219,0.007639408,0.005400896072387695,0.009355759524031424,True
10568,-11,-2.3009858,-2.769422,1,2,55.428886,432.68448,0.09596312,53.230415,-2.7633255,-2.3151388,49,15,1,11,0.023164913,0.00834118,11.472734,0.0030534947,0.0021309997,0.0060966015,0.014153003692626953,0.015410258359077932,True
10571,-11,-1.5390831,1.8512155,1,2,66.85655,216.88017,0.97468036,82.75996,1.851416,-1.5441682,36,17,1,9,0.014641863,0.020309327,5.9600863,0.0049788523,0.0029767451,0.00020051003,0.005085110664367676,0.005089062265192002,True
10571,11,1.6198846,-1.8394326,2,2,66.85655,216.88017,0.027139742,78.35251,-1.8399966,1.6195359,43,15,1,11,0.012426963,0.0076616723,6.7148275,0.004275569,0.0025436755,-0.00056397915,0.00034868717193603516,0.0006630650119076551,True
10573,11,0.024355413,-2.2203536,2,2,80.43047,385.90964,0.58054805,101.46473,-2.223701,0.023312757,45,17,1,9,0.020924991,0.019291725,8.669796,0.0046360036,0.0025976677,-0.0033473969,0.0010426566004753113,0.0035060231690374473,True
10573,-11,-3.1267524,2.2812762,1,2,80.43047,385.90964,0.6750019,96.11518,2.2800136,-3.1233077,42,26,1,11,0.030021159,0.022507373,10.0351305,0.0066125477,0.0024752864,-0.0012626648,0.003444671630859375,0.0036687988536825626,True
10574,11,-2.4636672,-2.9398463,2,2,26.64417,251.01117,0.0016637766,31.2563,-2.939809,-2.461766,52,12,1,11,0.028873883,0.0053858217,16.54359,0.003154829,0.0026197496,3.71933e-05,0.0019011497497558594,0.0019015135320155268,True
10574,-11,0.66350275,2.9267056,1,2,26.64417,251.01117,0.22976555,37.2035,2.9172678,0.64046943,52,34,1,7,0.029713286,0.023006866,26.453955,0.003311515,0.0025663916,-0.009437799,0.023033320903778076,0.024891884901840657,True
10581,11,1.5332904,2.9129996,2,2,48.601997,448.4732,0.44443896,57.313892,2.9092147,1.5378883,52,36,1,9,0.026509209,0.007858404,20.417103,0.0028168233,0.0011971546,-0.003784895,0.004597902297973633,0.005955345134495436,True
10581,-11,-1.6163887,-2.9117708,1,2,48.601997,448.4732,0.13968478,60.33218,-2.905214,-1.6196878,52,15,1,11,0.024130307,0.010055795,13.124219,0.002673727,0.002181873,0.0065567493,0.003299117088317871,0.007339968448719412,True
10583,-11,2.2088885,-1.8903161,1,2,90.14598,310.52176,0.03603675,107.561844,-1.8910984,2.2070181,42,20,1,11,0.013184861,0.011098421,7.087144,0.004291733,0.002822209,-0.00078225136,0.0018703937530517578,0.0020273850099569897,True
10583,11,-0.9206153,1.9264711,2,2,90.14598,310.52176,0.3629203,105.68719,1.9270949,-0.9193246,37,20,1,9,0.01681823,0.026051337,6.364922,0.005151525,0.0030038122,0.0006238222,0.001290738582611084,0.0014335830031386811,True
10584,11,-2.997065,-1.6239278,2,2,56.433556,150.29181,0.7472344,57.71423,-1.6243589,-2.9786744,29,15,1,9,0.010469587,0.018175295,5.1668725,0.00459793,0.0027850622,-0.0004310608,0.018390655517578125,0.018395706666822498,True
10584,-11,0.11877459,1.6470658,1,2,56.433556,150.29181,0.49182218,66.41491,1.6480213,0.11708548,32,16,1,7,0.013183187,0.016493173,6.580276,0.0056657307,0.0029375907,0.00095558167,0.0016891136765480042,0.0019406806359780948,True
10586,11,-2.7425988,-1.5838125,2,2,62.922886,164.89568,0.75574374,84.12097,-1.5851214,-2.7492025,48,19,1,7,0.012761383,0.017204186,6.9202323,0.0058861403,0.0027976544,-0.001308918,0.006603717803955078,0.0067321879922563,True
10586,-11,0.37543485,1.6537066,1,2,62.922886,164.89568,0.018582862,77.30519,1.6545697,0.37026736,39,17,1,9,0.013891183,0.015164816,5.9098463,0.0059366114,0.0026885157,0.00086319447,0.005167484283447266,0.005239083745367156,True
10588,-11,-1.4104302,2.4904382,1,2,67.54261,420.79062,0.7982689,59.00257,2.4940429,-1.3937051,45,19,1,9,0.027369145,0.00848165,10.408544,0.0047607305,0.0026370126,0.0036046505,0.01672506332397461,0.017109098408238425,True
10588,11,1.7397848,-2.5423057,2,2,67.54261,420.79062,0.8846152,59.337345,-2.5378413,1.7550616,46,18,1,9,0.023729749,0.0064412933,10.12075,0.0038316373,0.002781375,0.004464388,0.015276789665222168,0.01591574887143393,True
10589,-11,-0.90774417,-2.9650476,1,2,55.27303,537.5462,0.0016124065,62.07918,-2.9383323,-0.91109645,52,27,1,9,0.039781492,0.031236693,17.881111,0.004424862,0.002861813,0.026715279,0.0033522844314575195,0.026924783079260668,True
10591,11,-0.72239417,-2.814549,2,2,5.214222,43.34273,0.45267123,9.499641,-2.8031676,-0.7463294,49,15,1,29,0.05987739,0.013975749,29.838512,0.0072773155,0.0029865208,0.011381388,0.023935258388519287,0.026503444635711006,True
10591,-11,2.3357959,2.8005927,1,2,5.214222,43.34273,0.9406518,10.962958,2.7926216,2.342993,52,21,1,9,0.026595939,0.03464274,29.493961,0.003166764,0.001740964,-0.007971048,0.007197141647338867,0.01073948139455038,True
10593,-11,1.1799355,2.8793552,1,2,29.371212,266.0888,0.454601,38.01118,2.8949456,1.1884968,52,18,1,7,0.023123614,0.02026263,16.454828,0.0025504823,0.001521384,0.015590429,0.008561372756958008,0.017786472037874108,True
10593,11,-1.9482325,-2.9086845,2,2,29.371212,266.0888,0.87799877,45.11898,-2.9097338,-1.9535325,52,38,1,13,0.035100408,0.04782097,29.261791,0.0037681733,0.0026843844,-0.0010492802,0.005299925804138184,0.005402795789274382,True
10594,11,-2.4932535,-2.8938859,2,2,25.532393,232.32639,0.63650197,23.270308,-2.9024153,-2.5246418,52,26,1,7,0.041708846,0.033785064,39.421448,0.0044859373,0.0028248744,-0.008529425,0.031388282775878906,0.03252653348756727,True
10594,-11,0.63275284,2.9027724,1,2,25.532393,232.32639,0.98019904,36.98462,2.906132,0.6408661,52,31,1,9,0.036263455,0.028389372,25.968187,0.004050613,0.0035945505,0.0033595562,0.008113265037536621,0.008781326085253031,True
10598,11,-0.6839851,-1.7599809,2,2,6.7663803,20.046476,0.122501075,12.977851,-1.7619928,-0.6717619,48,15,1,7,0.032607492,0.015410011,16.23543,0.012242755,0.0039485707,-0.0020118952,0.012223243713378906,0.012387712014857895,True
10598,-11,2.267426,1.7418866,1,2,6.7663803,20.046476,0.702558,2.2857614,1.7413173,2.2805333,33,15,1,19,0.029138442,0.014765006,12.10044,0.0108993985,0.0035561,-0.00056934357,0.0131072998046875,0.013119659304537033,True
10599,-11,0.44147173,2.8777897,1,2,37.08444,335.62158,0.2006751,44.36008,2.8777673,0.4524681,52,29,1,9,0.029555699,0.013102352,21.87457,0.0033220076,0.0029360827,-2.2411346e-05,0.010996371507644653,0.010996394345538368,True
10599,11,-2.6893523,-2.90819,2,2,37.08444,335.62158,0.97506666,40.64031,-2.910218,-2.6995473,51,35,1,11,0.026196811,0.011596539,20.166344,0.0029160092,0.0021421413,-0.0020279884,0.010195016860961914,0.010394763376609604,True
10601,11,2.0677543,2.1218283,2,2,53.367508,229.32408,0.82643104,67.937096,2.1270132,2.0712667,40,26,1,13,0.030216089,0.018571692,11.194254,0.0072194645,0.0030407845,0.005184889,0.0035123825073242188,0.006262579552104454,True
10602,11,-1.9245919,-2.4790585,2,2,41.690914,244.58266,0.17044745,58.840275,-2.4725547,-1.9267601,49,21,1,9,0.035416704,0.027588025,12.668104,0.0061918492,0.0029838798,0.0065038204,0.0021681785583496094,0.006855704199401145,True
10602,-11,1.2021053,2.4316912,1,2,41.690914,244.58266,0.11453471,59.256077,2.4328685,1.2079624,42,28,1,11,0.028723642,0.019431759,10.0010605,0.0050847568,0.0035215702,0.001177311,0.005857110023498535,0.005974261367340369,True
10603,11,-3.1056542,2.275532,2,2,56.45195,275.4115,0.48258272,73.31681,2.2674322,-3.1009996,51,19,1,9,0.019490339,0.022852825,9.047947,0.0041642413,0.0021185821,-0.008099794,0.004654645919799805,0.009341969715297244,True
10603,-11,0.022645898,-2.2592542,1,2,56.45195,275.4115,0.7988941,74.32166,-2.2551305,0.026866082,41,22,1,9,0.02143548,0.022730619,7.5844955,0.0047171544,0.0027195022,0.0041236877,0.004220183938741684,0.0059004027903176975,True
10604,-11,-2.7734685,2.7742417,1,2,97.634735,782.6923,0.9600442,112.49388,2.7809997,-2.7686582,52,34,1,11,0.041816328,0.019642152,15.226446,0.004893205,0.002426985,0.0067579746,0.004810333251953125,0.008295150865095307,True
10604,11,0.37273315,-2.7672536,2,2,97.634735,782.6923,0.4133661,117.72507,-2.7626822,0.39302504,51,17,1,9,0.025801904,0.008523126,8.566506,0.0033307243,0.0027164086,0.004571438,0.020291894674301147,0.020800457522159612,True
10605,-11,0.65111864,2.9039571,1,2,40.146584,364.51398,0.12090716,53.073914,2.9037755,0.6426885,52,38,1,9,0.03601691,0.024738302,21.764708,0.0041242233,0.0027498985,-0.00018167496,0.008430123329162598,0.008432080712077683,True
10605,11,-2.4806201,-2.8883696,2,2,40.146584,364.51398,0.09711054,39.16867,-2.8803961,-2.440368,52,30,1,13,0.04713673,0.033797164,21.191893,0.0054239184,0.004743649,0.007973433,0.0402522087097168,0.04103432630884987,True
10606,11,-3.032989,-1.9589024,2,2,2.5008063,9.000576,0.7800041,5.9581604,-1.9726669,-2.9888837,36,17,1,5,0.0343472,0.032905806,12.634293,0.00995526,0.0029301734,-0.013764501,0.04410529136657715,0.0462032272673451,True
10607,11,1.7511708,-2.8233383,2,2,11.823678,99.61603,0.95888674,13.283998,-2.8105829,1.7206264,49,12,1,9,0.031237798,0.020480346,23.413012,0.003852823,0.0024713022,0.012755394,0.030544400215148926,0.03310076221521255,True
10608,-11,1.7473425,-2.278575,1,2,38.074978,186.51103,0.38773775,52.37324,-2.2809496,1.7416292,42,28,1,13,0.026467504,0.02656452,10.294552,0.0055000763,0.0028542376,-0.002374649,0.005713224411010742,0.006187074532525964,True
10608,11,-1.3746419,2.2644997,2,2,38.074978,186.51103,0.95866674,49.62968,2.2621915,-1.3729649,47,18,1,9,0.01853976,0.023890173,10.323367,0.004018625,0.0028683543,-0.0023081303,0.0016770362854003906,0.002853053795952972,True
10609,11,2.7402897,2.3150563,2,2,4.2703266,22.259474,0.0,6.2524505,2.298064,2.7151043,39,16,1,7,0.041485626,0.032398846,14.568475,0.008828144,0.0032263238,-0.01699233,0.025185346603393555,0.030381589642761216,True
10609,-11,-0.56548697,-2.3574274,1,2,4.2703266,22.259474,0.956304,8.899621,-2.385419,-0.5287774,43,23,1,7,0.04258369,0.039874308,21.468628,0.008021347,0.0045369193,-0.027991533,0.03670954704284668,0.046164020354321635,True
10611,11,0.75784916,1.5676115,2,2,74.62392,185.4604,0.039042182,94.07651,1.5644753,0.7570663,36,20,1,9,0.0096737305,0.012069901,6.957435,0.0046155034,0.0026695763,-0.003136158,0.0007828474044799805,0.003232388709057792,True
10611,-11,-2.4048922,-1.5531828,1,2,74.62392,185.4604,0.64118993,95.68797,-1.5528051,-2.40731,45,23,1,7,0.008008684,0.015874272,10.2173195,0.0038967174,0.0023833096,0.00037777424,0.0024178028106689453,0.0024471378805899363,True
10613,-11,-1.5550224,-2.4576788,1,2,5.179052,30.930075,0.1290394,11.531719,-2.4702594,-1.5558678,49,24,1,7,0.05249363,0.022377484,20.512064,0.008628987,0.0046261842,-0.012580633,0.0008454322814941406,0.012609008292370966,True
10613,11,1.7042446,2.490075,2,2,5.179052,30.930075,0.17282817,17.640839,2.497094,1.6993684,48,22,1,5,0.043400362,0.05143949,20.907595,0.0073608253,0.004220268,0.0070188046,0.004876255989074707,0.00854643140308534,True
10615,11,0.75215936,-2.7040756,2,2,94.812386,701.8785,0.44504753,116.75944,-2.7110708,0.73810154,49,28,1,9,0.021375183,0.018385679,8.912639,0.0028914248,0.0022258523,-0.006995201,0.014057815074920654,0.015702070002145154,True
10615,-11,-2.394613,2.6769438,1,2,94.812386,701.8785,0.34949788,129.49306,2.6773524,-2.412191,51,32,1,11,0.03874371,0.026406996,11.696296,0.0054802513,0.0027414896,0.00040864944,0.0175778865814209,0.01758263606624025,True
10616,11,-1.947688,1.5326853,2,2,40.994526,100.68691,0.3731637,49.343422,1.5356578,-1.9411844,52,18,1,5,0.012813469,0.023626896,9.894412,0.0063290577,0.002663255,0.0029724836,0.006503582000732422,0.007150680947535805,True
10616,-11,1.1548808,-1.5625966,1,2,40.994526,100.68691,0.35223833,50.349155,-1.5630653,1.1531096,43,14,1,7,0.013015632,0.016178751,7.55788,0.006202286,0.002859915,-0.00046873093,0.0017712116241455078,0.0018321842972197238,True
10617,-11,-0.29833135,1.935252,1,2,21.648682,75.75334,0.3724604,25.904705,1.9353334,-0.29825288,32,18,1,7,0.01716013,0.01990926,6.234694,0.005241951,0.0029563084,8.1419945e-05,7.846951484680176e-05,0.00011307816838599885,True
10617,11,2.8926802,-1.914294,2,2,21.648682,75.75334,0.8598788,17.46618,-1.9116691,2.8691201,37,12,1,11,0.022740897,0.0122569045,6.9210835,0.007044568,0.0032132166,0.0026248693,0.023560047149658203,0.023705817021419832,True
10622,-11,-1.4554267,-2.3741388,1,2,99.35027,545.639,0.5173758,124.70947,-2.3759437,-1.4548439,45,31,1,9,0.026310343,0.025831657,13.162669,0.0050167786,0.002927714,-0.0018048286,0.0005828142166137695,0.0018965966478310138,True
10622,11,1.6928859,2.4021907,2,2,99.35027,545.639,0.9882636,124.1876,2.4063978,1.6885464,43,26,1,13,0.030124785,0.023718808,11.523448,0.0054674526,0.002765363,0.0042071342,0.004339456558227539,0.006044076568359136,True
10623,11,-2.8996646,2.6251328,2,2,9.657114,68.18637,0.37800133,21.428904,2.6255052,-2.8997326,51,28,1,7,0.04017808,0.040909875,20.604174,0.0058901533,0.0040514986,0.00037240982,6.794929504394531e-05,0.00037855802876705496,True
10623,-11,0.18879864,-2.660716,1,2,9.657114,68.18637,0.23140834,18.77484,-2.6427987,0.18255144,52,30,1,5,0.037146587,0.0479719,23.582548,0.0053821616,0.003144014,0.017917395,0.006247192621231079,0.01897525883947162,True
10627,11,2.1449814,1.5053191,2,2,95.11142,221.09293,0.57743406,107.31664,1.5058523,2.1458907,41,14,1,7,0.009164606,0.013719892,7.867712,0.004671246,0.002863959,0.00053322315,0.0009093284606933594,0.0010541371662246967,True
10628,-11,-1.7049685,-2.0003662,1,2,66.97885,244.91434,0.55141604,80.03218,-1.9995962,-1.704671,34,18,1,9,0.019075237,0.0125189945,6.092977,0.0055353353,0.0028576003,0.0007699728,0.0002974271774291992,0.0008254217263093479,True
10628,11,1.4518672,1.9414885,2,2,66.97885,244.91434,0.10904537,83.39449,1.941057,1.4529171,48,17,1,9,0.01627219,0.013883869,7.9409986,0.0051150173,0.0024498387,-0.00043153763,0.0010498762130737305,0.0011351056282601767,True
10630,11,-0.69585097,2.9204223,2,2,20.932486,193.29042,0.08510537,28.996,2.9267888,-0.6798187,52,38,1,9,0.030178923,0.036221124,32.871437,0.0032332488,0.0026076597,0.0063664913,0.016032278537750244,0.017250106335125207,True
10630,-11,2.4270086,-2.9058475,1,2,20.932486,193.29042,0.26155153,33.563484,-2.9109015,2.4136539,52,32,1,9,0.033220433,0.0255211,24.82067,0.0036179281,0.0028903035,-0.005053997,0.013354778289794922,0.014279110232099896,True
10631,11,-2.5478315,-2.4756007,2,2,5.986666,36.176056,0.9805378,13.20625,-2.4657276,-2.5405579,37,23,1,5,0.03884701,0.04060127,12.392136,0.006841425,0.00405081,0.009873152,0.007273674011230469,0.012263174921882235,True
10633,11,0.4677483,2.5560853,2,2,89.766914,579.9704,0.7246765,117.300644,2.5573807,0.46544057,51,34,1,13,0.027333092,0.022382267,15.487118,0.0043217666,0.0025907308,0.0012953281,0.0023077428340911865,0.002646422476174599,True
10634,11,-0.6724227,2.5626585,2,2,41.02821,270.28122,0.44385254,56.72538,2.5644393,-0.6733234,42,28,1,9,0.03369376,0.020014768,14.58582,0.0053697727,0.0027423035,0.0017807484,0.0009006857872009277,0.001995569988273535,True
10634,-11,2.455697,-2.5825367,1,2,41.02821,270.28122,0.39341223,49.477016,-2.5839858,2.4610753,43,26,1,11,0.030005373,0.022123594,14.450485,0.004573587,0.0026391149,-0.0014491081,0.005378246307373047,0.0055700491646999825,True
10638,-11,2.4785051,-1.9083093,1,2,7.53548,25.479174,0.7682258,12.786787,-1.910608,2.4853365,51,17,1,5,0.034257732,0.025116984,13.092536,0.01059855,0.002964228,-0.0022987127,0.00683140754699707,0.0072077880908229626,True
10639,11,0.39833397,2.4133592,2,2,58.98566,331.2658,0.11482231,73.58082,2.4191284,0.39740014,45,22,1,9,0.031564817,0.017663607,11.408897,0.005586318,0.0029795335,0.005769253,0.0009338259696960449,0.005844340008877482,True
10639,-11,-2.754243,-2.4081612,1,2,58.98566,331.2658,0.6935897,67.78265,-2.4086912,-2.7465272,45,22,1,11,0.031912852,0.0202164,12.795516,0.0056387363,0.0027471683,-0.0005300045,0.007715702056884766,0.007733884082533136,True
10643,-11,1.5180306,-2.8858795,1,2,15.922026,145.58945,0.70556355,14.854236,-2.90444,1.4745535,52,38,1,7,0.046206564,0.05579552,47.626423,0.0047933822,0.0020140281,-0.01856041,0.04347717761993408,0.04727318238355438,True
10643,11,-1.5987206,2.9209456,2,2,15.922026,145.58945,0.22906828,22.645863,2.9291341,-1.566802,52,30,1,9,0.03064142,0.03667857,37.199623,0.0033361935,0.0020789779,0.008188486,0.03191852569580078,0.03295214084433142,True
10645,11,2.2281106,1.7533019,2,2,99.4283,295.1406,0.63265413,115.115776,1.7531545,2.2297287,34,15,1,9,0.011556054,0.011590336,5.2980804,0.004419112,0.0029118345,-0.00014734268,0.0016181468963623047,0.0016248412981309758,True
10645,-11,-0.9263974,-1.7497143,1,2,99.4283,295.1406,0.79369336,119.262146,-1.749514,-0.92516375,42,16,1,9,0.017782269,0.015130069,6.5547624,0.0067881322,0.0027405454,0.0002002716,0.0012336373329162598,0.0012497878962099643,True
10647,-11,-2.1712632,2.4039867,1,2,10.588043,60.583447,0.8027322,17.307537,2.3997464,-2.1624687,40,26,1,7,0.049198315,0.031270813,16.09198,0.009358901,0.00389775,-0.0042402744,0.008794546127319336,0.009763399493729364,True
10647,11,1.0304646,-2.45647,2,2,10.588043,60.583447,0.7728395,21.029661,-2.4777856,1.0303643,44,23,1,7,0.039155863,0.04244627,18.652195,0.0066094683,0.003650616,-0.021315575,0.00010037422180175781,0.02131581095252862,True
10648,-11,-0.8246563,1.5004083,1,2,77.00887,181.92499,0.3875277,92.415146,1.5043995,-0.8281955,51,19,1,7,0.0124163795,0.011891032,6.581739,0.006221624,0.0024529167,0.003991246,0.0035392045974731445,0.0053344180813737095,True
10648,11,2.3387392,-1.5090021,2,2,77.00887,181.92499,0.9942081,71.557816,-1.5097816,2.3334262,38,24,1,7,0.007869287,0.0102599785,6.9173794,0.003992235,0.002756449,-0.00077950954,0.005312919616699219,0.005369799807168274,True
10649,-11,0.15418334,2.4289744,1,2,37.699814,214.395,0.2645915,51.103855,2.4190013,0.15112403,48,26,1,9,0.027477235,0.022032881,11.877384,0.005130523,0.0031199942,-0.009973049,0.0030593127012252808,0.010431735319756408,True
10649,11,-2.9703736,-2.4180617,2,2,37.699814,214.395,0.9172372,45.72814,-2.4184666,-2.9771223,44,20,1,11,0.023550423,0.021092027,9.417347,0.004351493,0.002891151,-0.00040483475,0.006748676300048828,0.006760807864114606,True
10655,11,-0.468794,2.6734624,2,2,53.935577,395.51132,0.3448062,68.528336,2.6618435,-0.4556218,45,22,1,11,0.027464915,0.020314198,15.973227,0.0039667445,0.0027003493,-0.011618853,0.013172179460525513,0.017564283388856305,True
10655,-11,2.6636233,-2.68831,1,2,53.935577,395.51132,0.851944,53.67412,-2.6883857,2.6872113,47,28,1,11,0.02371998,0.013553437,11.848909,0.0033117847,0.0020320395,-7.581711e-05,0.023587942123413086,0.02358806396996952,True
10656,-11,-2.7114403,-1.479438,1,2,53.45488,124.037445,0.7751319,3.80555,-1.4859495,-2.735575,48,9,1,3,0.012891662,0.01645319,16.072214,0.0067891353,0.0030168314,-0.006511569,0.02413463592529297,0.024997623516361568,True
10656,11,0.4622418,1.4903743,2,2,53.45488,124.037445,0.9465999,54.27119,1.4914218,0.4626539,43,13,1,5,0.008998439,0.019435223,8.541714,0.0046604592,0.0024085962,0.001047492,0.0004121065139770508,0.0011256426217376074,True
10659,11,0.15427633,-2.03509,2,2,42.71953,165.50539,0.58696693,49.81964,-2.0362413,0.14592278,40,16,1,9,0.01635041,0.017631304,9.641537,0.004455505,0.0026636214,-0.0011513233,0.008353546261787415,0.008432513295255347,True
10659,-11,-3.0097651,2.025788,1,2,42.71953,165.50539,0.43600026,57.39327,2.0285528,-3.0044503,45,21,1,9,0.025035448,0.017788675,9.474182,0.006695887,0.002927131,0.0027647018,0.005314826965332031,0.0059909066053106886,True
10665,11,1.6465559,2.5761292,2,2,85.63326,571.7949,0.5684276,105.57863,2.5826466,1.6403118,52,27,1,11,0.0294916,0.026635159,11.268184,0.0046244864,0.0032145292,0.0065174103,0.006244063377380371,0.009025794380368856,True
10669,-11,2.2248588,-1.5445242,1,2,45.677357,112.600426,0.461685,56.522816,-1.5466303,2.223033,35,14,1,7,0.011368872,0.014392402,5.483537,0.0055315057,0.0027950392,-0.0021060705,0.0018258094787597656,0.002787312891244798,True
10669,11,-0.88185674,1.5585341,2,2,45.677357,112.600426,0.02543581,53.244347,1.5568123,-0.8826905,30,16,1,9,0.010362823,0.009728506,5.7864857,0.0050238715,0.002666376,-0.001721859,0.0008337497711181641,0.0019130961873083411,True
10670,-11,-2.2054782,-2.042982,1,2,82.95788,322.93054,0.3251302,109.6485,-2.0406733,-2.2059531,52,25,1,9,0.020535972,0.016601065,9.771421,0.0055542868,0.0027112553,0.0023088455,0.0004749298095703125,0.0023571860256103574,True
10670,11,0.94761187,2.0277514,2,2,82.95788,322.93054,0.6192212,104.05196,2.0235136,0.94966346,38,21,1,9,0.017894693,0.015582157,5.9014573,0.004981489,0.0021298055,-0.0042378902,0.0020515918731689453,0.004708369449546045,True
10671,-11,1.0934541,-2.5986786,1,2,53.594685,361.34103,0.48715305,72.91706,-2.6238863,1.0913752,49,30,1,11,0.031539835,0.031797647,13.20542,0.004530611,0.0025806476,-0.025207758,0.0020788908004760742,0.025293336609954475,True
10671,11,-2.0380592,2.5932846,2,2,53.594685,361.34103,0.6051341,69.58372,2.579681,-2.025488,47,22,1,11,0.04455295,0.023230135,11.176353,0.0072552385,0.002673838,-0.013603687,0.012571334838867188,0.018522925645400454,True
10672,-11,3.0080574,-1.8761655,1,2,81.318634,270.56146,0.014374793,100.18196,-1.8793881,3.0077803,52,21,1,11,0.016496744,0.015523901,8.210535,0.005303574,0.0025762755,-0.0032225847,0.0002770423889160156,0.003234471363998242,True
10672,11,-0.11962705,1.8676353,2,2,81.318634,270.56146,0.9646105,99.16253,1.8694906,-0.11763449,39,25,1,15,0.014987952,0.015408282,7.1118727,0.0049057896,0.0027445483,0.0018553734,0.001992560923099518,0.0027226291376179677,True
10674,11,1.863772,-2.401127,2,2,14.092051,78.75198,0.8295113,13.654854,-2.4076223,1.8456427,44,25,1,7,0.054508697,0.019063707,16.371042,0.0097581325,0.002738245,-0.0064952374,0.018129348754882812,0.019257761939356705,True
10674,-11,-1.324129,2.4105463,1,2,14.092051,78.75198,0.9709892,22.993145,2.4112413,-1.3060617,47,25,1,7,0.029016554,0.022965657,15.306565,0.0052579213,0.0032445095,0.00069499016,0.018067240715026855,0.0180806028211051,True
10680,-11,0.36905944,1.8084855,1,2,51.59675,161.95796,0.89751333,51.032654,1.8089548,0.36909416,41,24,1,9,0.018809127,0.013916425,11.896285,0.0067697144,0.0025592854,0.00046932697,3.471970558166504e-05,0.0004706094617671986,True
10680,11,-2.74916,-1.812819,2,2,51.59675,161.95796,0.070732705,63.195686,-1.8138809,-2.7489426,33,19,1,9,0.014542537,0.014278021,5.7794294,0.0050523877,0.0029877757,-0.0010619164,0.000217437744140625,0.0010839490346756444,True
10682,-11,1.0789894,-2.0666006,1,2,49.99145,204.39885,0.72818047,67.15694,-2.062815,1.07651,44,30,1,11,0.01736624,0.018107675,8.591823,0.004598519,0.001913731,0.0037856102,0.0024794340133666992,0.004525310749312869,True
10682,11,-2.0444732,2.1059828,2,2,49.99145,204.39885,0.88390344,58.14124,2.1067934,-2.0433261,37,23,1,9,0.021444809,0.015788479,8.457082,0.0054260204,0.00301486,0.00081062317,0.0011470317840576172,0.0014045610829256736,True
10684,11,0.62940645,-2.3370287,2,2,7.91963,41.362896,0.56307936,12.844442,-2.3726084,0.6640853,45,29,1,7,0.05306884,0.03227747,28.657814,0.010003734,0.0037651,-0.03557968,0.034678876399993896,0.049684385697012244,True
10684,-11,-2.6005268,2.3374004,1,2,7.91963,41.362896,0.6625026,14.188556,2.3443477,-2.6043375,52,23,1,7,0.033564866,0.024031231,20.001503,0.0064151655,0.003718025,0.006947279,0.0038106441497802734,0.00792374250718336,True
10691,11,-2.507864,-1.977798,2,2,39.55708,143.95561,0.0,51.47289,-1.9752817,-2.508184,36,17,1,9,0.020708313,0.020502087,7.2245975,0.0062630996,0.0027428332,0.0025162697,0.0003199577331542969,0.0025365302768611295,True
10691,-11,0.6078041,1.9533677,1,2,39.55708,143.95561,0.08133351,51.074383,1.9480832,0.6048377,45,20,1,9,0.019716548,0.02084039,18.23443,0.0060339817,0.002803346,-0.005284548,0.0029664039611816406,0.0060601978821204425,True
10693,-11,0.6159548,-2.3721466,1,2,88.578896,480.80695,0.9716765,102.45219,-2.3751028,0.61461437,42,19,1,9,0.02074278,0.020343734,9.016945,0.004070392,0.002426792,-0.002956152,0.0013404488563537598,0.0032458646773625968,True
10693,11,-2.5180256,2.3801231,2,2,88.578896,480.80695,0.666493,109.97966,2.380967,-2.5110044,43,27,1,11,0.022303676,0.020875592,9.777711,0.0042793397,0.0024153688,0.00084376335,0.007021188735961914,0.007071706149100968,True
10695,11,-2.4106333,-2.4612594,2,2,35.739727,211.65096,0.29708314,44.021336,-2.4686594,-2.4024534,47,30,1,9,0.03394827,0.02471092,14.999414,0.0056372187,0.002951068,-0.007400036,0.008179903030395508,0.01103047342870057,True
10695,-11,0.71370935,2.46801,1,2,35.739727,211.65096,0.8998737,46.18632,2.4716578,0.7350605,51,25,1,9,0.030489562,0.023488369,12.99138,0.0051145987,0.003100396,0.0036478043,0.021351158618927002,0.021660527470301994,True
10697,11,1.5829383,-2.643695,2,2,19.183355,137.1288,0.5087673,25.21737,-2.6353376,1.5887215,46,20,1,9,0.023497008,0.01974033,16.345253,0.0034255616,0.0020719918,0.008357525,0.005783200263977051,0.01016334741544647,True
10697,-11,-1.5851234,2.6666903,1,2,19.183355,137.1288,0.20988543,27.866062,2.6601648,-1.5857693,44,20,1,9,0.03031333,0.026183458,10.795251,0.0043427222,0.0027820778,-0.0065255165,0.0006458759307861328,0.00655740215573169,True
10699,11,-2.200369,-2.6624594,2,2,18.679842,134.84087,0.6760242,16.284878,-2.6455352,-2.1659198,47,20,1,7,0.0353428,0.017151706,13.281651,0.005127096,0.0029972878,0.016924143,0.034449100494384766,0.03838185930588662,True
10699,-11,0.914389,2.667537,1,2,18.679842,134.84087,0.87607133,27.28126,2.648159,0.93815905,48,29,1,7,0.054021794,0.03920559,19.621794,0.008172784,0.0028462452,-0.019377947,0.023770034313201904,0.030667888247375746,True
10702,11,1.8237667,2.4825964,2,2,29.248568,174.76593,0.57738173,42.07104,2.4867227,1.8303324,52,25,1,9,0.032664318,0.03148205,15.197894,0.0053885034,0.0027455816,0.0041263103,0.006565690040588379,0.007754658161338397,True
10702,-11,-1.3386806,-2.4648952,1,2,29.248568,174.76593,0.84169984,36.89641,-2.4695644,-1.3396602,45,21,1,13,0.03377667,0.01769002,9.631564,0.0056196474,0.0030053458,-0.0046691895,0.0009795427322387695,0.004770831595587454,True
10704,-11,1.6982398,-1.7519321,1,2,95.89351,286.741,0.7682393,129.98097,-1.7496171,1.7016621,42,22,1,9,0.016449032,0.018738152,8.729033,0.0063592563,0.002493646,0.0023150444,0.003422260284423828,0.004131742467190482,True
10704,11,-1.4300938,1.7666998,2,2,95.89351,286.741,0.83406097,112.767105,1.7706275,-1.4293511,40,16,1,7,0.018680828,0.018874165,6.331141,0.0067048576,0.0025574681,0.0039277077,0.0007426738739013672,0.003997305569158499,True
10707,11,1.8198004,-1.5588337,2,2,37.508595,91.243,0.53281546,47.27658,-1.5596265,1.8194427,40,15,1,7,0.013630787,0.013146629,10.015763,0.0067008385,0.0028155136,-0.0007927418,0.00035762786865234375,0.0008696765002458321,True
10707,-11,-1.3649476,1.5156974,1,2,37.508595,91.243,0.72708464,37.949356,1.5184554,-1.3643465,45,17,1,3,0.012461683,0.0208864,7.767503,0.0062219915,0.0031750463,0.0027580261,0.0006010532379150391,0.002822759835731182,True
10711,-11,2.4619684,-2.9895563,1,2,60.43953,605.69885,0.13275397,29.783627,-2.9512343,2.440002,52,16,1,11,0.04176345,0.02144883,26.050037,0.0045927525,0.0024429006,0.038321972,0.02196645736694336,0.04417124437628799,True
10712,-11,-1.4430884,-1.9880174,1,2,20.224552,74.63068,0.46066612,30.690233,-1.9947003,-1.4404948,52,19,1,7,0.028716996,0.030979695,13.567914,0.008001325,0.0034901982,-0.006682873,0.0025936365127563477,0.007168524159306841,True
10712,11,1.7484342,1.9720845,2,2,20.224552,74.63068,0.14504166,27.819849,1.9707057,1.7529483,42,26,1,7,0.027387012,0.020715335,15.62171,0.008145732,0.0029898053,-0.0013787746,0.004514098167419434,0.004719968402890251,True
10714,11,0.100890666,-1.8133041,2,2,51.45047,161.68195,0.024494858,66.4014,-1.8146423,0.10209245,50,22,1,11,0.019318677,0.01913317,10.37627,0.006659805,0.0021888635,-0.0013382435,0.0012017861008644104,0.0017986621136795884,True
10716,11,-0.86913675,1.5663139,2,2,32.787544,81.61211,0.042466175,41.457436,1.5662727,-0.8672376,41,21,1,17,0.011026768,0.011945753,8.15702,0.0052827164,0.0025235824,-4.1127205e-05,0.001899123191833496,0.001899568462767879,True
10716,-11,2.2244177,-1.5579633,1,2,32.787544,81.61211,0.93737996,40.77136,-1.5575117,2.223227,51,15,1,7,0.013430426,0.01938756,8.01833,0.0068106586,0.002903417,0.0004515648,0.0011906623840332031,0.0012734157495697155,True
10718,11,2.6197646,-2.7088914,2,2,26.597603,197.45349,0.14843002,33.675297,-2.7167344,2.6232002,49,13,1,9,0.024070868,0.025711425,11.89733,0.003157168,0.002731568,-0.007843018,0.0034356117248535156,0.008562496870348548,True
10718,-11,-0.5401346,2.6779065,1,2,26.597603,197.45349,0.98785824,38.232975,2.660389,-0.53776824,48,29,1,9,0.04974482,0.03405519,14.768972,0.0072274893,0.0028553184,-0.017517567,0.002366364002227783,0.01767667448316371,True
10719,-11,1.6931876,-2.5586154,1,2,4.16653,26.801535,0.07199395,9.94212,-2.5247803,1.695787,47,27,1,7,0.05670348,0.031522527,19.237862,0.009446637,0.0038819625,0.033835173,0.002599358558654785,0.03393487330957319,True
10719,11,-1.3129437,2.5398467,2,2,4.16653,26.801535,0.7966399,3.5790484,2.5579078,-1.3278847,43,6,1,3,0.04327387,0.016271343,28.480722,0.0066893497,0.002826476,0.018061161,0.014940977096557617,0.02344010103113454,True
10721,-11,-1.2284532,-2.7765126,1,2,41.874146,340.7109,0.7319818,52.390873,-2.8041773,-1.2349501,52,36,1,7,0.054718595,0.024722645,21.69175,0.006293849,0.002548878,-0.027664661,0.006496906280517578,0.02841730577005038,True
10721,11,1.9237194,2.7950149,2,2,41.874146,340.7109,0.3950354,49.198254,2.795863,1.9200586,51,19,1,7,0.03183809,0.02291145,12.614373,0.0040081968,0.002535053,0.0008480549,0.0036607980728149414,0.0037577439534065954,True
10722,11,0.88732916,-1.8779291,2,2,4.990509,16.695387,0.0,12.345462,-1.8834283,0.8807718,42,14,1,7,0.045820884,0.020016821,13.367101,0.014822411,0.0030047032,-0.0054992437,0.006557345390319824,0.008558064013325468,True
10722,-11,-2.4794607,1.8813782,1,2,4.990509,16.695387,0.48853505,7.77899,1.8854676,-2.5101874,41,27,1,5,0.03179079,0.026974658,23.415201,0.010244336,0.002749568,0.0040894747,0.03072667121887207,0.03099761486503078,True
10725,-11,2.1430917,-1.5681738,1,2,57.28586,144.57135,0.94148,60.53175,-1.5666355,2.1534517,39,17,1,15,0.012266457,0.011816492,6.866438,0.0058790487,0.0025292477,0.0015382767,0.010360002517700195,0.010473583306943781,True
10725,11,-0.9714337,1.5861394,2,2,57.28586,144.57135,0.87532485,66.21388,1.5866382,-0.96549946,41,16,1,9,0.011290595,0.013089727,7.13022,0.00527484,0.002514219,0.00049877167,0.005934238433837891,0.005955162379475477,True
10726,11,-1.2807698,-2.140626,2,2,36.712757,156.94012,0.6480202,52.06233,-2.1409807,-1.2767223,41,27,1,9,0.027993744,0.022446329,15.388058,0.006901919,0.0032560355,-0.00035476685,0.004047513008117676,0.004063031019533563,True
10726,-11,1.8372842,2.123334,1,2,36.712757,156.94012,0.576096,49.055386,2.12493,1.8400269,41,14,1,7,0.01791079,0.017550973,7.285462,0.0044502527,0.003282861,0.001595974,0.0027426481246948242,0.0031732084148445683,True
10728,-11,0.9090865,-1.5289228,1,2,64.44744,157.27783,0.69754803,59.134853,-1.5301958,0.9051273,50,14,1,5,0.010339725,0.022769423,7.224549,0.005108485,0.0026845438,-0.001273036,0.003959238529205322,0.004158868882539394,True
10728,11,-2.2074919,1.5521238,2,2,64.44744,157.27783,0.7379721,73.88478,1.5537974,-2.210656,50,17,1,7,0.010538552,0.019671593,8.186304,0.0051160143,0.002921527,0.0016735792,0.003164052963256836,0.0035793991859419823,True
10730,11,0.12288528,1.7151066,2,2,2.7697313,7.8577576,0.225193,8.175524,1.735132,0.16853765,45,18,1,5,0.036815982,0.041525025,14.532843,0.014203059,0.0023595996,0.020025373,0.0456523671746254,0.049851320620440155,True
10733,11,1.8445548,1.9071008,2,2,5.288907,18.02694,0.6279324,6.4258986,1.9172255,1.8858958,34,13,1,5,0.039805915,0.021253206,6.75511,0.01208114,0.0035350427,0.010124683,0.04134106636047363,0.042562812185539735,True
10733,-11,-1.505253,-1.8907654,1,2,5.288907,18.02694,0.8603519,5.303929,-1.8913724,-1.5431062,36,12,1,9,0.03212081,0.021865584,6.7113457,0.010527185,0.004772057,-0.0006070137,0.037853240966796875,0.037858107682837,True
10736,-11,2.1668923,2.7487948,1,2,34.11519,264.74237,0.69959813,36.776924,2.7340198,2.199417,46,22,1,11,0.030980662,0.018807802,8.704701,0.0041602897,0.003027378,-0.014775038,0.032524824142456055,0.035723464564641136,True
10736,11,-0.9610071,-2.7273076,2,2,34.11519,264.74237,0.2408869,47.683487,-2.7213867,-0.96964115,45,28,1,11,0.034192696,0.021926926,11.187903,0.0047087567,0.003906725,0.005920887,0.008634030818939209,0.010469163803462472,True
10737,-11,1.0487046,-2.484236,1,2,16.296541,100.14973,0.72279227,25.139568,-2.484676,1.0504484,44,26,1,7,0.031042214,0.029550415,13.46082,0.005321336,0.0029365397,-0.00043988228,0.0017437934875488281,0.001798419346566692,True
10737,11,-2.0566278,2.5205655,2,2,16.296541,100.14973,0.74410456,22.481321,2.5054228,-2.0511155,51,17,1,7,0.036609072,0.022869734,11.763823,0.0062631513,0.003121865,-0.015142679,0.005512237548828125,0.01611476000950602,True
10745,-11,2.3186998,-2.632261,1,2,42.96958,301.75757,0.96636885,57.15242,-2.6344345,2.3182876,43,29,1,15,0.037479207,0.034991816,12.032264,0.0055137253,0.0034990357,-0.0021734238,0.00041222572326660156,0.0022121710870259743,True
10745,11,-0.8109208,2.642117,2,2,42.96958,301.75757,0.3474929,58.20388,2.6426024,-0.81004125,43,29,1,9,0.036798116,0.02099332,11.089597,0.0054207616,0.0035229146,0.00048542023,0.0008795261383056641,0.001004588983013902,True
10746,-11,1.909691,2.8841457,1,2,97.12433,875.0292,0.0054306695,108.65542,2.891128,1.9083735,52,28,1,11,0.029264225,0.020227822,11.579023,0.003308999,0.0030679943,0.0069823265,0.0013175010681152344,0.007105539677912739,True
10750,-11,0.6173279,-2.3561742,1,2,60.993885,323.97107,0.11419182,82.33266,-2.35403,0.62186795,46,21,1,9,0.02725759,0.027012084,9.388229,0.0054868306,0.0028843032,0.0021443367,0.0045400261878967285,0.00502095782139882,True
10750,11,-2.5130272,2.3519337,2,2,60.993885,323.97107,0.5397508,78.34633,2.3522387,-2.5025463,52,24,1,9,0.018460955,0.012395409,12.878257,0.0035923338,0.002823145,0.00030493736,0.010480880737304688,0.01048531581902792,True
10751,-11,2.2031212,-1.7214,1,2,9.975023,28.708511,0.48695078,4.7131176,-1.7158453,2.2355134,50,14,1,7,0.02085717,0.014764156,12.32984,0.008140841,0.004556644,0.005554676,0.032392263412475586,0.03286507500131273,True
10752,-11,2.1586986,2.2118926,1,2,63.60474,292.2844,0.9027786,77.99232,2.2086248,2.1653886,45,31,1,7,0.017562259,0.020807559,9.794649,0.0040708007,0.0025839997,-0.003267765,0.006690025329589844,0.007445450092075621,True
10753,11,0.64686024,-1.7784522,2,2,15.13875,44.852406,0.24222432,15.661294,-1.7789261,0.6618036,45,13,1,7,0.016517596,0.015586132,11.716684,0.006178463,0.0026894228,-0.00047397614,0.014943361282348633,0.014950876221532516,True
10753,-11,-2.579746,1.722035,1,2,15.13875,44.852406,0.87652165,6.306643,1.7200366,-2.5573087,36,12,1,5,0.023316761,0.016407436,16.95997,0.009317242,0.0024995243,-0.0019984245,0.022437334060668945,0.022526155023103785,True
10754,11,2.301206,-2.4597394,2,2,42.493248,248.58691,0.6562043,52.93797,-2.4652202,2.3051565,43,22,1,11,0.029683461,0.02022198,8.907633,0.004969615,0.00310608,-0.0054807663,0.003950357437133789,0.0067560433810945975,True
10754,-11,-0.8549773,2.4447534,1,2,42.493248,248.58691,0.92228055,53.981888,2.442783,-0.8546088,46,23,1,9,0.027338732,0.02247564,9.27338,0.0049845157,0.0031637875,-0.0019702911,0.00036853551864624023,0.0020044614228726236,True
10755,-11,0.32972476,-2.2165468,1,2,26.409483,124.86895,0.22401029,37.048706,-2.2223394,0.33366868,52,28,1,9,0.021687815,0.026391491,13.917261,0.004843265,0.0030406108,-0.005792618,0.003943920135498047,0.007007776179871444,True
10755,11,-2.7824755,2.2545369,2,2,26.409483,124.86895,0.95629996,40.092094,2.2423716,-2.790707,42,26,1,7,0.040388722,0.032484367,11.710312,0.009053318,0.0030699421,-0.012165308,0.008231639862060547,0.014688588050625645,True
10757,11,1.633118,1.7713825,2,2,72.39898,222.7473,0.6492364,90.157845,1.7736397,1.6352025,33,17,1,7,0.011164338,0.011979345,5.4647527,0.004139819,0.0025614395,0.002257228,0.002084493637084961,0.003072489498454479,True
10757,-11,-1.52551,-1.8079717,1,2,72.39898,222.7473,0.9204155,76.47041,-1.8100216,-1.5241112,39,21,1,7,0.017381812,0.013765423,8.477406,0.0059898905,0.002852401,-0.002049923,0.0013988018035888672,0.002481699081488329,True
10759,11,0.43810162,2.320281,2,2,27.274271,140.26904,0.682586,38.301205,2.3126867,0.44667396,40,26,1,9,0.029586341,0.030002283,9.975123,0.00608535,0.0031631633,-0.007594347,0.00857234001159668,0.011452472263231336,True
10759,-11,-2.7295332,-2.32213,1,2,27.274271,140.26904,0.5222656,34.991825,-2.3214011,-2.738054,48,26,1,9,0.023818392,0.020425243,10.841505,0.0048534526,0.0029696203,0.0007288456,0.008520841598510742,0.008551956352214191,True
10760,-11,-0.092773035,-2.9671774,1,2,40.346947,387.278,0.0028825232,50.220135,-2.9620697,-0.10534261,52,26,1,11,0.028850416,0.014406568,21.28774,0.0031436905,0.0020757676,0.005107641,0.012569576501846313,0.013567691484261955,True
10760,11,3.0581195,2.9371586,2,2,40.346947,387.278,0.013730083,49.10785,2.936624,3.044381,52,21,1,9,0.035146825,0.013852405,16.29608,0.003877867,0.0033911816,-0.00053453445,0.013738632202148438,0.013749026942616437,True
10761,-11,-2.2214923,1.8887146,1,2,51.217667,172.23206,0.21715488,60.68524,1.8885132,-2.2229295,44,24,1,7,0.013151637,0.011941609,10.503597,0.0042664716,0.0028046381,-0.00020134449,0.0014371871948242188,0.0014512224628363195,True
10761,11,0.9419433,-1.8774114,2,2,51.217667,172.23206,0.13135971,64.191635,-1.8753444,0.9440611,51,21,1,9,0.01711193,0.01732291,8.566011,0.0055822544,0.0029457645,0.0020669699,0.0021178126335144043,0.00295930648969057,True
10762,11,1.9288727,-2.9938939,2,2,18.605188,184.68977,0.9594174,11.408103,-2.9638414,1.9172691,47,16,1,13,0.031426247,0.005952645,15.185991,0.0034421128,0.0008250569,0.030052423,0.011603593826293945,0.032214772008601227,True
10762,-11,-1.2322133,2.9778783,1,2,18.605188,184.68977,0.057765782,16.926235,2.9928608,-1.2070346,50,7,1,9,0.014344806,0.00968628,19.66272,0.0014476842,7.481832e-05,0.014982462,0.02517867088317871,0.029299140433153764,True
10764,11,-2.01163,2.240117,2,2,92.641014,435.3903,0.10021958,95.39284,2.2384915,-2.0073876,37,20,1,9,0.015775742,0.016127743,7.9463863,0.003489712,0.0025346053,-0.0016255379,0.004242420196533203,0.004543181979437035,True
10764,-11,1.1215168,-2.2183008,1,2,92.641014,435.3903,0.26053047,116.166695,-2.213861,1.1186808,44,24,1,11,0.019685583,0.016709743,6.763512,0.004375732,0.002690367,0.004439831,0.002835988998413086,0.005268294859538705,True
10766,-11,1.8076391,-1.6624602,1,2,8.397706,23.082426,0.03840692,11.981839,-1.6621667,1.8079501,37,12,1,9,0.014956043,0.016035333,8.11876,0.006269855,0.0029211103,0.00029349327,0.0003110170364379883,0.00042763289981361565,True
10766,11,-1.1670032,1.6785964,2,2,8.397706,23.082426,0.4657363,7.550481,1.6849681,-1.1175556,41,10,1,7,0.029160636,0.019665135,21.3034,0.011572042,0.0039673937,0.0063717365,0.04944753646850586,0.049856372589129755,True
10767,11,1.9150871,2.079335,2,2,15.085328,61.92682,0.28208503,22.258955,2.0740733,1.9203311,43,19,1,9,0.026132056,0.018883687,11.798383,0.0069615985,0.003914257,-0.0052616596,0.005244016647338867,0.007428645433407143,True
10767,-11,-1.2862277,-2.101492,1,2,15.085328,61.92682,0.725549,16.390432,-2.098069,-1.2535609,49,21,1,9,0.031680312,0.023268554,16.480366,0.00828321,0.0028373953,0.0034229755,0.032666802406311035,0.03284565026604609,True
10768,11,-1.9175131,1.9766538,2,2,55.858715,208.24768,0.32510024,72.266266,1.975446,-1.9202781,36,15,1,7,0.016818153,0.0147365,5.73723,0.004931773,0.0030532687,-0.0012078285,0.0027649402618408203,0.003017241188478189,True
10768,-11,1.2062255,-2.0047052,1,2,55.858715,208.24768,0.17246991,69.52213,-2.0028322,1.2110151,43,19,1,9,0.019782146,0.0153777795,9.318595,0.0057473895,0.002886034,0.0018730164,0.004789590835571289,0.005142797939580982,True
10769,-11,-1.32689,1.7393988,1,2,64.55515,190.58554,0.017781636,84.95211,1.740742,-1.327388,43,18,1,11,0.02151584,0.013761943,9.016949,0.008427275,0.0026351935,0.0013431311,0.0004980564117431641,0.0014325017395542502,True
10769,11,1.8347092,-1.7521338,2,2,64.55515,190.58554,0.32603535,79.02002,-1.7523519,1.8304323,52,18,1,9,0.014429553,0.014590434,7.9651275,0.00545363,0.0029981565,-0.00021803379,0.004276871681213379,0.004282425727482415,True
10771,-11,0.49772835,-2.1440399,1,2,82.83564,365.58884,0.46575344,91.73443,-2.1444614,0.50539917,44,17,1,7,0.01598367,0.0128154615,6.887959,0.003987781,0.002585046,-0.00042152405,0.0076708197593688965,0.00768239274599011,True
10771,11,-2.6337962,2.185858,2,2,82.83564,365.58884,0.61767435,101.82259,2.1877584,-2.6304,37,18,1,9,0.019159663,0.021606836,7.2566967,0.0044401176,0.0027191353,0.0019004345,0.003396272659301758,0.003891827229661252,True
10772,11,0.84159577,2.3760316,2,2,28.643309,154.82874,0.7000436,40.506348,2.3763494,0.8428008,52,27,1,7,0.027100123,0.03150403,17.948004,0.0051652603,0.0027716348,0.00031781197,0.0012050271034240723,0.0012462322278302595,True
10772,-11,-2.3235404,-2.3677897,1,2,28.643309,154.82874,0.83725125,33.915413,-2.369461,-2.32688,45,17,1,9,0.025064576,0.026105318,8.699874,0.0047864155,0.003069687,-0.0016713142,0.003339529037475586,0.0037344002837543548,True
14050,11,2.099235,-1.9292336,2,2,71.852905,254.68991,0.72364247,81.81222,-1.929308,2.1087668,51,23,1,7,0.017650234,0.01547088,13.283655,0.005424156,0.0030020454,-7.4505806e-05,0.009531736373901367,0.009532027560633547,True
14050,-11,-1.0570716,1.9469795,1,2,71.852905,254.68991,0.5698092,92.198685,1.9477278,-1.059542,50,22,1,9,0.018087538,0.016175872,11.270631,0.005440692,0.0029983472,0.0007482767,0.00247037410736084,0.002581214104176571,True
14052,-11,-3.0420258,-1.7760825,1,2,62.084038,186.03311,0.86445946,79.58555,-1.7756906,-3.0465107,44,19,1,7,0.016346775,0.02049538,7.2613754,0.006123105,0.0029626705,0.00039196014,0.004484891891479492,0.004501987120458774,True
14052,11,0.12003138,1.7471952,2,2,62.084038,186.03311,0.002708398,79.1931,1.7476798,0.12058483,31,17,1,9,0.013520288,0.012256714,5.7507744,0.005186713,0.002471305,0.00048458576,0.0005534514784812927,0.0007356166799287776,True
14053,-11,3.0525103,2.5916715,1,2,90.06251,618.5274,0.6398644,111.98368,2.5858355,3.0489712,43,21,1,9,0.031357642,0.028771615,8.832481,0.0049976814,0.002492471,-0.00583601,0.0035390853881835938,0.0068252573310728535,True
14053,11,-0.083253264,-2.6381729,2,2,90.06251,618.5274,0.07390382,117.10565,-2.6444128,-0.081200846,45,28,1,11,0.029914375,0.030652892,10.571879,0.0044031963,0.0030205636,-0.006239891,0.002052418887615204,0.006568764170271741,True
14055,-11,2.7980323,-2.9387898,1,2,80.89142,757.27826,0.5882765,93.22652,-2.9413483,2.8093443,48,13,3,9,0.02350271,0.004579157,10.455489,0.0025419572,0.0023518177,-0.0025584698,0.011312007904052734,0.011597727809380586,True
14055,11,-0.33875903,2.9151652,2,2,80.89142,757.27826,0.90539116,97.8055,2.9078708,-0.33744392,52,38,1,13,0.034645423,0.026266012,18.010628,0.003874189,0.002959449,-0.0072944164,0.0013151168823242188,0.007412020164705683,True
14056,11,-0.62019885,-1.5666604,2,2,83.83688,211.41034,0.91527236,100.03792,-1.5665852,-0.62219816,39,16,1,7,0.009449123,0.017089576,5.6490974,0.004555564,0.0022993486,7.522106e-05,0.0019993185997009277,0.0020007331334374254,True
14056,-11,2.5028892,1.5859139,1,2,83.83688,211.41034,0.76264155,98.707275,1.5874023,2.501439,49,21,1,11,0.011831661,0.019681215,8.4871645,0.0054320027,0.002360361,0.0014884472,0.0014500617980957031,0.0020780168904223663,True
14059,-11,-0.2367991,-2.430844,1,2,21.265364,119.6058,0.69724727,35.25289,-2.4095871,-0.243419,49,20,1,7,0.045966297,0.027317272,13.547038,0.008734427,0.0026554358,0.021256924,0.006619900465011597,0.02226386980782593,True
14059,11,2.9352818,2.394127,2,2,21.265364,119.6058,0.7210472,32.020092,2.4037604,2.9109488,45,16,1,7,0.033811618,0.040940754,15.131557,0.005991338,0.002652707,0.009633541,0.02433300018310547,0.02617059444808829,True
14060,-11,2.0246649,-1.7459544,1,2,2.8366857,8.288435,0.0,5.033419,-1.7352185,2.0027342,40,19,1,7,0.042826068,0.053277742,14.811437,0.017291807,0.0028514364,0.010735869,0.021930694580078125,0.02441749891295917,True
14060,11,-0.656112,1.7403126,2,2,2.8366857,8.288435,0.14553532,5.6141305,1.7528862,-0.6180787,32,14,1,7,0.03022895,0.03561856,8.333622,0.011187211,0.0020650434,0.0125736,0.03803330659866333,0.04005780601851615,True
14063,11,-2.9396288,-2.8592665,2,2,80.410385,705.7469,0.83721715,71.9124,-2.8759372,-2.9549594,52,38,1,7,0.039314173,0.03642191,24.977179,0.004457831,0.0037855015,-0.016670704,0.01533055305480957,0.022648139384557828,True
14063,-11,0.19686547,2.8647418,1,2,80.410385,705.7469,0.87197787,65.81051,2.8762527,0.17062525,52,38,1,9,0.028217794,0.022513896,28.609367,0.003047176,0.0017761643,0.011510849,0.026240214705467224,0.02865394403619436,True
14064,-11,-1.15756,2.2810442,1,2,15.412057,74.61853,0.060150933,21.79076,2.2890637,-1.162963,52,17,1,7,0.03871925,0.017724624,19.260197,0.0078458525,0.0041341637,0.008019447,0.005403041839599609,0.009669767093164444,True
14064,11,2.033132,-2.2387238,2,2,15.412057,74.61853,0.9271355,16.070435,-2.2414072,2.0501156,40,26,1,7,0.016687876,0.022873247,14.553719,0.0036674791,0.002267865,-0.002683401,0.016983509063720703,0.017194191506608218,True
14067,11,1.8392287,2.1417463,2,2,89.26873,388.59488,0.022039967,103.43313,2.1410377,1.8386211,36,20,1,11,0.019377107,0.014197082,6.3852224,0.004743742,0.0028646733,-0.00070858,0.000607609748840332,0.0009334212594026637,True
14067,-11,-1.3118314,-2.1594887,1,2,89.26873,388.59488,0.7646144,110.47297,-2.1558998,-1.3071084,49,20,1,9,0.018301176,0.013569415,7.2962723,0.0044770865,0.0025921974,0.0035889149,0.004722952842712402,0.005931828883676869,True
14068,-11,0.33618623,2.1273777,1,2,16.297646,68.40866,0.09055182,18.999184,2.1274707,0.33115742,38,18,1,9,0.014369131,0.009915975,7.7333884,0.0035566904,0.0031521025,9.2983246e-05,0.005028814077377319,0.005029673638402101,True
14071,11,-1.752679,2.9493186,2,2,98.48391,933.88806,0.08980944,108.778564,2.949597,-1.7611034,49,22,3,11,0.02133424,0.008553571,16.575422,0.0022741663,0.0020756954,0.00027823448,0.00842440128326416,0.008428994685508572,True
14071,-11,1.3850307,-2.9304109,1,2,98.48391,933.88806,0.85295963,117.51127,-2.9318557,1.3717912,50,36,1,11,0.039638393,0.02460649,17.75844,0.004409041,0.0033346454,-0.0014448166,0.013239502906799316,0.013318105428176498,True
14072,-11,-0.9860798,-2.949067,1,2,5.60792,54.492897,0.7295464,9.828384,-2.911304,-0.9819787,52,22,1,5,0.04170415,0.021270037,47.09036,0.004654239,0.0021849293,0.03776312,0.004101097583770752,0.03798515655385639,True
14072,11,2.2215917,2.9803069,2,2,5.60792,54.492897,0.32737377,3.7723887,2.9817128,2.263777,48,6,5,5,0.013766969,0.010027296,44.45836,0.0013226279,9.486916e-05,0.0014059544,0.042185306549072266,0.04220872891058749,True
14073,11,1.0569564,2.279942,2,2,44.95592,221.86034,0.4761379,57.526318,2.2875695,1.0578666,48,17,1,9,0.037512362,0.015532605,9.567999,0.007632549,0.002591649,0.007627487,0.0009101629257202148,0.0076815986143735126,True
14073,-11,-2.1011848,-2.2782528,1,2,44.95592,221.86034,0.19002953,55.059177,-2.2798173,-2.102337,44,26,1,9,0.026901945,0.016689086,11.327931,0.0057862606,0.0032393443,-0.0015645027,0.00115203857421875,0.0019429003126926047,True
14074,-11,-2.2623808,-2.2812963,1,2,41.6833,205.34438,0.92185587,47.8031,-2.2844012,-2.2472837,41,21,1,7,0.022162236,0.011805223,8.692821,0.0046700435,0.0033984738,-0.0031049252,0.01509714126586914,0.015413118911073428,True
14075,11,-0.17390287,-2.4995139,2,2,83.9203,510.1159,0.2388893,113.17487,-2.4983032,-0.17271073,52,33,1,9,0.028727116,0.026675675,11.223839,0.0049098283,0.002911671,0.0012106895,0.001192137598991394,0.0016991060086177512,True
14075,-11,2.9605908,2.4827275,1,2,83.9203,510.1159,0.93540764,111.40864,2.4882283,2.954107,46,28,1,11,0.024585104,0.028972363,9.565319,0.004114193,0.0024609827,0.0055007935,0.006483793258666992,0.008502840918072815,True
14076,11,-0.19448316,-2.4788842,2,2,12.5171,75.33815,0.70200694,14.799472,-2.4894068,-0.21166043,46,18,1,5,0.0651196,0.016327837,20.097244,0.01066856,0.0030435086,-0.010522604,0.017177268862724304,0.020144075087649684,True
14076,-11,2.8988085,2.4834425,1,2,12.5171,75.33815,0.87879765,21.320929,2.494677,2.9284515,47,27,1,11,0.047524415,0.050793026,18.467783,0.007816947,0.0041608755,0.011234522,0.02964305877685547,0.03170055856489627,True
14077,11,-0.8857795,2.8374887,2,2,92.81467,798.6564,0.82376504,84.154526,2.8459342,-0.8890642,52,25,1,11,0.030691078,0.006271335,16.051176,0.0036489721,0.0026018682,0.008445501,0.0032846927642822266,0.009061771505059874,True
14077,-11,2.2512631,-2.846694,1,2,92.81467,798.6564,0.25422373,74.802666,-2.8335378,2.2367792,51,19,1,11,0.024099674,0.01191542,9.904958,0.00297577,0.001486388,0.013156176,0.014483928680419922,0.019567042488214115,True
14078,-11,1.4746876,-2.797213,1,2,59.0811,484.2905,0.15551288,75.03827,-2.794893,1.4644432,47,30,1,9,0.028482836,0.023318004,12.319273,0.003461264,0.0025928938,0.0023200512,0.010244369506835938,0.01050379665049683,True
14078,11,-1.6594542,2.7891667,2,2,59.0811,484.2905,0.67574996,62.980373,2.782908,-1.643915,47,28,1,11,0.022633273,0.01392967,12.903703,0.0028724165,0.0022689905,-0.006258726,0.015539169311523438,0.01675223674424418,True
14082,-11,1.8517692,2.543336,1,2,61.288742,395.0129,0.6406015,76.35102,2.5456636,1.8399024,47,25,1,9,0.025698388,0.02213789,11.463512,0.004060007,0.0030253797,0.0023276806,0.01186680793762207,0.01209294122578297,True
14082,11,-1.2806861,-2.5575156,2,2,61.288742,395.0129,0.9901877,64.00463,-2.5562465,-1.2691092,48,19,1,17,0.020950176,0.011509035,15.943218,0.0033048613,0.00221269,0.0012691021,0.01157689094543457,0.011646245061698146,True
14084,-11,-1.0991071,-2.3395977,1,2,56.519253,299.27054,0.35531837,75.271194,-2.3411312,-1.0954815,51,22,1,9,0.027387677,0.027329823,12.06229,0.005356528,0.0030600377,-0.0015335083,0.003625631332397461,0.003936603900194581,True
14084,11,2.0546763,2.3623016,2,2,56.519253,299.27054,0.95059687,68.8435,2.356408,2.051341,39,19,1,9,0.019540993,0.016702473,8.432587,0.0038843215,0.002514904,-0.005893469,0.003335237503051758,0.006771763886175908,True
14085,-11,0.6638699,1.6577462,1,2,86.38426,233.97609,0.39201427,109.23601,1.6583679,0.66100365,44,19,1,11,0.016338553,0.015401515,6.0606065,0.006945316,0.002890283,0.00062167645,0.0028662681579589844,0.002932912331010881,True
14085,11,-2.4612198,-1.6494888,2,2,86.38426,233.97609,0.9868213,106.47602,-1.6510583,-2.4630587,43,17,1,9,0.0148970345,0.011082955,7.5664825,0.006236037,0.002260153,-0.0015695095,0.0018389225006103516,0.0024176426527797884,True
14086,-11,-1.7712021,-2.9530795,1,2,70.58618,670.44684,0.27294728,81.6542,-2.9525404,-1.7560492,52,38,1,13,0.028356642,0.020673415,20.442852,0.0030544368,0.0024720954,0.0005390644,0.015152931213378906,0.015162516769740533,True
14086,11,1.3757972,2.9300072,2,2,70.58618,670.44684,0.7894043,48.87752,2.9308734,1.3446163,52,26,1,17,0.041412786,0.009914223,18.264776,0.0046375017,0.0024946,0.0008661747,0.031180858612060547,0.031192887048052332,True
14087,-11,-0.66460323,2.3423405,1,2,18.386723,97.16257,0.11600781,33.04783,2.3447065,-0.67645514,52,26,1,7,0.029046915,0.040022224,16.551968,0.0057941196,0.0033123337,0.002366066,0.011851906776428223,0.012085775211137469,True
14089,-11,-2.2950432,-2.493268,1,2,45.74583,275.20645,0.86702085,68.28459,-2.490621,-2.2998328,50,28,1,9,0.043872505,0.030409329,15.0735035,0.0073453444,0.003543134,0.002646923,0.004789590835571289,0.005472328741753922,True
14091,-11,-1.2697386,2.60601,1,2,12.824808,88.47457,0.2747298,22.865175,2.6200213,-1.280039,52,35,1,9,0.04483758,0.038360972,23.632175,0.0064392495,0.004275126,0.014011383,0.010300397872924805,0.017390142365733233,True
14091,11,1.9127748,-2.6326861,2,2,12.824808,88.47457,0.11574425,25.28021,-2.6277077,1.9132973,48,22,1,13,0.05897912,0.04115343,17.485079,0.008787836,0.0036987008,0.0049784184,0.0005224943161010742,0.005005761632690775,True
14093,-11,-0.7983614,2.076578,1,2,79.46903,315.38812,0.044882987,95.51262,2.078403,-0.7984939,52,19,1,13,0.023600454,0.018978378,8.544437,0.00597766,0.0032565454,0.0018250942,0.00013250112533569336,0.0018298976513132549,True
14093,11,2.354987,-2.034557,2,2,79.46903,315.38812,0.84481555,100.00154,-2.0353484,2.3584776,46,23,1,11,0.01684619,0.014446983,8.961768,0.004681951,0.002418696,-0.00079131126,0.0034906864166259766,0.003579254835270975,True
14097,11,-0.49507916,2.1609693,2,2,33.680405,149.32425,0.16518742,48.42355,2.1545897,-0.48472577,52,23,1,9,0.018462945,0.015335352,11.460424,0.004447466,0.0028645,-0.0063796043,0.010353386402130127,0.012161083961278572,True
14097,-11,2.621862,-2.1779234,1,2,33.680405,149.32425,0.2616963,31.85877,-2.1787825,2.6219645,38,17,1,11,0.01700676,0.016886178,6.9543195,0.003970666,0.0030956236,-0.00085902214,0.00010251998901367188,0.000865118134142152,True
14098,11,-2.905188,1.9708811,2,2,28.239391,103.65598,0.023661038,39.735897,1.9719499,-2.9026034,49,22,1,11,0.023487719,0.013453153,10.047744,0.0069774697,0.002499822,0.0010688305,0.002584695816040039,0.0027969717591003977,True
14098,-11,0.20041315,-1.9780635,1,2,28.239391,103.65598,0.54870915,38.21799,-1.9780303,0.19604203,42,17,1,7,0.025059614,0.019010033,8.494296,0.007360997,0.003228255,3.3140182e-05,0.004371121525764465,0.004371247152094843,True
14101,11,-0.0750367,-1.6340193,2,2,76.8954,205.91995,0.054878097,96.38016,-1.6350569,-0.07428278,34,15,1,9,0.011685113,0.011333273,6.2367773,0.005144579,0.0027462943,-0.0010375977,0.0007539168000221252,0.0012825753145960257,True
14101,-11,3.0477588,1.6487726,1,2,76.8954,205.91995,0.31258175,91.23222,1.6511407,3.046539,51,18,1,9,0.013971846,0.013568199,7.257222,0.005886893,0.0029737481,0.0023680925,0.0012197494506835938,0.0026637663559425863,True
14105,11,-0.2644753,2.3300292,2,2,88.93618,459.7523,0.48639613,105.59029,2.3361084,-0.26594013,41,27,1,11,0.02279893,0.022269644,8.521561,0.0045902054,0.0031201995,0.006079197,0.00146484375,0.006253191514452446,True
14106,-11,1.5137001,-2.045249,1,2,21.59674,84.09953,0.8365272,25.681894,-2.0461488,1.5328344,33,19,1,17,0.016483016,0.017416956,7.9111295,0.004468198,0.0029327571,-0.0008997917,0.0191342830657959,0.019155427783710235,True
14106,11,-1.5837706,2.0263994,2,2,21.59674,84.09953,0.007663258,28.445417,2.0298324,-1.5815341,40,14,1,7,0.022236282,0.018767092,10.434802,0.0061850776,0.0031765301,0.0034329891,0.002236485481262207,0.004097228520891971,True
14107,11,-0.69191015,-2.4916139,2,2,62.104736,375.37073,0.4389063,81.70567,-2.4871113,-0.6926623,46,22,1,11,0.030160407,0.022899184,11.424051,0.005232471,0.0029324624,0.004502535,0.0007521510124206543,0.004564926260733435,True
14107,-11,2.4400127,2.4790838,1,2,62.104736,375.37073,0.30091,84.87868,2.4842343,2.4513297,51,23,1,9,0.026311103,0.020107862,10.895806,0.00437036,0.0027332415,0.0051505566,0.011317014694213867,0.012433947643441143,True
14108,11,1.6381353,-2.1014633,2,2,65.26385,272.3523,0.6955143,93.42667,-2.1007595,1.6419626,50,25,1,9,0.028738482,0.03309841,11.719838,0.0073579256,0.0029552174,0.00070381165,0.003827333450317383,0.0038915076991149302,True
14108,-11,-1.5169965,2.1128476,1,2,65.26385,272.3523,0.8069516,74.26087,2.1066995,-1.5221288,51,21,1,5,0.024122428,0.023848636,8.997052,0.0062262355,0.0032486382,-0.0061481,0.005132317543029785,0.008008733627302136,True
14110,-11,1.2335511,-2.537426,1,2,21.550325,138.01389,0.5948384,32.27122,-2.5377884,1.2342995,50,18,1,7,0.032240633,0.032168068,12.578086,0.0051638917,0.00440738,-0.00036239624,0.0007483959197998047,0.0008315211889717583,True
14110,11,-1.8817216,2.5505934,2,2,21.550325,138.01389,0.50196135,28.272991,2.5533504,-1.8752294,52,23,1,11,0.036926076,0.023111423,14.022823,0.005776003,0.003352129,0.0027570724,0.006492257118225098,0.007053428313713344,True
14111,11,-2.9382744,2.6032288,2,2,36.978546,252.0191,0.8043044,47.151814,2.6056206,-2.9474995,50,28,1,11,0.028996645,0.021807315,10.8439665,0.004158946,0.0029251631,0.0023918152,0.009225130081176758,0.00953015240677949,True
14116,11,-0.4640955,-2.6406472,2,2,59.68863,427.7428,0.65464,77.36268,-2.6404767,-0.45195678,43,23,1,11,0.022597209,0.017795322,9.033537,0.0032900332,0.002602637,0.00017046928,0.012138724327087402,0.01213992125451523,True
14116,-11,2.669085,2.6749084,1,2,59.68863,427.7428,0.96608216,65.18802,2.6723554,2.693031,40,27,3,9,0.02125051,0.012485218,11.242007,0.003075037,0.0020530846,-0.0025529861,0.023946046829223633,0.02408175444198435,True
14117,-11,1.7680503,1.9812706,1,2,71.62857,260.65057,0.60773265,92.03296,1.9778008,1.7647243,52,20,1,7,0.014751382,0.01729935,9.796807,0.0043592625,0.0025817887,-0.0034697056,0.0033260583877563477,0.004806404182479711,True
14117,11,-1.3592054,-1.9498142,2,2,71.62857,260.65057,0.96076095,83.82121,-1.950315,-1.3605168,52,19,1,11,0.019992555,0.015023767,8.430851,0.005968671,0.0029145451,-0.0005007982,0.0013114213943481445,0.0014037894863225763,True
14121,-11,0.9408862,-1.8388824,1,2,36.25521,119.29199,0.06797197,43.19384,-1.840488,0.93945026,36,18,1,11,0.015502968,0.011908922,6.666727,0.0052994075,0.0029791042,-0.0016055107,0.0014359354972839355,0.0021539673622520193,True
14121,11,-2.1691337,1.8821394,2,2,36.25521,119.29199,0.53542274,47.03613,1.8795674,-2.16684,47,33,1,9,0.018577922,0.026237931,12.915677,0.0061804913,0.0024156806,-0.0025720596,0.0022935867309570312,0.0034461617547106526,True
14123,-11,1.9980661,-1.9208188,1,2,2.1857858,7.438348,0.08594533,5.3557434,-1.925112,1.9778345,35,21,1,3,0.029855123,0.033961892,17.733114,0.009199975,0.0043546325,-0.0042932034,0.02023160457611084,0.020682103848848225,True
14126,11,-2.1179457,-2.6764097,2,2,67.98621,499.0569,0.8244053,97.01721,-2.6859639,-2.1373518,51,33,1,9,0.056780454,0.03643182,16.256231,0.0073395087,0.0030049363,-0.009554148,0.01940608024597168,0.02163048061987417,True
14126,-11,1.0163591,2.6874053,1,2,67.98621,499.0569,0.019853361,58.493797,2.701264,1.0265638,52,36,1,9,0.03778333,0.02766868,15.919945,0.004871688,0.0024945543,0.013858557,0.010204672813415527,0.017210315049787043,True
14127,-11,2.767023,1.841958,1,2,11.774507,38.269722,0.0,14.7441845,1.8418728,2.7686357,47,16,1,7,0.019776544,0.015603828,12.471092,0.0066821384,0.0027188451,-8.523464e-05,0.0016126632690429688,0.001614914165992154,True
14127,11,-0.27602845,-1.8534912,2,2,11.774507,38.269722,0.9924518,2.4734085,-1.8546703,-0.24543856,33,19,1,5,0.028269662,0.019669931,13.85605,0.009433976,0.0023716856,-0.0011790991,0.030589893460273743,0.030612609437029266,True
14128,11,-1.3955835,-2.0412183,2,2,55.687366,220.98016,0.42711863,73.22312,-2.0437799,-1.3927652,39,21,1,7,0.025581246,0.020175556,7.7950583,0.006901969,0.0028793798,-0.0025615692,0.0028183460235595703,0.003808505106461878,True
14128,-11,1.7291838,2.06942,1,2,55.687366,220.98016,0.8492073,72.97056,2.0678337,1.728151,50,22,1,9,0.023431284,0.026327465,12.675517,0.0062397784,0.0026587935,-0.0015864372,0.0010328292846679688,0.0018930185950533944,True
14132,-11,-1.0119015,-1.8246546,1,2,8.083059,25.704496,0.8496463,6.472216,-1.820879,-1.0427436,33,12,1,7,0.022892969,0.015261632,6.141502,0.0081435125,0.003318186,0.0037755966,0.030842065811157227,0.031072305246417308,True
14132,11,2.2767537,1.8257735,2,2,8.083059,25.704496,0.19972472,11.29217,1.8308648,2.296578,34,16,1,7,0.024513561,0.023470538,7.491948,0.0085109845,0.004189876,0.0050913095,0.01982426643371582,0.020467607865420595,True
14136,11,-3.0783105,-2.1073961,2,2,59.086582,246.56184,0.6963208,72.52742,-2.1067073,-3.079751,43,21,1,9,0.022021968,0.021161992,8.448118,0.0056602294,0.0027563076,0.0006887913,0.0014405250549316406,0.001596729737443242,True
14136,-11,0.04829758,2.1067817,1,2,59.086582,246.56184,0.12561789,72.219376,2.105845,0.0469932,45,29,1,7,0.020417687,0.01975373,11.393948,0.0052470146,0.0028677867,-0.0009367466,0.0013043805956840515,0.001605896299868565,True
14139,-11,-2.3918273,-2.147013,1,2,57.159863,247.458,0.23249124,76.329056,-2.1406343,-2.3888865,40,24,1,9,0.024801504,0.025276767,8.421653,0.0060599637,0.002602525,0.0063786507,0.0029408931732177734,0.0070239616128380915,True
14139,11,0.76471484,2.1428537,2,2,57.159863,247.458,0.84510314,71.78524,2.1430678,0.7597338,44,26,1,9,0.020303866,0.02324411,11.572025,0.0049011293,0.0029136084,0.00021409988,0.004981040954589844,0.004985640154648582,True
14140,-11,2.0495086,-2.1945808,1,2,10.930558,49.754253,0.937878,17.985588,-2.1817482,2.0585632,40,21,1,7,0.03571272,0.030177547,11.222851,0.008522042,0.0040987143,0.012832642,0.00905466079711914,0.015705526817812857,True
14140,11,-1.0181334,2.1986496,2,2,10.930558,49.754253,0.065473735,14.857293,2.1906462,-1.0111046,40,15,1,7,0.018553019,0.015153187,9.404051,0.0043588444,0.002426387,-0.008003473,0.007028818130493164,0.010651754431366569,True
14141,11,1.5989109,-2.9543307,2,2,3.7097285,35.678364,0.023949284,8.523417,-2.9235966,1.6116099,52,29,1,7,0.056133203,0.019217607,31.088644,0.0062803016,0.0038702693,0.030734062,0.012699007987976074,0.0332542835539807,True
14141,-11,-1.6437382,2.9545586,1,2,3.7097285,35.678364,0.95498043,12.972709,2.957146,-1.6131107,52,38,1,5,0.02476524,0.07114278,47.412094,0.0026022736,0.0017503697,0.0025873184,0.03062748908996582,0.03073657925932177,True
14142,11,-0.2582427,-2.3522835,2,2,96.11748,499.8326,0.25396731,114.53921,-2.35392,-0.25763378,51,23,1,9,0.022160731,0.020014536,7.783903,0.0043637753,0.00303546,-0.0016365051,0.0006089210510253906,0.0017461196628311961,True
14142,-11,2.8760486,2.3130744,1,2,96.11748,499.8326,0.52605385,118.08405,2.3148127,2.8744235,44,16,1,9,0.01598653,0.016167384,7.457656,0.0032686796,0.0025020556,0.0017383099,0.00162506103515625,0.0023796101532206405,True
14143,11,0.52227503,-2.309547,2,2,66.88229,335.42398,0.26534972,82.086716,-2.3050983,0.5236735,49,27,1,9,0.021408187,0.021408865,13.422471,0.004424301,0.002521342,0.0044486523,0.0013984441757202148,0.004663277023484335,True
14143,-11,-2.6302512,2.2817023,1,2,66.88229,335.42398,0.57964057,78.72825,2.2862725,-2.6322522,46,19,1,11,0.022621756,0.020548426,9.55348,0.004653198,0.0037899502,0.0045702457,0.002001047134399414,0.004989121739024472,True
14145,11,2.8006675,-2.573659,2,2,55.611774,370.8419,0.9465852,59.790623,-2.5741308,2.7868083,44,25,1,9,0.031419843,0.014711554,8.650914,0.0048916084,0.002670277,-0.00047183037,0.013859272003173828,0.013867301264275055,True
14145,-11,-0.35068652,2.5961964,1,2,55.611774,370.8419,0.2508582,68.54744,2.597492,-0.3459756,43,21,1,9,0.024881674,0.024050819,9.478873,0.0038138756,0.0030084988,0.0012955666,0.0047109127044677734,0.00488581530734584,True
14147,-11,-0.42493045,-2.2795177,1,2,17.454103,86.086426,0.59814817,20.979275,-2.2736554,-0.42161056,40,26,1,9,0.036818694,0.026587995,12.910477,0.007983804,0.0033456262,0.005862236,0.0033198893070220947,0.006737022731900822,True
14147,11,2.7592094,2.2776017,2,2,17.454103,86.086426,0.94845605,27.197083,2.2847452,2.7591274,47,22,1,7,0.055241123,0.033861957,14.693151,0.011129056,0.0031893603,0.0071434975,8.20159912109375e-05,0.0071439683843121425,True
14149,11,-1.7082815,-1.6216904,2,2,3.1301203,8.036402,0.99307543,3.62805,-1.6439747,-1.6759353,33,10,1,17,0.024694324,0.032661118,14.40883,0.010556698,0.0013535466,-0.02228427,0.032346248626708984,0.03927936414437539,True
14151,-11,0.39113978,2.6344192,1,2,99.711174,714.2231,0.5767875,128.21921,2.630531,0.39123842,50,36,1,11,0.03654341,0.022125788,12.774433,0.0054083047,0.0034976774,-0.0038881302,9.864568710327148e-05,0.003889381355733822,True
14154,-11,-0.7591666,-1.4822977,1,2,77.14801,177.16583,0.9767976,15.477451,-1.4909536,-0.76122606,44,9,1,3,0.016002381,0.028074475,14.91174,0.0084780585,0.003932045,-0.008655906,0.002059459686279297,0.008897532179001619,True
14155,11,1.1983645,-2.1786027,2,2,27.323612,122.31666,0.31277913,37.469944,-2.1793442,1.1944313,39,18,1,9,0.021725148,0.016646096,7.226075,0.0050375937,0.003124189,-0.0007414818,0.0039331912994384766,0.004002472864310532,True
14155,-11,-1.9733421,2.180059,1,2,27.323612,122.31666,0.37241545,40.40813,2.1775115,-1.975406,41,24,1,9,0.030142205,0.029130034,13.991927,0.007146459,0.0030706371,-0.0025475025,0.0020639896392822266,0.0032786921557093145,True
14157,11,1.2688402,-2.0871246,2,2,16.153866,66.40126,0.13675621,28.328175,-2.0950706,1.2726675,52,19,1,9,0.03231433,0.025322381,17.553205,0.008329514,0.003583283,-0.007946014,0.003827333450317383,0.008819729375281976,True
14157,-11,-1.9284738,2.096287,1,2,16.153866,66.40126,0.03985542,21.777872,2.0961807,-1.92949,51,14,1,7,0.02500076,0.016331302,10.327474,0.0064219274,0.0036929513,-0.000106334686,0.0010161399841308594,0.001021688569406343,True
14159,11,-2.8835545,-2.750517,2,2,65.85115,521.9497,0.23520832,70.3633,-2.7432752,-2.8710313,47,23,1,11,0.027161628,0.01652417,9.479053,0.0035882725,0.00256785,0.007241726,0.012523174285888672,0.014466253492538394,True
14159,-11,0.2510253,2.768203,1,2,65.85115,521.9497,0.9332842,65.56771,2.7848668,0.24110918,48,19,3,7,0.043512713,0.019919204,16.600489,0.0050812974,0.0021177002,0.01666379,0.009916111826896667,0.019391007223611707,True
14162,11,1.7573947,-2.841742,2,2,14.823483,125.85674,0.79150325,17.202293,-2.8363867,1.7918289,52,27,1,9,0.048707284,0.03497085,24.272263,0.005728581,0.0044705914,0.005355358,0.03443419933319092,0.03484815553403768,True
14162,-11,-1.4129385,2.8156843,1,2,14.823483,125.85674,0.8877908,18.850765,2.8311815,-1.3828002,50,17,3,13,0.03356918,0.012048952,27.720045,0.0039455784,0.003136406,0.015497208,0.030138254165649414,0.03388919894600961,True
14165,-11,1.8287941,-2.9289668,1,2,83.977005,806.73303,0.8935173,57.91641,-2.93463,1.8513042,52,17,1,9,0.030006735,0.0095819235,17.98398,0.003376492,0.0019134427,-0.0056631565,0.022510051727294922,0.0232115008013077,True
14165,11,-1.3084153,2.9773848,2,2,83.977005,806.73303,0.56019455,69.95328,2.981387,-1.2754973,52,38,1,11,0.024341114,0.029374305,30.173874,0.0025240574,0.0022675565,0.0040020943,0.03291797637939453,0.03316036681376361,True
14169,-11,0.0073423963,-2.6021097,1,2,73.78609,504.39224,0.25753424,92.293755,-2.593063,0.0034026462,52,14,1,9,0.031359598,0.017654391,8.474561,0.0050018136,0.0021364824,0.009046555,0.003939750138670206,0.009867207154127748,True
14169,11,-3.127065,2.6178339,2,2,73.78609,504.39224,0.9740558,93.051605,2.609795,-3.1362207,50,28,1,9,0.027030323,0.020321459,11.101943,0.003919111,0.002537226,-0.008038759,0.009155750274658203,0.012183981839814007,True
14170,11,0.052452356,-2.7749898,2,2,69.31325,559.8318,0.75736547,83.573494,-2.7874997,0.049603768,52,35,1,9,0.054641392,0.013367816,27.812838,0.0062042302,0.0021615387,-0.012509823,0.002848587930202484,0.012830047355194014,True
14170,-11,-3.0956128,2.781611,1,2,69.31325,559.8318,0.55871993,70.26361,2.7912083,-3.068365,52,33,1,9,0.047206886,0.019307956,20.170532,0.005454969,0.0026943076,0.0095973015,0.02724766731262207,0.028888467759826154,True
14171,-11,-1.2469697,2.289953,1,2,73.628006,371.24356,0.21302368,88.10935,2.2911747,-1.2538669,41,22,1,9,0.018791175,0.018581653,7.512741,0.0038910862,0.0025836052,0.0012216568,0.0068972110748291016,0.007004567505996442,True
14172,11,2.281484,1.7508769,2,2,7.920784,24.051392,0.1279542,13.801881,1.7533791,2.3013809,31,17,1,9,0.023874793,0.019819101,10.294518,0.009213972,0.002991918,0.002502203,0.019896984100341797,0.02005370280082758,True
14172,-11,-1.0181302,-1.8030325,1,2,7.920784,24.051392,0.9854002,7.453432,-1.8046422,-0.990503,41,10,1,7,0.016802594,0.017160932,8.887107,0.0059243715,0.0037313246,-0.001609683,0.027627170085906982,0.027674024037360342,True
14175,-11,0.58782893,-1.809433,1,2,82.51898,257.87183,0.15795481,94.79154,-1.8112056,0.58968616,35,14,1,9,0.011649815,0.0091923475,5.202359,0.0040536104,0.0023487546,-0.0017726421,0.0018572211265563965,0.002567397592321813,True
14177,-11,1.1403239,-1.7941782,1,2,32.72821,99.5325,0.5621733,39.397263,-1.7900281,1.1367564,50,16,1,7,0.02460776,0.020258002,12.031716,0.009273403,0.0023680057,0.004150152,0.0035674571990966797,0.005472706290949986,True
14177,11,-1.9631021,1.7606605,2,2,32.72821,99.5325,0.91675943,39.821415,1.7650771,-1.9787995,40,16,1,7,0.02058068,0.019593911,7.38808,0.0074992673,0.0024799507,0.004416585,0.015697360038757324,0.0163068493055714,True
14184,-11,2.539628,-2.7829185,1,2,75.93008,610.8735,0.74272,83.68632,-2.7827065,2.5394304,44,17,1,17,0.02762091,0.0048199,9.986404,0.0033941255,0.003013325,0.00021195412,0.0001976490020751953,0.00028980972319577754,True
14184,11,-0.59607196,2.7658372,2,2,75.93008,610.8735,0.96285605,89.040695,2.7593873,-0.6046225,51,25,1,9,0.024783073,0.008648757,11.435585,0.003214404,0.002245261,-0.006449938,0.008550524711608887,0.010710423522844702,True
14185,-11,-2.28754,1.9517488,1,2,69.957306,252.08661,0.06256347,83.67872,1.9535813,-2.2888005,42,22,1,9,0.015771564,0.01875934,7.9216533,0.004770085,0.0024968456,0.0018324852,0.001260519027709961,0.002224165062148014,True
14185,11,0.8688986,-1.9586827,2,2,69.957306,252.08661,0.4688149,88.66993,-1.9598577,0.8686307,38,16,1,9,0.01803263,0.01907034,6.5161266,0.0053988253,0.0030598978,-0.001175046,0.00026786327362060547,0.0012051903351532017,True
14187,11,1.7303745,-2.17549,2,2,18.760162,84.81356,0.7711069,15.248474,-2.1795893,1.7282374,40,18,1,7,0.025518391,0.015105985,9.216123,0.005877889,0.0035131352,-0.004099369,0.0021370649337768555,0.004622972301917529,True
14187,-11,-1.4545907,2.203687,1,2,18.760162,84.81356,0.36091658,17.34766,2.1870956,-1.4684361,45,14,1,9,0.04255612,0.010188684,18.173685,0.01025118,0.0038512254,-0.01659131,0.013845443725585938,0.021609440238332715,True
14189,-11,2.0919423,-2.7774086,1,2,84.62801,684.17126,0.17787881,83.285194,-2.7911956,2.0801742,52,35,1,9,0.041828357,0.023897428,20.993265,0.0048179687,0.0017832519,-0.013787031,0.011768102645874023,0.018126512745671744,True
14191,11,0.41321015,-2.31834,2,2,94.42409,493.89703,0.45744506,110.47601,-2.322688,0.41275966,41,25,1,11,0.017840179,0.014843998,7.2501736,0.003663895,0.0022631134,-0.0043480396,0.00045049190521240234,0.004371314567002395,True
14191,-11,-2.73576,2.3589246,1,2,94.42409,493.89703,0.33238697,110.98994,2.3580873,-2.7389674,42,26,1,9,0.02014258,0.013898848,7.590865,0.0039851894,0.0027310378,-0.00083732605,0.0032074451446533203,0.0033149388033026613,True
14193,-11,-0.2368137,-2.6791985,1,2,47.328094,340.7395,0.6034434,59.526955,-2.6766355,-0.23059137,46,30,1,9,0.024451192,0.029375255,9.591104,0.003459149,0.0026047805,0.0025629997,0.006222322583198547,0.0067295070914674794,True
14195,-11,-2.0614703,1.9473375,1,2,96.58176,341.57315,0.8848469,106.94345,1.947965,-2.062659,40,21,1,9,0.014417104,0.019662261,6.8699894,0.0043091225,0.0026070988,0.0006275177,0.0011887550354003906,0.0013442161278039324,True
14196,11,-0.038780104,-2.7149181,2,2,4.5692167,35.045536,0.7946326,10.896643,-2.7247171,-0.020422468,46,27,1,5,0.04420107,0.040058557,27.15696,0.0057986663,0.004694377,-0.009799004,0.018357636407017708,0.020809211544809497,True
14200,-11,-1.5073037,-1.8640873,1,2,74.40651,248.57472,0.110615164,103.984604,-1.8686309,-1.5119334,39,25,1,9,0.023804244,0.029798405,11.709234,0.0077156085,0.003229145,-0.004543543,0.004629731178283691,0.006486770572835204,True
14200,11,1.6494223,1.8884095,2,2,74.40651,248.57472,0.70576686,86.76588,1.8897521,1.6493838,44,17,1,13,0.016924622,0.015335659,6.836772,0.005399936,0.0025140664,0.0013426542,3.8504600524902344e-05,0.0013432062263785574,True
14202,-11,3.0909276,-2.7599034,1,2,81.73305,652.2657,0.6732773,84.78767,-2.7484808,3.096879,42,22,1,11,0.030221583,0.008317471,8.394423,0.004056627,0.0027952702,0.011422634,0.005951404571533203,0.012880054035278653,True
14202,11,-0.04512767,2.7725239,2,2,81.73305,652.2657,0.7395661,73.39784,2.7888215,-0.018720172,49,32,3,9,0.046818957,0.01753406,21.793024,0.0053685843,0.0023843383,0.016297579,0.026407498866319656,0.03103171071783483,True
14205,11,2.447969,2.3481627,2,2,16.917713,89.88491,0.9639846,23.834505,2.359122,2.4214916,42,24,1,9,0.040331107,0.03392718,12.155818,0.0076218056,0.0037698387,0.010959387,0.026477336883544922,0.028655846345888403,True
14205,-11,-0.73430437,-2.360693,1,2,16.917713,89.88491,0.084177,25.382778,-2.3574362,-0.7341769,38,19,1,9,0.031144412,0.028328758,10.101374,0.0060951547,0.0038528412,0.0032567978,0.00012749433517456055,0.003259292354773562,True
14208,11,-2.0146933,2.9412425,2,2,33.64075,319.9576,0.7978651,45.992966,2.9429717,-2.0205116,52,38,1,9,0.023369022,0.043920584,24.564123,0.0024862185,0.0019637672,0.00172925,0.005818367004394531,0.006069901147890797,True
14208,-11,1.1155244,-2.9444146,1,2,33.64075,319.9576,0.06834854,45.947548,-2.9214075,1.1215456,52,38,1,9,0.02549866,0.025419163,28.031956,0.0027778032,0.0022874991,0.023007154,0.00602114200592041,0.023781995860657167,True
14209,-11,1.4036744,1.5006019,1,2,37.408504,89.34288,0.8789454,39.141945,1.5057458,1.4024391,29,13,1,5,0.012060514,0.01219927,5.056855,0.0061189607,0.0035024341,0.005143881,0.0012352466583251953,0.005290117701717094,True
14209,11,-1.693659,-1.5332992,2,2,37.408504,89.34288,0.20931341,38.488728,-1.5338469,-1.6898,47,18,1,5,0.019272076,0.019089175,10.044506,0.009221623,0.0028294863,-0.0005476475,0.00385892391204834,0.00389759047581485,True
14210,11,-0.4356567,2.4009795,2,2,79.99769,434.06287,0.1644398,96.182556,2.3974688,-0.4445648,51,19,1,11,0.02356264,0.019194925,8.170652,0.0044153137,0.0030523178,-0.0035107136,0.008908092975616455,0.009574927189371345,True
14210,-11,2.6975517,-2.3511531,1,2,79.99769,434.06287,0.97340167,107.90407,-2.351962,2.7018352,40,17,1,11,0.020366855,0.023850106,8.858457,0.004004664,0.002632462,-0.00080895424,0.004283428192138672,0.004359147168636207,True
14211,11,1.9023825,2.1793177,2,2,50.18035,223.44757,0.70980686,66.625824,2.17971,1.9055732,40,21,1,9,0.026499305,0.021966672,10.9078245,0.006107195,0.0028157595,0.00039219856,0.003190755844116211,0.0032147694426326394,True
14211,-11,-1.2556366,-2.1684306,1,2,50.18035,223.44757,0.43989784,62.954365,-2.1708114,-1.253505,52,22,1,9,0.023998883,0.025033785,14.088342,0.005615153,0.0028285119,-0.002380848,0.0021315813064575195,0.003195633819569342,True
14212,-11,1.0933636,1.8745316,1,2,88.00685,288.0982,0.6654692,113.88324,1.8738416,1.0905843,40,22,1,7,0.017561346,0.018466014,8.778767,0.005876533,0.0028162391,-0.00068998337,0.002779364585876465,0.002863729133355732,True
14212,11,-2.035142,-1.8356043,2,2,88.00685,288.0982,0.3633978,101.05399,-1.8362843,-2.031494,41,15,1,9,0.013478205,0.013343989,7.3271255,0.0045839497,0.0025572858,-0.0006799698,0.003648042678833008,0.003710872444403433,True
14213,11,-0.37950507,2.675407,2,2,51.543503,373.53058,0.17841703,65.13638,2.649661,-0.36328325,48,31,1,9,0.036159486,0.022015402,12.494558,0.0053785513,0.0021817137,-0.025745869,0.016221821308135986,0.03043020270919801,True
14213,-11,2.7524066,-2.6624963,1,2,51.543503,373.53058,0.66548896,75.08233,-2.6534665,2.74846,51,23,1,9,0.037410676,0.026396994,15.372974,0.0055168923,0.003717833,0.009029865,0.003946542739868164,0.009854626817405353,True
14215,11,1.2981613,2.5595763,2,2,16.998331,109.44869,0.14497118,28.672804,2.5576699,1.2876062,51,31,1,7,0.042611703,0.028051097,18.626202,0.0067427545,0.0032046102,-0.001906395,0.010555028915405273,0.010725808927200818,True
14215,-11,-1.8765949,-2.5394254,1,2,16.998331,109.44869,0.061085194,31.636833,-2.547937,-1.877893,50,25,1,9,0.033712815,0.029274628,18.697212,0.0052389773,0.0040261787,-0.008511543,0.001298069953918457,0.008609956654924714,True
14221,-11,-0.5878684,2.1513262,1,2,7.6275764,34.023952,0.93085426,9.464026,2.143067,-0.57473403,43,18,1,7,0.049853865,0.03950736,18.5304,0.011958186,0.004833427,-0.008259296,0.013134360313415527,0.015515392407573932,True
14221,11,2.6619058,-2.2015805,2,2,7.6275764,34.023952,0.48854718,15.890032,-2.1778498,2.6658447,40,26,1,5,0.044055842,0.025787555,13.643553,0.0105046155,0.0035648656,0.023730755,0.003938913345336914,0.024055430540910444,True
14230,-11,2.079965,1.5921593,1,2,74.43072,190.1593,0.9985068,90.135185,1.5927782,2.0845695,38,15,1,7,0.01078577,0.019126832,7.7025704,0.0050218785,0.0028676244,0.00061893463,0.004604339599609375,0.0046457532463974535,True
14230,11,-1.0410831,-1.5887386,2,2,74.43072,190.1593,0.7969916,92.334,-1.5889775,-1.0425388,34,14,1,7,0.011648121,0.0137629025,5.5539,0.005441771,0.0029167803,-0.00023889542,0.0014556646347045898,0.0014751374677092212,True
14232,-11,-1.7921163,2.142094,1,2,9.304551,40.153038,0.41839272,11.888563,2.1317182,-1.806926,40,21,1,7,0.04184587,0.024218615,15.860542,0.010386496,0.003214797,-0.010375738,0.014809727668762207,0.018082698238848994,True
14232,11,1.4413654,-2.1418693,2,2,9.304551,40.153038,0.7582166,6.815301,-2.1515925,1.3938371,44,15,1,3,0.035015408,0.0207799,11.53498,0.0083816415,0.0046495427,-0.0097231865,0.04752826690673828,0.048512642827873834,True
14233,11,1.4032513,2.612761,2,2,72.115875,494.31775,0.3288727,93.25207,2.6225686,1.4039298,49,30,1,11,0.03362678,0.020439744,12.797316,0.0049547437,0.0030731766,0.009807587,0.0006785392761230469,0.009831031066844964,True
14233,-11,-1.745632,-2.612619,1,2,72.115875,494.31775,0.30622515,76.26909,-2.6145358,-1.7361792,40,11,1,9,0.023534302,0.014456226,8.163388,0.0035797106,0.0028978474,-0.0019168854,0.00945281982421875,0.009645219135601627,True
14234,11,-2.2876623,2.6470132,2,2,39.149082,277.4787,0.2583461,57.130146,2.6463416,-2.2833889,52,28,1,11,0.037405856,0.032631185,26.031143,0.0053839413,0.0040833396,-0.00067162514,0.004273414611816406,0.004325870174840931,True
14234,-11,0.84086657,-2.6460018,1,2,39.149082,277.4787,0.13120872,54.896328,-2.6465678,0.8455457,47,26,1,9,0.03852343,0.035233438,24.43511,0.005666723,0.001809281,-0.0005660057,0.00467914342880249,0.004713252134929883,True
14235,-11,1.3237175,1.8919123,1,2,91.67565,307.6061,0.82152206,111.332886,1.8924794,1.3232814,48,17,1,9,0.013505042,0.014372288,6.5474973,0.0043741385,0.0026050308,0.0005670786,0.0004360675811767578,0.0007153551906743116,True
14235,11,-1.8056812,-1.869694,2,2,91.67565,307.6061,0.89252967,103.08715,-1.8694036,-1.8111919,32,18,1,9,0.015206732,0.010522064,5.9984984,0.0049647107,0.0028885042,0.00029039383,0.005510687828063965,0.005518333889363201,True
14236,11,-1.4191843,1.8157806,2,2,51.981403,162.50592,0.18480912,61.47301,1.8160666,-1.4195906,36,15,1,9,0.014066809,0.013033824,5.7034936,0.004918359,0.002817351,0.0002859831,0.0004062652587890625,0.0004968277224216954,True
14236,-11,1.6991218,-1.7970734,1,2,51.981403,162.50592,0.6089068,54.16413,-1.8000511,1.697151,33,14,1,7,0.017294357,0.01723506,6.231272,0.006039351,0.002831608,-0.0029777288,0.0019708871841430664,0.0035708914413639437,True
14240,-11,0.995529,2.5554798,1,2,99.77293,643.64197,0.38761678,123.18992,2.5575047,0.9872834,52,22,1,11,0.030843178,0.020036113,13.733768,0.004702305,0.0025892565,0.002024889,0.008245587348937988,0.008490576311611554,True
14247,-11,0.32750124,2.0823405,1,2,50.93633,208.14365,0.17732738,64.88969,2.0790794,0.3285905,46,21,1,7,0.031077465,0.017644702,9.185048,0.008074297,0.002719086,-0.0032610893,0.0010892748832702637,0.003438200565595361,True
14247,11,-2.7963111,-2.0886555,2,2,50.93633,208.14365,0.68687224,68.46079,-2.0836291,-2.7971795,51,18,1,7,0.02628196,0.01596334,10.032836,0.0069218953,0.0033044966,0.0050263405,0.0008683204650878906,0.005100791984588095,True
14249,-11,1.9032166,2.3804255,1,2,73.102715,399.9226,0.8828694,93.724365,2.3799086,1.9029161,47,29,1,7,0.019636713,0.024185091,17.44904,0.0037814397,0.0027118777,-0.0005168915,0.00030052661895751953,0.0005979072254737023,True
14249,11,-1.2292888,-2.3877814,2,2,73.102715,399.9226,0.5350517,87.46087,-2.3919184,-1.2317318,51,37,1,9,0.022158599,0.018374246,10.037458,0.004193284,0.0028267328,-0.004137039,0.00244295597076416,0.004804490304887965,True
14250,11,-1.1151549,1.838939,2,2,82.50137,266.3058,0.787684,103.89096,1.8401836,-1.1151605,41,18,1,11,0.018645173,0.013242895,8.267055,0.006295211,0.0027777434,0.0012446642,5.602836608886719e-06,0.0012446767969683376,True
14250,-11,2.0122683,-1.8412205,1,2,82.50137,266.3058,0.94075906,101.51624,-1.842867,2.0107586,41,17,1,9,0.013383242,0.014421249,8.956437,0.0045576724,0.0025500685,-0.0016465187,0.0015096664428710938,0.0022338568938360588,True
14254,-11,0.40240842,2.5292554,1,2,47.744297,303.6719,0.67442954,57.66211,2.53707,0.39640498,46,22,1,7,0.02988543,0.021748975,12.21819,0.0047203316,0.0033219901,0.007814646,0.006003439426422119,0.00985443941000011,True
14258,11,2.571891,2.9232297,2,2,52.1431,485.36203,0.4069905,55.25179,2.9158726,2.5505087,51,16,1,11,0.03481174,0.014424803,31.69475,0.003662099,0.0025569557,-0.0073571205,0.02138233184814453,0.022612636712954895,True
14258,-11,-0.57714015,-2.919084,1,2,52.1431,485.36203,0.46864396,42.0907,-2.9076734,-0.60561836,52,8,1,9,0.033841975,0.007977157,17.38213,0.0038758481,0.0016662736,0.011410713,0.02847820520401001,0.030679187630134337,True
14259,11,-0.7934271,1.4940377,2,2,62.41892,147.43994,0.5383683,70.48508,1.4958017,-0.7904918,51,21,1,5,0.0134887,0.02074192,7.390881,0.0067151356,0.0026979349,0.0017639399,0.0029352903366088867,0.0034245311037399448,True
14259,-11,2.3212953,-1.5152465,1,2,62.41892,147.43994,0.2576893,70.59733,-1.5158646,2.3188636,38,15,1,7,0.008682456,0.011171118,5.6717205,0.004414244,0.002788999,-0.00061810017,0.002431631088256836,0.002508959455784822,True
14261,11,-2.137401,2.9832401,2,2,33.607418,334.19336,0.07979553,31.157063,2.987839,-2.131631,50,19,1,11,0.013065849,0.011492918,13.908166,0.0013287216,0.00028090292,0.004598856,0.005770206451416016,0.007378669229507585,True
14264,11,2.442763,-2.6246588,2,2,6.3570895,43.960236,0.8030584,16.24335,-2.619337,2.4648292,51,28,1,7,0.04072018,0.032269962,36.132435,0.0059993076,0.003213512,0.005321741,0.022066116333007812,0.02269877570144114,True
14268,11,0.12555371,2.3907375,2,2,25.944752,144.74457,0.9988811,35.795452,2.3962567,0.114209756,42,28,1,11,0.031477463,0.021794973,11.141723,0.005649371,0.0028696333,0.0055191517,0.011343955993652344,0.012615322921959299,True
14268,-11,-3.0412273,-2.4175386,1,2,25.944752,144.74457,0.5428765,34.683403,-2.4194431,-3.0442219,47,16,1,7,0.025321102,0.025744319,13.332836,0.0046248254,0.0034648494,-0.0019044876,0.002994537353515625,0.0035488486890431262,True
14271,-11,2.381281,1.6128825,1,2,33.3503,86.40522,0.10331624,44.228096,1.612061,2.3799007,39,15,1,7,0.013698157,0.01765652,6.796616,0.006177117,0.0025499272,-0.0008214712,0.0013802051544189453,0.0016061697326211018,True
14271,11,-0.7152864,-1.5985641,2,2,33.3503,86.40522,0.6313143,42.541084,-1.6001648,-0.7113699,36,15,1,5,0.013411264,0.018489476,7.248166,0.005995715,0.0026790262,-0.0016006231,0.003916501998901367,0.004230955260189012,True
14274,11,-1.6583751,-2.228249,2,2,3.9585927,18.460089,0.13970007,16.786564,-2.2451413,-1.6507324,47,18,1,7,0.061358742,0.03308864,14.353101,0.013270405,0.003216133,-0.016892195,0.0076427459716796875,0.018540706610102434,True
14275,11,1.8738397,1.4916289,2,2,48.06719,110.58575,0.78351617,28.056444,1.4952042,1.8567396,52,15,1,5,0.018829169,0.01703295,9.404823,0.009272194,0.0024524878,0.003575325,0.017100095748901367,0.017469866157601432,True
14276,11,-0.9194865,1.7221756,2,2,12.291557,35.417942,0.98952,17.866344,1.7203213,-0.9431129,37,17,1,9,0.026153963,0.021423312,10.230177,0.010712942,0.0025348046,-0.0018543005,0.023626387119293213,0.02369904214837875,True
14276,-11,2.1140475,-1.7185193,1,2,12.291557,35.417942,0.18029444,17.356976,-1.7154946,2.1086874,43,13,1,7,0.022889243,0.027167365,13.858699,0.00942948,0.0025489854,0.0030246973,0.005360126495361328,0.0061546526870183554,True
14277,-11,-2.2431421,2.055053,1,2,11.471067,45.390606,0.029911164,14.995537,2.0522614,-2.2427585,37,20,1,9,0.018424356,0.016045595,9.465683,0.0050330693,0.0035014655,-0.0027916431,0.00038361549377441406,0.0028178773360728005,True
14277,11,0.98016167,-2.0500169,2,2,11.471067,45.390606,0.5149689,12.32751,-2.048231,1.0109918,42,12,1,29,0.024746059,0.011990401,19.6651,0.006679399,0.004304859,0.0017859936,0.03083014488220215,0.030881832951663073,True
14278,-11,-0.4975872,-2.380567,1,2,75.62034,412.62808,0.99688196,91.81856,-2.3767636,-0.5062213,45,18,1,11,0.022605134,0.013569651,6.9163594,0.004380405,0.0031132158,0.0038034916,0.008634090423583984,0.009434726582116394,True
14279,11,0.16279005,2.347639,2,2,60.58298,326.52646,0.3167114,79.53207,2.3520699,0.17743078,44,30,1,11,0.025485866,0.019560656,9.151975,0.004898771,0.0020222084,0.004430771,0.01464073359966278,0.015296496686313147,True
14279,-11,-2.9899793,-2.3907092,1,2,60.58298,326.52646,0.026624436,81.142365,-2.3931358,-2.9874394,49,22,1,9,0.02991297,0.02270511,13.97683,0.0054423283,0.0027863511,-0.0024266243,0.0025398731231689453,0.003512756857303215,True
14281,-11,-2.2388477,2.284919,1,2,85.33898,427.57278,0.7566788,98.81982,2.283688,-2.2422037,42,26,1,11,0.02484227,0.02100706,9.87772,0.0052803764,0.0028524625,-0.0012309551,0.0033559799194335938,0.0035746121020129055,True
14282,11,2.7869797,2.3142266,2,2,84.46751,435.6541,0.59706664,88.30692,2.3077726,2.7910454,40,26,1,7,0.02240275,0.017903402,8.112872,0.0046410975,0.0023613453,-0.006453991,0.004065752029418945,0.007627865910130167,True
14283,-11,-0.9003244,1.6089667,1,2,6.592535,16.896544,0.7891083,9.066474,1.6070071,-0.9147324,42,16,1,3,0.02567764,0.023152832,18.74532,0.011672075,0.0032569726,-0.0019595623,0.014407992362976074,0.014540637134896305,True
14283,11,2.4720566,-1.583146,2,2,6.592535,16.896544,0.8939204,4.7209435,-1.5860339,2.4810753,47,16,1,5,0.023030607,0.030188113,21.360699,0.011150384,0.0034725636,-0.0028879642,0.009018659591674805,0.009469770761490841,True
14285,-11,1.3976684,2.941812,1,2,11.7345705,112.1214,0.890471,20.31862,2.9323514,1.4063137,52,38,1,7,0.03573422,0.025516465,31.19152,0.0038844012,0.0025602093,-0.009460688,0.008645296096801758,0.012815840008194702,True
14285,11,-1.7117715,-2.953188,2,2,11.7345705,112.1214,0.76044893,24.300972,-2.9395082,-1.7529191,52,38,1,9,0.035793502,0.052179467,37.63796,0.003924781,0.002730875,0.013679743,0.041147589683532715,0.0433619590943766,True
14286,11,-0.8314827,2.6304696,2,2,99.27227,684.1212,0.76234734,138.41129,2.6249938,-0.8173029,52,32,1,11,0.036710013,0.026598068,10.923,0.0054146866,0.0031258853,-0.0054757595,0.014179825782775879,0.015200375069469396,True
14286,-11,2.3048415,-2.605908,1,2,99.27227,684.1212,0.9479194,102.195206,-2.6052525,2.2897158,52,35,1,11,0.02605764,0.020541646,13.5104265,0.0037510202,0.0021399348,0.0006554127,0.015125751495361328,0.015139944652230404,True
14287,-11,-0.8429734,-2.760126,1,2,44.24284,338.27094,0.61286306,53.36654,-2.7475817,-0.8347245,41,22,1,9,0.030636545,0.008915871,8.039217,0.004149046,0.0024855575,0.012544394,0.00824892520904541,0.015013546336264397,True
14287,11,2.3093095,2.6872385,2,2,44.24284,338.27094,0.17032056,62.088203,2.6966662,2.316629,52,26,1,11,0.026294308,0.023308916,13.29802,0.003474871,0.0019589064,0.009427786,0.007319450378417969,0.011935556249655522,True
14289,11,-0.4466342,-1.5918772,2,2,87.99369,228.03708,0.27764955,104.52511,-1.5936507,-0.44476858,36,16,1,9,0.010314632,0.013330952,6.3683505,0.0047637373,0.0023217655,-0.0017734766,0.0018656253814697266,0.0025740585495482395,True
14289,-11,2.677883,1.6201873,1,2,87.99369,228.03708,0.05068949,115.49531,1.6207942,2.6780245,37,23,1,9,0.013062231,0.011360355,6.360293,0.0057310616,0.0030136176,0.0006068945,0.00014162063598632812,0.0006231992587327892,True
14291,-11,2.3534257,-2.0244694,1,2,75.00021,286.8047,0.41003895,83.68822,-2.0265808,2.3584971,46,16,1,9,0.013643134,0.015405871,6.9229927,0.003732958,0.0019965188,-0.002111435,0.005071401596069336,0.005493384352089916,True
14291,11,-0.7752123,2.0094187,2,2,75.00021,286.8047,0.7727708,89.838554,2.00625,-0.77200854,42,20,1,9,0.015891649,0.01962431,8.146296,0.004444585,0.0027281158,-0.0031688213,0.003203749656677246,0.004506155890855695,True
14292,-11,-1.6927474,-3.0018947,1,2,20.93828,209.6498,0.017296126,1.6560718,-2.9833322,-1.6824826,52,9,1,7,0.0139652705,0.040898222,50.659084,0.0014272691,0.00027559273,0.018562555,0.010264754295349121,0.021211639182329767,True
14292,11,1.4661825,2.9871907,2,2,20.93828,209.6498,0.119482234,23.469942,2.9826176,1.4643394,52,33,1,9,0.019418174,0.028909689,30.894789,0.0020039,0.0013644793,-0.0045731068,0.001843094825744629,0.004930547993480794,True
14294,11,-1.6817784,-1.6764734,2,2,90.99938,252.8623,0.14351623,117.44393,-1.6782227,-1.6794977,38,20,1,9,0.013539191,0.013325408,6.413368,0.005634315,0.0023637807,-0.0017492771,0.002280712127685547,0.0028743030767700898,True
14294,-11,1.4446001,1.6857011,1,2,90.99938,252.8623,0.7231194,105.31778,1.6867782,1.4456326,47,25,1,9,0.014011765,0.021513596,9.723884,0.0057404432,0.0028749257,0.0010770559,0.0010324716567993164,0.0014919943654659144,True
14295,11,2.5930076,-2.5845566,2,2,43.42126,292.90448,0.6408488,67.11903,-2.5726824,2.6056979,50,29,1,9,0.038668983,0.040542338,13.859816,0.0061876858,0.003452569,0.011874199,0.012690305709838867,0.01737931141371139,True
14295,-11,-0.5609945,2.6086147,1,2,43.42126,292.90448,0.14431332,57.665607,2.615607,-0.5553591,50,32,1,13,0.033874042,0.036458507,17.127504,0.0049511064,0.0031449052,0.00699234,0.005635380744934082,0.00898055321486912,True
14297,-11,2.7399101,1.981364,1,2,31.94823,118.16493,0.069988444,39.336227,1.9811021,2.7416315,52,18,1,11,0.019847995,0.017422564,10.450649,0.005832287,0.0031728225,-0.0002619028,0.0017213821411132812,0.0017411919931991343,True
14299,-11,2.4303823,-2.7186813,1,2,85.08736,653.7648,0.5617936,106.2302,-2.7205634,2.4362097,50,29,1,11,0.037992295,0.02146729,12.193581,0.0049788477,0.0030582668,-0.0018820763,0.005827426910400391,0.006123815432997368,True
14299,11,-0.70570934,2.7373192,2,2,85.08736,653.7648,0.94233274,98.53748,2.7340245,-0.7107299,52,26,1,15,0.024263237,0.017156761,10.680799,0.0032563338,0.0022679907,-0.0032947063,0.005020558834075928,0.006005089616441945,True
15063,11,-2.8573215,-1.7728796,2,2,17.28786,52.187508,0.1795135,23.96674,-1.7710612,-2.8606963,33,19,1,7,0.023558484,0.021736003,9.567737,0.0087691005,0.002553496,0.0018184185,0.003374814987182617,0.0038335390949124394,True
15063,-11,0.2114067,1.7662526,1,2,17.28786,52.187508,0.5970111,18.237654,1.7684721,0.20859876,40,17,1,11,0.014160496,0.030687798,7.1604195,0.005319127,0.00297669,0.0022194386,0.002807930111885071,0.0035791589719224542,True
15067,-11,-0.1270477,-1.4898793,1,2,44.429184,103.295845,0.5338029,47.018005,-1.4914315,-0.12737074,46,13,1,5,0.0105884615,0.020441936,9.040728,0.005690713,0.002847161,-0.0015522242,0.00032304227352142334,0.0015854829707342938,True
15067,11,3.0530453,1.4842708,2,2,44.429184,103.295845,0.81132555,12.225776,1.4940716,3.0519612,31,11,1,3,0.014063724,0.020069325,5.3391814,0.007286288,0.004982024,0.009800792,0.0010840892791748047,0.009860566338574071,True
15075,11,0.81594855,-2.2121682,2,2,63.259163,293.33817,0.39796194,76.179375,-2.212935,0.8142908,45,29,1,9,0.022325,0.01637479,9.950145,0.004889422,0.0026541098,-0.00076675415,0.001657724380493164,0.0018264616198602952,True
15075,-11,-2.3381286,2.218653,1,2,63.259163,293.33817,0.8779179,76.9352,2.2171652,-2.330586,46,18,1,9,0.017311944,0.016183408,6.644312,0.003816123,0.002634583,-0.0014877319,0.007542610168457031,0.007687933042082638,True
15076,11,-1.9032347,2.5655951,2,2,30.292597,199.21838,0.13386309,43.776756,2.5685208,-1.9016939,50,27,1,9,0.038745273,0.029964028,21.294891,0.0060460307,0.0040735607,0.0029256344,0.0015407800674438477,0.003306560102151548,True
15077,11,-1.637532,-1.6771632,2,2,29.770247,82.23743,0.8207974,28.667587,-1.679453,-1.6513913,37,14,1,7,0.012085112,0.01266625,6.1771727,0.004911142,0.0027476365,-0.002289772,0.013859272003173828,0.014047151897243555,True
15077,-11,1.4572358,1.6725118,1,2,29.770247,82.23743,0.7908795,27.920237,1.6912134,1.4376899,41,27,1,9,0.028750667,0.019581983,10.649505,0.011779679,0.006051243,0.018701553,0.019545912742614746,0.02705163209142073,True
15079,-11,-2.8563926,-2.84997,1,2,9.748182,85.265854,0.95599836,14.541512,-2.8383224,-2.8419082,51,16,1,9,0.041063614,0.008702531,23.89665,0.0049764304,0.0027642671,0.011647701,0.014484405517578125,0.018586741228933043,True
15079,11,0.32755888,2.8673694,2,2,9.748182,85.265854,0.12639597,16.845894,2.8936949,0.3225463,52,21,1,11,0.042255443,0.028315855,38.84695,0.00453427,0.0031225209,0.026325464,0.005012571811676025,0.026798431847305237,True
15081,11,0.36866078,-1.8632298,2,2,24.257715,81.47918,0.59558403,20.150976,-1.8612058,0.39769068,39,13,1,7,0.012583942,0.011286209,5.377995,0.004217558,0.0030672476,0.0020239353,0.029029905796051025,0.029100373616882887,True
15081,-11,-2.8190622,1.9010004,1,2,24.257715,81.47918,0.46735725,32.297802,1.9020534,-2.8118691,37,14,1,7,0.024188854,0.015637193,12.494395,0.007966433,0.0024370379,0.0010529757,0.007193088531494141,0.007269751050544049,True
15082,-11,-1.7380983,-1.715204,1,2,11.680313,33.803486,0.573826,21.05859,-1.7174385,-1.7378238,52,19,1,7,0.02525945,0.023522872,19.481758,0.009978697,0.0035403704,-0.002234459,0.00027441978454589844,0.0022512469651824675,True
15082,11,1.516633,1.7349743,2,2,11.680313,33.803486,0.29062647,13.252757,1.741614,1.5339059,43,19,1,29,0.024287645,0.016019996,16.495562,0.009100645,0.0030415382,0.006639719,0.01727283000946045,0.01850504050503968,True
15083,-11,1.5273474,-2.569655,1,2,86.81634,582.6817,0.882338,116.04074,-2.5662518,1.5255514,46,30,1,9,0.034636475,0.02800396,11.3817215,0.005481205,0.0031745106,0.0034031868,0.0017960071563720703,0.00384802830825072,True
15083,11,-1.6079596,2.6136413,2,2,86.81634,582.6817,0.43396887,109.410324,2.6155477,-1.6082202,51,25,1,9,0.026491571,0.027360525,11.968292,0.0039103995,0.0029661814,0.001906395,0.0002605915069580078,0.0019241230915089523,True
15085,11,2.7777128,1.4951434,2,2,93.347115,216.49582,0.3711082,100.03473,1.4960029,2.7734587,34,15,1,7,0.010673001,0.015148547,5.432734,0.005404036,0.0027426598,0.000859499,0.00425410270690918,0.004340060867491669,True
15086,-11,-2.0164118,-2.6430707,1,2,74.212685,522.12823,0.104767546,97.16319,-2.6457207,-2.0153868,50,22,1,11,0.028209465,0.018737135,18.591696,0.003951184,0.002737876,-0.0026500225,0.0010249614715576172,0.0028413315975831096,True
15086,11,1.1320555,2.6350224,2,2,74.212685,522.12823,0.5361403,90.114174,2.6384387,1.1246334,51,16,1,9,0.026082642,0.020472554,12.584624,0.0038692919,0.002322198,0.0034162998,0.007422089576721191,0.008170588601061431,True
15087,11,1.5311267,-1.8624135,2,2,42.11447,137.69073,0.893021,47.723843,-1.859725,1.5229986,41,17,1,11,0.018333195,0.012316285,7.922305,0.0063174022,0.0026971083,0.002688527,0.008128166198730469,0.00856126532550563,True
15087,-11,-1.6378012,1.8447604,1,2,42.11447,137.69073,0.13616009,52.33818,1.8451614,-1.6405348,35,21,1,9,0.017128086,0.016950144,7.074658,0.005766167,0.0025054347,0.00040102005,0.002733588218688965,0.0027628466533443858,True
15089,-11,-1.3678252,-2.1858556,1,2,68.50904,309.97626,0.87740934,88.17384,-2.1834784,-1.3599452,41,27,1,13,0.022424225,0.026816053,11.988202,0.00530036,0.0026203997,0.0023772717,0.007879972457885742,0.008230758554875197,True
15089,11,1.7856332,2.1946476,2,2,68.50904,309.97626,0.97615767,78.51179,2.1944344,1.7838867,46,20,1,9,0.01627514,0.010989419,7.711198,0.0037091863,0.0026166793,-0.00021314621,0.001746535301208496,0.0017594933546575529,True
15090,-11,-0.8075726,-1.6101384,1,2,96.88433,248.46077,0.42846864,125.534515,-1.6085892,-0.80717385,47,23,1,9,0.016727967,0.012249669,7.949107,0.007185866,0.0023679184,0.0015492439,0.0003987550735473633,0.0015997382142188753,True
15090,11,2.3497298,1.5792398,2,2,96.88433,248.46077,0.6919326,120.73698,1.579295,2.3488,50,17,1,9,0.010128643,0.016331028,5.969323,0.0047161076,0.0024032937,5.51939e-05,0.0009298324584960938,0.0009314691447317689,True
15091,-11,-2.808614,-2.8187025,1,2,66.80812,562.2311,0.20245942,55.315712,-2.8208537,-2.7829382,50,15,1,9,0.03109849,0.010251668,18.61266,0.0037224162,0.001891047,-0.0021512508,0.02567577362060547,0.025765737542966603,True
15091,11,0.33938363,2.8206756,2,2,66.80812,562.2311,0.34582314,77.3972,2.821583,0.3397536,51,21,1,11,0.023925254,0.005595823,10.869198,0.0029059115,0.002685132,0.0009074211,0.0003699660301208496,0.0009799428238711587,True
15093,-11,-2.5499089,-1.5055883,1,2,93.244545,219.43695,0.9705282,103.24187,-1.5064824,-2.5490446,43,15,1,7,0.009215596,0.0119981645,7.676421,0.00478404,0.0026692853,-0.0008940697,0.0008642673492431641,0.0012435106065884272,True
15093,11,0.6097562,1.495353,2,2,93.244545,219.43695,0.5883964,108.77195,1.4951848,0.6106806,29,15,1,9,0.008239614,0.010669419,4.8216634,0.004236162,0.0027946616,-0.00016820431,0.0009244084358215332,0.000939586954623391,True
15094,11,0.48035598,1.5343468,2,2,24.767841,61.116886,0.6371732,26.832197,1.538971,0.482415,44,13,1,5,0.020719018,0.024427174,25.925869,0.010185045,0.0023675442,0.0046241283,0.0020590126514434814,0.005061827289378187,True
15097,11,0.95085347,-2.5022693,2,2,25.427986,153.66156,0.050798893,22.062044,-2.487839,0.9690393,40,24,1,7,0.02757382,0.01794483,17.300087,0.0047591273,0.0017886735,0.0144302845,0.018185853958129883,0.02321547735826969,True
15098,-11,-0.74397004,-2.4130244,1,2,97.45539,540.23706,0.25840503,120.625175,-2.4085984,-0.7438093,47,22,1,9,0.022702504,0.023493946,8.31415,0.004218983,0.0026040224,0.0044260025,0.00016075372695922852,0.00442892074921805,True
15098,11,2.4043422,2.3822756,2,2,97.45539,540.23706,0.97502804,122.49429,2.3863232,2.400023,52,33,1,9,0.02693027,0.020717897,10.567778,0.005031047,0.0029780949,0.004047632,0.004319190979003906,0.0059193527706716586,True
15099,11,-1.4860965,-2.1033018,2,2,33.77265,140.20763,0.86535543,40.218494,-2.1038728,-1.4852909,38,21,1,11,0.020593556,0.020796744,11.033226,0.0052948333,0.002440434,-0.0005710125,0.0008056163787841797,0.000987457858055928,True
15099,-11,1.62916,2.1003351,1,2,33.77265,140.20763,0.7780113,47.473778,2.0949943,1.6331002,43,24,1,9,0.026110463,0.020921813,10.0140295,0.0069309613,0.0029061865,-0.0053408146,0.003940105438232422,0.006636921823944644,True
15100,-11,2.4013343,-2.6331897,1,2,28.408747,198.37305,0.48128816,41.23957,-2.6373763,2.4005303,41,27,1,9,0.029736448,0.025221106,17.386507,0.0043351115,0.0034585565,-0.0041866302,0.0008039474487304688,0.0042631214318100625,True
15100,11,-0.72198963,2.6297057,2,2,28.408747,198.37305,0.82962066,41.90959,2.6326509,-0.7208227,51,27,1,9,0.022490196,0.020465352,13.242277,0.0032535433,0.002818988,0.0029451847,0.0011669397354125977,0.0031679427474888733,True
15102,-11,-0.82783353,-2.393777,1,2,25.300179,139.13416,0.47301072,39.15866,-2.3790846,-0.83576894,52,27,1,9,0.05082584,0.046203323,18.921356,0.009970576,0.0032005552,0.0146923065,0.007935404777526855,0.0166983387251661,True
15102,11,2.3399913,2.385106,2,2,25.300179,139.13416,0.11831464,34.40308,2.3923452,2.3404899,51,22,1,9,0.034632605,0.019094266,14.15977,0.006213705,0.0028975965,0.0072391033,0.0004985332489013672,0.007256249087314338,True
15107,11,2.9407506,-2.112365,2,2,37.420193,157.53639,0.92080873,36.751312,-2.106159,2.9414423,44,24,1,7,0.019236118,0.01576868,11.317997,0.0049947896,0.0025538995,0.0062060356,0.0006916522979736328,0.006244458400560019,True
15107,-11,-0.22425215,2.1200552,1,2,37.420193,157.53639,0.6929434,47.063736,2.126099,-0.2250882,41,18,1,9,0.017687134,0.018688718,7.805274,0.0043557347,0.00308022,0.006043911,0.0008360445499420166,0.00610146146574598,True
15108,11,2.5654156,-1.7241544,2,2,99.79181,291.99667,0.7815276,119.810646,-1.7239201,2.566095,49,18,1,9,0.013176836,0.014803516,5.678208,0.00523431,0.002570634,0.00023424625,0.0006794929504394531,0.0007187363753105995,True
15108,-11,-0.58923566,1.748506,1,2,99.79181,291.99667,0.31636977,115.262474,1.7485828,-0.5895826,37,17,1,9,0.010954016,0.00872193,6.6044235,0.0041161473,0.0026547776,7.688999e-05,0.00034695863723754883,0.000355376373422079,True
15109,-11,0.4719696,-2.566514,1,2,86.85946,568.8294,0.25267297,103.81489,-2.5537066,0.45813802,47,27,1,9,0.02239923,0.016010422,9.429309,0.003538172,0.0023615577,0.012807369,0.01383158564567566,0.018850503168738215,True
15109,11,-2.6632717,2.5666008,2,2,86.85946,568.8294,0.55593544,107.77251,2.5644186,-2.6635523,44,16,1,11,0.023198359,0.01940931,6.5807695,0.0037092322,0.0026144309,-0.0021822453,0.00028061866760253906,0.0022002138829268015,True
15110,-11,0.49473596,-1.707088,1,2,71.23881,200.8735,0.18100843,85.396935,-1.7073629,0.49348494,33,19,1,9,0.01547151,0.0132198725,6.162131,0.006125343,0.0026341402,-0.00027489662,0.0012510120868682861,0.0012808588501918828,True
15110,11,-2.6277525,1.6865587,2,2,71.23881,200.8735,0.7050973,88.01548,1.6883541,-2.6282609,31,15,1,9,0.013026734,0.01801562,5.7637486,0.0052915537,0.0028085897,0.0017954111,0.0005083084106445312,0.0018659792585791564,True
15111,-11,-0.21758828,-2.7674928,1,2,42.6115,342.52332,0.40877837,57.312622,-2.7475138,-0.2251695,49,28,1,7,0.037804104,0.024007218,15.604701,0.0051206322,0.002597378,0.019979,0.0075812190771102905,0.021369026987514094,True
15111,11,2.934529,2.7794952,2,2,42.6115,342.52332,0.5073505,38.858643,2.782987,2.9556372,52,32,1,11,0.059217796,0.013796475,23.383732,0.006904612,0.0026168167,0.0034918785,0.021108150482177734,0.021395028209286016,True
15112,-11,1.8051587,-1.6928493,1,2,63.277092,175.90672,0.99858296,74.22006,-1.6905525,1.8148941,33,19,1,11,0.011302244,0.013672695,7.2957873,0.004655867,0.0025155249,0.0022968054,0.009735345840454102,0.010002613331879797,True
15112,11,-1.3145679,1.6704106,2,2,63.277092,175.90672,0.683313,78.9652,1.6716752,-1.3131928,48,14,1,9,0.011900128,0.011880495,6.0121965,0.0049946266,0.002610275,0.0012645721,0.0013750791549682617,0.001868150258593437,True
15115,-11,2.4105124,-2.2273657,1,2,71.92019,338.00528,0.33643317,87.167755,-2.2212307,2.4029546,43,22,1,9,0.027141213,0.0194938,9.786137,0.0062350878,0.0024699843,0.006134987,0.007557868957519531,0.009734446376446939,True
15115,11,-0.7202443,2.2309194,2,2,71.92019,338.00528,0.065987684,91.80429,2.231767,-0.7136465,44,23,1,13,0.019271577,0.019209616,8.729105,0.0043379785,0.0024410551,0.00084757805,0.0065978169441223145,0.00665203555137793,True
15118,-11,0.409653,-2.369715,1,2,88.61078,480.67914,0.68814194,111.88959,-2.3685422,0.4072365,50,26,1,11,0.025794577,0.022396358,8.527893,0.0050805523,0.0029215275,0.001172781,0.0024165213108062744,0.0026860734242852608,True
15118,11,-2.7243822,2.3813004,2,2,88.61078,480.67914,0.6163944,108.40191,2.381661,-2.7411537,42,25,1,9,0.023999188,0.010495111,7.876017,0.0046935133,0.002012373,0.0003604889,0.016771554946899414,0.01677542868536701,True
15119,11,-1.6316628,-1.6269717,2,2,84.507965,221.73161,0.5633763,100.16796,-1.6261195,-1.6284143,50,16,1,9,0.011159307,0.0121069085,5.774175,0.004887479,0.0026357423,0.0008522272,0.00324857234954834,0.003358498699598603,True
15119,-11,1.4924206,1.6117238,1,2,84.507965,221.73161,0.76187927,108.321,1.6127285,1.4959682,51,18,1,9,0.014181127,0.01783126,10.953368,0.006234559,0.002730483,0.0010046959,0.00354766845703125,0.0036871893519437363,True
15120,-11,-0.28111103,1.493832,1,2,88.613335,205.94539,0.61834806,104.00309,1.4950726,-0.28170148,49,14,1,5,0.007696352,0.009512476,6.2827473,0.0039841197,0.0031134072,0.0012406111,0.0005904436111450195,0.001373950321702273,True
15122,-11,0.081553936,-2.7990603,1,2,39.43051,328.73956,0.92782587,37.67535,-2.7865713,0.045390252,50,14,1,9,0.039484102,0.015289311,15.54017,0.00474562,0.0032450375,0.01248908,0.036163683980703354,0.03825949780905747,True
15122,11,-3.049089,2.821593,2,2,39.43051,328.73956,0.75474614,60.762676,2.8261318,-3.0550373,52,31,1,11,0.046243418,0.04031388,19.571018,0.005605922,0.003624121,0.0045387745,0.005948305130004883,0.007482165948598176,True
15124,-11,1.3268111,-2.1867967,1,2,95.51288,432.21094,0.5858303,117.61685,-2.1910727,1.3272794,52,19,1,11,0.02136022,0.016420586,7.118299,0.0048870677,0.0027692362,-0.004276037,0.00046837329864501953,0.004301612228485081,True
15124,11,-1.8062803,2.1939454,2,2,95.51288,432.21094,0.07213462,111.46386,2.1928546,-1.8052222,42,19,1,13,0.016503496,0.013202528,7.1783457,0.003873076,0.0027249423,-0.001090765,0.0010581016540527344,0.0015196536899436046,True
15130,11,1.0040224,-2.3861375,2,2,14.624582,80.39505,0.043076973,24.422808,-2.3853579,1.0078807,44,25,1,9,0.03115811,0.0260391,16.46267,0.005974837,0.0034697675,0.00077962875,0.003858327865600586,0.003936307268495018,True
15130,-11,-2.1829736,2.3920784,1,2,14.624582,80.39505,0.38685322,24.595047,2.3879092,-2.196168,48,21,1,5,0.043966427,0.02457363,16.940008,0.008309371,0.0049856254,-0.0041692257,0.01319432258605957,0.013837362151986804,True
15132,11,0.6774367,-2.371285,2,2,20.984167,115.004524,0.22163604,29.645372,-2.3634434,0.6708787,43,26,1,9,0.027923176,0.026721241,11.483658,0.0054871924,0.0028278148,0.007841587,0.0065580010414123535,0.010222419641976213,True
15132,-11,-2.4958837,2.4008708,1,2,20.984167,115.004524,0.85560954,30.107624,2.400442,-2.4914527,43,27,1,11,0.03962153,0.035277937,12.160406,0.0073076836,0.004089437,-0.00042891502,0.004431009292602539,0.0044517200550769805,True
15134,11,-0.8083351,-2.307215,2,2,54.127758,272.28543,0.9939869,68.12224,-2.3085825,-0.8225605,48,21,1,9,0.022223951,0.017322842,8.246095,0.0045585097,0.0027335119,-0.001367569,0.014225363731384277,0.01429094882004488,True
15136,11,3.0834806,-1.7086877,2,2,47.444275,133.01204,0.0072078933,55.837048,-1.7099273,3.0848641,40,24,1,9,0.019730275,0.021507058,9.982724,0.007825758,0.0027091356,-0.0012396574,0.0013835430145263672,0.001857671050876037,True
15136,-11,-0.08698421,1.6729417,1,2,47.444275,133.01204,0.93563616,48.545094,1.6756164,-0.0999619,45,27,1,11,0.015415414,0.022965662,12.741245,0.00659946,0.0030493082,0.0026746988,0.012977689504623413,0.013250450513368383,True
15137,-11,-2.6952112,-2.7767658,1,2,73.534004,587.0412,0.8858566,96.24943,-2.7630553,-2.7074528,52,24,1,9,0.034529727,0.029912438,13.537943,0.0046151616,0.002618613,0.013710499,0.012241601943969727,0.018380277550056497,True
15137,11,0.45261702,2.7564394,2,2,73.534004,587.0412,0.48006845,86.71324,2.7613704,0.45048633,50,16,1,11,0.029284485,0.0041036685,10.272721,0.003812567,0.003173415,0.004930973,0.0021306872367858887,0.0053716220197282,True
15138,-11,2.3075356,2.4517138,1,2,60.400505,351.20462,0.1077812,81.62265,2.451887,2.3099504,45,31,1,9,0.02779248,0.022517547,11.587734,0.004875732,0.0030606086,0.00017309189,0.002414703369140625,0.0024208992467218797,True
15141,11,0.57708323,-2.008273,2,2,27.929308,104.22266,0.028242884,39.690487,-2.0076454,0.576072,38,17,1,7,0.018781886,0.019043325,6.996135,0.0053515276,0.0030655286,0.0006275177,0.0010112524032592773,0.0011901301975649884,True
15141,-11,-2.6002395,1.975221,1,2,27.929308,104.22266,0.019038849,39.151417,1.9732963,-2.6064272,34,16,1,9,0.017223652,0.0120772505,5.754556,0.0051014945,0.0028880276,-0.0019247532,0.0061876773834228516,0.006480125475897785,True
15142,-11,-1.8872136,-1.7977223,1,2,72.74908,224.95082,0.44681954,87.918755,-1.7978172,-1.889517,42,21,1,9,0.012683802,0.016979523,10.204871,0.004511759,0.002930692,-9.4890594e-05,0.0023033618927001953,0.002305315647295323,True
15142,11,1.271232,1.791863,2,2,72.74908,224.95082,0.09875479,88.31817,1.7903448,1.2679944,46,18,1,9,0.017112372,0.015095102,7.2947407,0.006475426,0.0026940566,-0.0015181303,0.003237605094909668,0.003575864420182616,True
15144,11,0.65534943,-1.6389904,2,2,99.329445,268.54874,0.514307,112.044106,-1.6384466,0.653736,30,16,1,9,0.01213423,0.014740916,5.3104014,0.005391956,0.0029714105,0.0005438328,0.0016134381294250488,0.001702626409087457,True
15144,-11,-2.5006542,1.6644933,1,2,99.329445,268.54874,0.11509859,112.25437,1.6658491,-2.4984674,43,20,1,11,0.014495204,0.012415357,12.2466135,0.006166896,0.0027560466,0.0013557673,0.0021867752075195312,0.0025729536782362204,True
15146,11,-2.0237842,-2.862594,2,2,43.101765,379.91803,0.2124622,54.6364,-2.8456933,-2.031518,52,34,1,9,0.040490154,0.030152962,17.948957,0.0049611726,0.0027458484,0.01690054,0.007733821868896484,0.01858602225672257,True
15146,-11,1.108204,2.870038,1,2,43.101765,379.91803,0.037524372,57.31496,2.8760939,1.1056042,52,25,1,11,0.038385257,0.028654415,16.799292,0.0044602584,0.0033950272,0.006055832,0.0025998353958129883,0.006590314423270029,True
15150,-11,1.0304302,1.5288954,1,2,39.208317,92.37566,0.30868495,33.779766,1.5291138,1.0235459,47,16,1,7,0.014587843,0.012198784,18.421066,0.0075787962,0.0024754475,0.00021839142,0.006884336471557617,0.0068877996098372415,True
15151,-11,0.54081637,-2.332392,1,2,58.30111,300.69055,0.39469716,71.13545,-2.3362377,0.53983635,41,20,1,9,0.022080457,0.019947719,8.130179,0.004244663,0.002444846,-0.0038456917,0.0009800195693969727,0.003968599580914395,True
15151,11,-2.588604,2.3158405,2,2,58.30111,300.69055,0.16927807,69.38811,2.306448,-2.592268,42,28,1,11,0.032880668,0.02618316,13.603425,0.006984745,0.0031773213,-0.0093925,0.0036640167236328125,0.010081868700507224,True
15153,11,-0.5095105,-2.4213479,2,2,75.893265,435.26578,0.9605739,99.89064,-2.4250736,-0.5062313,49,24,1,9,0.022037422,0.024865704,7.180038,0.003956255,0.0026879895,-0.0037257671,0.0032792091369628906,0.004963320834956347,True
15153,-11,2.623704,2.442955,1,2,75.893265,435.26578,0.81422853,91.877365,2.4375665,2.618218,52,22,1,13,0.03023299,0.022742366,12.50258,0.005579531,0.0027697773,-0.0053884983,0.005486011505126953,0.007689748830993039,True
15158,-11,2.1138015,-2.386389,1,2,53.402695,294.98288,0.16194591,67.14099,-2.3907142,2.1151328,42,24,1,11,0.025676385,0.023161534,10.153082,0.0046842652,0.0028505651,-0.0043251514,0.001331329345703125,0.004525414050027817,True
15158,11,-1.0154585,2.4014983,2,2,53.402695,294.98288,0.96977925,66.53279,2.4034529,-1.021095,43,22,1,9,0.02601872,0.020378448,7.8102217,0.004705691,0.0030762258,0.0019545555,0.00563657283782959,0.005965839452769443,True
15160,11,0.3630283,-2.3196805,2,2,36.794792,190.26291,0.54161847,50.83916,-2.3096108,0.36074486,41,16,1,11,0.027787142,0.022133453,20.151058,0.0057918285,0.0026215112,0.010069609,0.002283424139022827,0.010325262394446495,True
15160,-11,-2.7977505,2.3338313,1,2,36.794792,190.26291,0.8144771,48.972057,2.3319657,-2.8056543,43,29,1,9,0.026388664,0.025633693,15.295974,0.0051169624,0.003194062,-0.0018656254,0.007903814315795898,0.008121012174952136,True
15161,-11,-2.619209,-1.4957058,1,2,99.20501,229.8613,0.8725106,105.94424,-1.4970123,-2.623753,44,20,1,7,0.011728525,0.015782394,12.022248,0.00604313,0.0029150008,-0.0013064146,0.00454401969909668,0.004728089902867852,True
15167,11,2.3853254,-1.7579175,2,2,15.012369,45.78874,0.9665729,20.139862,-1.7536978,2.3510387,40,19,1,9,0.02981023,0.022883888,10.533296,0.011672137,0.0025458978,0.0042197704,0.0342867374420166,0.03454543133904845,True
15167,-11,-0.8392199,1.8038173,1,2,15.012369,45.78874,0.33955097,20.462898,1.8051577,-0.8422277,38,14,1,7,0.014498996,0.025216518,7.370916,0.0051480667,0.0029103388,0.0013403893,0.0030077695846557617,0.003292919862443856,True
15168,11,1.1665832,-1.978629,2,2,20.752016,76.44678,0.92131007,20.190397,-1.9770949,1.1449634,46,19,1,15,0.018195856,0.018035967,8.888557,0.0054501556,0.0027856042,0.0015341043,0.021619796752929688,0.02167415714360427,True
15168,-11,-2.0237503,1.9778544,1,2,20.752016,76.44678,0.5925721,47.345936,1.9818003,-2.0344784,41,25,1,35,0.035806566,0.035512913,28.237068,0.010149648,0.0024157392,0.0039459467,0.010728120803833008,0.011430794841405606,True
15170,11,2.2091143,-2.3909638,2,2,10.633547,58.031227,0.81338835,13.56629,-2.39947,2.2227867,41,23,1,13,0.058326945,0.014295709,13.645709,0.010433066,0.0041142516,-0.008506298,0.013672351837158203,0.016102493946760204,True
15170,-11,-0.9953062,2.372677,1,2,10.633547,58.031227,0.14994943,19.309437,2.358654,-1.0115292,44,26,1,7,0.031741254,0.032178245,16.171759,0.006259399,0.0036590511,-0.014023066,0.016223013401031494,0.02144370627774052,True
15172,11,0.75182235,-2.9127254,2,2,18.338501,170.31796,0.007569687,19.898003,-2.897411,0.71670735,52,31,1,7,0.0444797,0.028255831,35.174793,0.0050175176,0.0033130562,0.015314341,0.03511500358581543,0.03830916996772226,True
15172,-11,-2.4109304,2.9251525,1,2,18.338501,170.31796,0.4552811,27.749422,2.9242537,-2.39607,52,21,1,11,0.036878146,0.04160145,31.565847,0.0040670135,0.0027668911,-0.00089883804,0.014860391616821289,0.014887550128655124,True
15174,-11,1.9423524,-2.2788925,1,2,62.760902,311.30154,0.5014308,66.00027,-2.2840374,1.9436904,38,18,1,15,0.02320272,0.017901672,7.9031987,0.0047678133,0.003200525,-0.0051448345,0.0013380050659179688,0.005315974057158467,True
15174,11,-1.1874809,2.2896636,2,2,62.760902,311.30154,0.33380374,69.84006,2.291829,-1.1884953,46,22,1,11,0.021947311,0.021588506,8.559283,0.0045838514,0.0035790114,0.002165556,0.0010143518447875977,0.0023913473603800455,True
15177,11,-2.5792785,-2.328424,2,2,19.761148,99.219955,0.51387566,29.461407,-2.3504145,-2.5701241,46,28,1,9,0.058175184,0.028845955,17.605968,0.0107476,0.0028979385,-0.021990538,0.009154319763183594,0.023819851312964668,True
15177,-11,0.52544343,2.2661195,1,2,19.761148,99.219955,0.4165863,24.761354,2.277438,0.5152837,41,25,1,7,0.038877238,0.0214525,12.005068,0.007738525,0.0023091955,0.011318445,0.010159730911254883,0.015209448899464649,True
15178,11,0.7820183,-1.9360158,2,2,47.76456,167.44196,0.7532066,58.93446,-1.9345417,0.777393,34,20,1,7,0.014922769,0.016607247,7.3068514,0.004615264,0.0030305882,0.0014741421,0.0046253204345703125,0.004854552906465429,True
15178,-11,-2.381944,1.9171371,1,2,47.76456,167.44196,0.02316304,59.88244,1.9162192,-2.3790421,40,22,1,11,0.011170167,0.01131235,6.2892947,0.0034903933,0.0026454334,-0.00091791153,0.002901792526245117,0.003043511367062122,True
15181,-11,1.9544164,2.7114367,1,2,78.827446,595.96423,0.54900485,69.07088,2.716389,1.9326967,51,23,1,9,0.02495158,0.015866725,10.76337,0.0033284326,0.0025521147,0.0049521923,0.021719694137573242,0.02227710307824795,True
15183,-11,-2.2347062,-2.2499683,1,2,5.352859,25.523357,0.05173159,10.7249365,-2.2188852,-2.2290282,41,16,1,13,0.042625148,0.026808752,14.145224,0.009794673,0.0036924046,0.031083107,0.005677938461303711,0.03159744536832426,True
15183,11,1.0506494,2.2396095,2,2,5.352859,25.523357,0.94394773,11.366564,2.2209728,1.0244515,49,24,1,7,0.048439562,0.036727376,27.4669,0.011093492,0.004094039,-0.018636703,0.02619791030883789,0.03215053993218854,True
15186,11,-2.1491199,-2.7968018,2,2,61.072895,513.79565,0.9983768,77.36922,-2.7985046,-2.1588545,52,32,1,9,0.043654438,0.019589385,16.976719,0.005059175,0.003237083,-0.0017027855,0.009734630584716797,0.009882434469930802,True
15186,-11,0.98544276,2.842441,1,2,61.072895,513.79565,0.6922655,59.04954,2.843124,0.97003984,49,15,1,13,0.020214224,0.014212802,9.873789,0.0024251007,0.001606511,0.0006828308,0.015402913093566895,0.015418041045600009,True
15188,-11,-1.4045349,-2.5438588,1,2,98.457954,634.4293,0.64119595,121.20045,-2.5449212,-1.4051931,50,25,1,9,0.023245828,0.013860375,11.091872,0.0035736333,0.002300003,-0.0010623932,0.0006581544876098633,0.0012497386192650039,True
15188,11,1.7427479,2.55652,2,2,98.457954,634.4293,0.91488117,103.656075,2.5546234,1.7517148,52,18,1,15,0.020944266,0.008356194,8.465668,0.0032969457,0.0023765464,-0.0018966198,0.008966922760009766,0.009165307980672164,True
15189,11,-1.7742008,-1.7758032,2,2,93.137566,286.06396,0.95859104,117.177666,-1.7780936,-1.7786585,42,16,1,11,0.017701525,0.02169211,7.6019554,0.006411258,0.0022183445,-0.002290368,0.004457712173461914,0.0050116847103597005,True
15189,-11,1.3541034,1.7997053,1,2,93.137566,286.06396,0.031387266,109.73487,1.7997243,1.3536985,47,17,1,11,0.013280241,0.011870832,6.6491213,0.004707742,0.0027589106,1.9073486e-05,0.0004049539566040039,0.0004054028920098457,True
15191,11,1.8086059,-1.9181521,2,2,17.611189,62.289112,0.37914145,22.992447,-1.9194697,1.8098512,42,15,1,9,0.016320279,0.019211456,8.189229,0.005121623,0.0027796966,-0.0013176203,0.001245260238647461,0.0018129523554615934,True
15191,-11,-1.3930265,1.9540776,1,2,17.611189,62.289112,0.14583397,23.508121,1.9534343,-1.3954873,51,17,1,9,0.022113716,0.01809789,17.947096,0.006748197,0.0030632997,-0.0006432533,0.0024608373641967773,0.002543520272176381,True
15192,11,-1.0010049,-2.193199,2,2,71.58984,327.05472,0.19935814,88.62424,-2.1911335,-1.0021623,38,19,1,11,0.017725294,0.0163271,6.976129,0.004100906,0.0028626707,0.0020654202,0.0011574029922485352,0.0023676025909714735,True
15192,-11,2.1293108,2.2071068,1,2,71.58984,327.05472,0.85904664,93.80294,2.202783,2.1254292,47,20,1,11,0.023032233,0.022262948,12.397699,0.00539421,0.002644555,-0.004323721,0.003881692886352539,0.005810516604785262,True
15193,-11,-0.07293451,2.9055803,1,2,51.7148,471.87662,0.022185719,62.85166,2.9078476,-0.07368106,51,37,1,9,0.033855014,0.021739589,20.499224,0.0037664117,0.0034424108,0.0022673607,0.0007465481758117676,0.002387102519278878,True
15198,11,0.58168983,2.8849874,2,2,27.87899,252.68806,0.8609138,41.348812,2.8964496,0.5857146,52,38,1,9,0.030266153,0.03144738,26.057764,0.0032818601,0.0027255896,0.011462212,0.0040247440338134766,0.012148286540540502,True
15199,11,-0.6565129,-2.246962,2,2,64.16142,309.10617,0.44350386,84.88696,-2.245268,-0.655148,35,21,1,9,0.024009971,0.020278348,7.95211,0.0054036146,0.002810885,0.001693964,0.00136488676071167,0.0021754148710810307,True
15201,-11,-1.8774787,-2.8657393,1,2,22.788372,201.35147,0.56633174,34.401863,-2.8533967,-1.8881835,52,38,1,9,0.03935783,0.0395683,29.611874,0.004553854,0.0029844085,0.012342691,0.010704755783081055,0.016338109817008332,True
15201,11,1.2820237,2.8717587,2,2,22.788372,201.35147,0.4642567,35.114952,2.8362029,1.3030117,51,28,1,13,0.056872755,0.03449919,18.796656,0.0070062676,0.002784227,-0.03555584,0.020987987518310547,0.04128817500669902,True
15202,11,2.7789538,-2.6163802,2,2,94.02437,651.69135,0.5305188,85.83977,-2.61824,2.799868,52,38,1,9,0.029862538,0.016814958,15.7116375,0.004256429,0.0027238375,-0.0018599033,0.020914316177368164,0.020996853610190016,True
15202,-11,-0.36817247,2.6315198,1,2,94.02437,651.69135,0.6765639,120.91671,2.632658,-0.36636785,52,25,1,11,0.031395227,0.015712967,9.946382,0.004632576,0.003022827,0.0011382103,0.0018046200275421143,0.0021335829309315846,True
15203,-11,1.4118319,-2.0325396,1,2,41.1457,160.41052,0.048816595,53.88021,-2.0365932,1.4123683,43,21,1,9,0.017049283,0.020321254,8.869332,0.0046423185,0.0024126817,-0.0040535927,0.0005364418029785156,0.004088934239045536,True
15203,11,-1.7066149,2.0413136,2,2,41.1457,160.41052,0.35264003,58.17628,2.0403848,-1.7084485,48,34,1,7,0.022571653,0.022950882,13.530318,0.006271604,0.0032315059,-0.0009288788,0.0018336772918701172,0.0020555262602115452,True
15206,11,-2.65382,-2.5191548,2,2,59.904858,371.347,0.8545692,77.32113,-2.5147429,-2.6527543,48,26,1,11,0.029873203,0.02361504,10.396597,0.0051366454,0.0027419457,0.004411936,0.0010657310485839844,0.00453882816145902,True
15206,-11,0.47797236,2.5028348,1,2,59.904858,371.347,0.23584892,66.71767,2.497841,0.47050208,34,17,1,13,0.019142084,0.010262434,6.665182,0.003246815,0.0028009189,-0.0049939156,0.007470279932022095,0.008985781804297708,True
15208,11,1.9083383,-2.0897746,2,2,13.484437,55.6022,0.0617418,17.593142,-2.0844538,1.9012362,41,18,1,7,0.029145384,0.019984335,10.059337,0.008037606,0.0026199021,0.0053207874,0.0071021318435668945,0.00887417912175744,True
15209,11,1.8888032,-1.6247013,2,2,11.682416,31.130674,0.2633903,16.574377,-1.6229097,1.8895894,40,15,1,5,0.02278822,0.020185657,16.127665,0.010199882,0.0028687322,0.0017915964,0.0007861852645874023,0.0019565032776823654,True
15209,-11,-1.3772006,1.6487443,1,2,11.682416,31.130674,0.6875891,6.399397,1.6373937,-1.3891472,34,20,1,29,0.027838228,0.017765503,15.890096,0.012355132,0.0023602499,-0.011350632,0.011946558952331543,0.01647898988006855,True
15213,-11,0.29575768,-2.3249643,1,2,69.10893,355.48068,0.6914654,84.95106,-2.3266678,0.29611447,52,24,1,11,0.02634601,0.019532206,13.353467,0.005192721,0.0032313508,-0.0017035007,0.0003567934036254883,0.0017404643844031464,True
15213,11,-2.835537,2.317755,2,2,69.10893,355.48068,0.5499609,88.482864,2.320311,-2.831556,46,21,1,9,0.021382682,0.014174152,9.7121935,0.004445584,0.0019987067,0.0025560856,0.003980875015258789,0.004730849749889117,True
15215,11,2.7615435,-2.3106544,2,2,98.40195,494.90823,0.13819006,114.252174,-2.3126087,2.7548895,52,18,1,9,0.02150031,0.016739925,8.198589,0.0043850783,0.0020877463,-0.001954317,0.006654024124145508,0.0069350841586422384,True
15215,-11,-0.3874395,2.2863584,1,2,98.40195,494.90823,0.21718302,124.946236,2.2875361,-0.38981932,42,23,1,11,0.020461649,0.015848177,7.284744,0.004213391,0.0028339457,0.0011777878,0.0023798346519470215,0.0026553336941182015,True
15216,11,1.5114217,-1.6897782,2,2,72.17446,204.25034,0.12430593,88.48458,-1.6914473,1.5141559,40,17,1,9,0.009989482,0.01601593,9.311376,0.0040986785,0.0026315718,-0.0016690493,0.0027341842651367188,0.0032033559002759646,True
15216,-11,-1.6489269,1.711631,1,2,72.17446,204.25034,0.20049946,95.07401,1.7141458,-1.6468773,42,24,1,9,0.014004491,0.019463623,7.809075,0.005542124,0.0027604823,0.0025148392,0.002049565315246582,0.003244246298343369,True
15217,11,-0.6323155,2.1397552,2,2,38.861256,166.37932,0.8813482,43.773373,2.1439931,-0.64280033,45,23,1,11,0.02416032,0.010662923,8.941602,0.0058585242,0.002600603,0.0042378902,0.010484814643859863,0.011308892597220292,True
15217,-11,2.4870992,-2.127313,1,2,38.861256,166.37932,0.49586833,48.316704,-2.1285775,2.4835014,41,16,1,9,0.022463536,0.02065938,9.549768,0.005400599,0.0024683012,-0.0012645721,0.003597736358642578,0.0038135088321063653,True
15218,-11,1.7846898,1.6410328,1,2,17.228449,45.154804,0.4134594,15.158605,1.6413342,1.7506478,39,14,1,9,0.0226717,0.019431135,10.127796,0.00970893,0.0026031493,0.00030136108,0.03404200077056885,0.03404333466284333,True
15218,11,-1.2709174,-1.5964098,2,2,17.228449,45.154804,0.4521214,19.606293,-1.6000497,-1.2644126,38,12,1,9,0.012776464,0.010684677,6.626643,0.005698541,0.0027968474,-0.0036399364,0.00650477409362793,0.007453940149094372,True
15220,11,1.1291417,-2.7216399,2,2,61.222267,460.77515,0.37240395,73.961586,-2.7186692,1.1203892,47,31,1,11,0.03042785,0.01994704,11.198904,0.004156042,0.003020354,0.0029706955,0.00875246524810791,0.00924287182897974,True
15220,-11,-2.02032,2.692786,1,2,61.222267,460.77515,0.8864133,90.38883,2.7011087,-2.0241933,51,29,1,13,0.055178624,0.03341725,15.737902,0.0070595345,0.0031623624,0.008322716,0.0038733482360839844,0.009179892333693445,True
15223,-11,1.3623751,-2.9118888,1,2,81.91326,749.9284,0.49068233,94.908844,-2.9128895,1.3417184,52,38,1,11,0.025291322,0.025058784,20.23838,0.0027579386,0.0024007068,-0.0010006428,0.020656704902648926,0.020680927042674293,True
15224,11,2.580597,-2.996988,2,2,45.57486,452.98782,0.35092622,18.128534,-2.973814,2.5648818,51,37,1,29,0.023598345,0.018795738,29.90934,0.0024169534,0.0015246522,0.023174047,0.01571512222290039,0.028000027123613744,True
15224,-11,-0.5689491,2.9773471,1,2,45.57486,452.98782,0.32351795,51.809048,2.9582617,-0.56266665,52,38,1,9,0.033238582,0.024056166,17.028751,0.0036403078,0.0022215287,-0.019085407,0.006282448768615723,0.02009283295380448,True
15230,11,-1.8740716,-2.047906,2,2,12.450038,48.815586,0.33183208,18.692389,-2.0400362,-1.8797413,44,25,1,9,0.027224695,0.031861395,18.144508,0.007571692,0.003017047,0.00786972,0.005669713020324707,0.009699388941340415,True
15230,-11,1.1915244,2.0381892,1,2,12.450038,48.815586,0.3816178,18.163078,2.04256,1.1919115,52,22,1,7,0.024686564,0.021005655,14.281581,0.006578794,0.0032168492,0.004370928,0.0003870725631713867,0.004388033111047422,True
15231,11,1.2625453,-2.8028069,2,2,30.96537,253.50471,0.48081186,31.590984,-2.8081458,1.2441969,51,20,1,9,0.038401835,0.006743757,18.289333,0.0044643623,0.0020182498,-0.0053389072,0.01834845542907715,0.019109415166934172,True
15231,-11,-1.893391,2.7811472,1,2,30.96537,253.50471,0.6829826,28.798326,2.777221,-1.905092,51,17,1,9,0.048776716,0.010509722,48.303154,0.005975226,0.0015569605,-0.003926277,0.011700987815856934,0.012342154078585172,True
15232,-11,-2.6182857,2.6008701,1,2,58.034927,384.7565,0.5851032,65.03515,2.589336,-2.609663,47,33,1,9,0.035520457,0.021923117,19.491404,0.005652826,0.0026669158,-0.011534214,0.00862264633178711,0.014400976382547878,True
15232,11,0.5327259,-2.5575736,2,2,58.034927,384.7565,0.9926631,76.45284,-2.549739,0.53268754,44,18,1,9,0.021807212,0.019141547,9.377479,0.003430609,0.0025089402,0.007834673,3.832578659057617e-05,0.007834766868183922,True
15234,-11,3.1169906,2.9814925,1,2,10.445669,102.982346,0.75416523,8.090445,2.9805038,3.1215534,51,13,1,13,0.01827837,0.01734655,27.97838,0.0018138988,0.00039593095,-0.0009887218,0.004562854766845703,0.004668748703697227,True
15234,11,0.010389536,-2.9764872,2,2,10.445669,102.982346,0.13112378,14.549546,-2.9643917,0.02051751,51,21,1,7,0.027955024,0.017381845,27.902632,0.0029232875,0.002558852,0.012095451,0.01012797374278307,0.015775797982405363,True
15237,11,1.3395556,-1.4886467,2,2,7.434348,17.576458,0.5709188,5.4101615,-1.5016848,1.3772961,45,20,1,3,0.036528736,0.03751372,26.798607,0.018107982,0.0028740426,-0.013038039,0.037740468978881836,0.03992910550694675,True
15242,11,1.3297,2.6740396,2,2,82.79008,612.8798,0.3978722,97.06536,2.675137,1.3112673,50,34,1,9,0.028479218,0.023616264,10.548425,0.0040712883,0.0020445192,0.0010974407,0.01843273639678955,0.018465376983688494,True
15242,-11,-1.8178164,-2.707072,1,2,82.79008,612.8798,0.5630768,107.56428,-2.6951873,-1.8282028,48,29,1,11,0.029924264,0.024854548,9.981922,0.0040000197,0.0025048892,0.011884689,0.010386466979980469,0.015783679329735855,True
15243,-11,0.43783405,2.4433618,1,2,71.15505,401.6275,0.68802005,91.78324,2.4426892,0.43727335,51,25,1,9,0.025844932,0.022275772,9.773293,0.004602564,0.0029441365,-0.0006725788,0.0005607008934020996,0.0008756413362424117,True
15243,11,-2.6946611,-2.3891547,2,2,71.15505,401.6275,0.43425712,88.795334,-2.395466,-2.6962912,43,18,1,11,0.023044657,0.016998535,10.255943,0.004169923,0.0028488587,-0.0063114166,0.0016300678253173828,0.006518519842862206,True
15244,-11,0.54913634,2.8467305,1,2,24.426138,211.8592,0.9928602,27.00631,2.8194692,0.56064487,52,30,1,11,0.04596659,0.027040996,23.899334,0.0057987943,0.002898151,-0.027261257,0.011508524417877197,0.029590915533052795,True
15244,11,-2.5753844,-2.8534558,2,2,24.426138,211.8592,0.8435647,28.132603,-2.8320177,-2.5683794,50,36,1,11,0.04055703,0.031942204,20.332382,0.005022927,0.0023584412,0.021438122,0.007004976272583008,0.0225535534457278,True
15245,-11,2.4585197,1.9002553,1,2,95.71065,323.39978,0.052638713,117.13587,1.9051014,2.4608197,46,23,1,9,0.022433877,0.015473885,9.353677,0.0068362625,0.0025706755,0.004846096,0.0023000240325927734,0.005364210765861241,True
15245,11,-0.6714837,-1.87603,2,2,95.71065,323.39978,0.10482138,115.82409,-1.8797264,-0.67345023,40,19,1,11,0.013435636,0.012319105,6.965306,0.0043510604,0.002872913,-0.0036964417,0.001966536045074463,0.0041869971210068534,True
15246,-11,1.7656186,-2.3193567,1,2,96.99445,504.92834,0.9038396,116.68249,-2.3167505,1.7652285,45,26,1,11,0.020855464,0.019411432,9.249985,0.004252022,0.0031504445,0.0026061535,0.00039005279541015625,0.0026351806636752853,True
15246,11,-1.3687754,2.3479729,2,2,96.99445,504.92834,0.8393355,130.06749,2.3502023,-1.3737893,48,22,1,9,0.027746994,0.031374976,9.259837,0.005433877,0.0027881018,0.0022294521,0.005013942718505859,0.00548726510583821,True
15247,11,0.9426992,2.8460362,2,2,68.86075,594.6373,0.05631219,67.90688,2.8408334,0.96190554,49,30,1,13,0.020362949,0.011388978,12.119933,0.002471421,0.0014715793,-0.0052027702,0.019206345081329346,0.019898555456482933,True
15247,-11,-2.2049766,-2.8452528,1,2,68.86075,594.6373,0.99936897,97.12981,-2.8368526,-2.1969821,52,34,1,13,0.03499246,0.028840574,17.633171,0.0042754337,0.002154675,0.008400202,0.007994413375854492,0.011596294194424905,True
15248,11,-0.41784605,-1.9695442,2,2,99.02315,355.58096,0.9670041,110.68686,-1.9692365,-0.42142782,52,19,1,11,0.016849203,0.01373751,7.6306767,0.004904115,0.0030890054,0.00030767918,0.0035817623138427734,0.0035949530940489046,True
15248,-11,2.713246,1.9339578,1,2,99.02315,355.58096,0.9313282,122.95492,1.9343563,2.71374,40,20,1,11,0.012987177,0.014128149,6.285238,0.003998033,0.0028386547,0.00039851665,0.0004940032958984375,0.0006347084217541247,True
15250,-11,1.7220136,2.0376656,1,2,85.76968,333.65945,0.4227344,105.46935,2.0369458,1.7242447,39,23,1,9,0.015092439,0.02084731,6.717036,0.00416109,0.0027459357,-0.0007197857,0.002231121063232422,0.002344353351943982,True
15250,11,-1.4084733,-2.0316703,2,2,85.76968,333.65945,0.16835995,104.66625,-2.0330358,-1.4153363,35,17,1,9,0.016388226,0.009840596,5.476817,0.0044512656,0.0023813583,-0.0013654232,0.006862998008728027,0.006997508280304269,True
15252,11,0.48216453,1.5773702,2,2,36.611042,91.22394,0.40162173,43.59857,1.5808945,0.4844765,41,15,1,9,0.01277595,0.017471695,7.1568127,0.005898058,0.0031352367,0.0035243034,0.0023119747638702393,0.0042149664046548735,True
15254,11,2.8385973,2.5063424,2,2,74.62817,462.31522,0.9968576,98.61748,2.5072422,2.8420508,43,26,1,9,0.025309382,0.025251763,14.260801,0.0042430167,0.0029804418,0.0008997917,0.003453493118286133,0.0035687868881433644,True
15254,-11,-0.31083116,-2.514274,1,2,74.62817,462.31522,0.8258445,67.23228,-2.515172,-0.28915742,46,22,1,9,0.020867882,0.01794793,7.786706,0.003465458,0.0022813892,-0.0008981228,0.021673738956451416,0.02169233931354068,True
15256,11,0.08870541,1.5050461,2,2,12.869554,30.582054,0.9627212,10.378191,1.5043378,0.046717666,43,11,1,7,0.01927051,0.015284351,28.164219,0.010065313,0.0030907255,-0.0007083416,0.04198774695396423,0.04199372146036016,True
15256,-11,3.1008322,-1.5186101,1,2,12.869554,30.582054,0.48626027,7.461861,-1.5320878,3.0714688,47,19,1,3,0.021550931,0.026072105,14.283615,0.010544214,0.002543706,-0.013477683,0.029363393783569336,0.032308773249038254,True
15258,11,0.72743785,2.1117036,2,2,84.56565,355.76312,0.38064122,105.13589,2.1094651,0.72474754,49,21,1,9,0.021953493,0.015909115,11.036576,0.00566724,0.0029910966,-0.002238512,0.0026903152465820312,0.003499818883702781,True
15261,11,-3.0412483,1.5017313,2,2,61.006496,142.54878,0.30245516,70.3527,1.5015194,-3.0438912,47,14,1,9,0.010473651,0.015633944,8.478899,0.005456304,0.0026516782,-0.00021183491,0.0026428699493408203,0.0026513459972583226,True
15261,-11,0.07246435,-1.4835408,1,2,61.006496,142.54878,0.27369902,6.0441713,-1.4944658,0.07103156,52,9,1,3,0.01765005,0.025692377,13.0303545,0.009173231,0.004845676,-0.010925055,0.0014327839016914368,0.011018606380859268,True
15262,-11,0.57567805,-2.315627,1,2,75.495575,388.73068,0.073436774,92.444466,-2.3128555,0.56910306,52,28,1,11,0.024193732,0.029404256,13.537279,0.0049832542,0.002935126,0.002771616,0.00657498836517334,0.00713528745723028,True
15265,-11,-2.590633,-2.8196464,1,2,3.4281244,29.172949,0.1793255,9.426691,-2.7969856,-2.5752068,52,21,1,7,0.052548163,0.021575911,30.140911,0.0066246833,0.0043188124,0.022660732,0.015426158905029297,0.027413047587765155,True
15265,11,0.6747794,2.843584,2,2,3.4281244,29.172949,0.0,11.327918,2.8673456,0.66044796,52,22,1,9,0.06692983,0.020737225,33.209892,0.0072704996,0.0043999073,0.02376151,0.014331459999084473,0.027748876862361032,True
15266,11,-0.38475975,2.4674556,2,2,16.38542,98.39937,0.2464432,26.459728,2.459968,-0.37384242,49,29,1,9,0.046688356,0.038559314,24.954124,0.008148812,0.0029388224,-0.0074875355,0.010917335748672485,0.01323825549954566,True
15266,-11,2.7198684,-2.490363,1,2,16.38542,98.39937,0.40388554,24.474932,-2.4970427,2.7081916,43,21,1,9,0.0301309,0.013723965,10.562598,0.004931965,0.0032965997,-0.0066797733,0.011676788330078125,0.013452388606376627,True
15268,-11,0.9308925,2.868153,1,2,11.953497,103.246376,0.7108521,17.388624,2.9078083,0.9354462,52,38,1,7,0.046031628,0.042079814,46.584114,0.0048488243,0.004020807,0.03965521,0.004553675651550293,0.03991580599262249,True
15268,11,-2.1757402,-2.8241885,2,2,11.953497,103.246376,0.34474096,13.991958,-2.8325424,-2.2001913,52,25,1,9,0.034324758,0.031406656,20.168089,0.004197504,0.0023546088,-0.008353949,0.024451017379760742,0.025838744388675644,True
15271,-11,-1.3176363,1.7414752,1,2,35.63212,106.00135,0.24444067,41.865574,1.7412741,-1.3205475,40,18,1,7,0.01569917,0.016194569,7.213606,0.0061776866,0.0032834776,-0.00020110607,0.002911210060119629,0.0029181479856451253,True
15271,11,1.8599192,-1.7664604,2,2,35.63212,106.00135,0.64405113,37.525997,-1.7691983,1.8624068,36,15,1,7,0.018565478,0.016704332,11.546582,0.006701802,0.0026450814,-0.0027378798,0.002487659454345703,0.003699247939306495,True
15272,11,-0.29157573,2.1971762,2,2,57.408962,258.0588,0.9180782,63.394424,2.193059,-0.29340094,44,27,1,9,0.014264835,0.019293081,9.112281,0.0033354,0.0023901477,-0.0041172504,0.0018252134323120117,0.004503682457467753,True
15272,-11,2.8357263,-2.1700888,1,2,57.408962,258.0588,0.8287936,67.979485,-2.174608,2.8353238,44,19,1,7,0.01981377,0.01616838,7.410017,0.0046459786,0.0029615194,-0.004519224,0.0004024505615234375,0.004537108542100064,True
15275,11,-0.8944429,2.9315898,2,2,65.95532,616.66,0.98672533,53.939606,2.9190097,-0.9195293,52,23,1,11,0.02681874,0.027063042,23.63538,0.002871827,0.0021802068,-0.012580156,0.025086402893066406,0.02806399720563118,True
15275,-11,2.2413,-2.9196794,1,2,65.95532,616.66,0.8944253,83.16684,-2.921241,2.2356265,51,30,1,13,0.028454645,0.027547175,17.141575,0.0031340243,0.0023038124,-0.0015616417,0.005673646926879883,0.005884640535204284,True
15277,-11,-2.5601046,2.9961581,1,2,77.01846,774.0126,0.113934465,32.47228,2.9810688,-2.535875,52,23,1,32,0.02141322,0.022779092,40.579895,0.0021798152,0.0012139648,-0.015089273,0.02422952651977539,0.028543933386890815,True
15278,11,-0.15891539,-1.9203231,2,2,19.392965,68.41971,0.09272188,32.093697,-1.9230454,-0.16337278,41,22,1,9,0.030468283,0.030145502,12.677182,0.009270078,0.0028028642,-0.0027222633,0.004457399249076843,0.005222942227309807,True
15278,-11,2.9279857,1.9464691,1,2,19.392965,68.41971,0.9278937,21.800797,1.9488661,2.946762,37,18,1,9,0.020538075,0.017476482,8.2361355,0.006050675,0.0029479016,0.0023970604,0.018776416778564453,0.018928806759773393,True
15280,-11,-1.4352462,1.5696279,1,2,34.930397,87.493965,0.16543281,47.290726,1.5719203,-1.4385729,41,17,1,7,0.016479231,0.015343618,9.499807,0.0077267513,0.0021952428,0.0022923946,0.0033266544342041016,0.0040400127282447535,True
15280,11,1.7511145,-1.5683185,2,2,34.930397,87.493965,0.04204453,45.478924,-1.5708909,1.7527386,52,22,1,9,0.023776727,0.016153079,17.688673,0.011533494,0.0035110246,-0.0025724173,0.0016241073608398438,0.0030422122500779083,True
15281,-11,-1.7826418,2.902639,1,2,85.31127,776.93945,0.005525413,90.38772,2.898592,-1.7676678,52,21,1,11,0.024706123,0.01003595,13.60087,0.0027176486,0.0019028648,-0.004046917,0.014973998069763184,0.01551122673615951,True
15281,11,1.363533,-2.895725,2,2,85.31127,776.93945,0.5806643,63.950924,-2.8934495,1.3902676,48,16,1,11,0.036362913,0.013310383,17.536943,0.0040950254,0.0023845946,0.002275467,0.026734590530395508,0.026831251937379435,True
15283,11,2.2085316,2.8560975,2,2,14.840356,127.79759,0.074114375,29.70114,2.872422,2.2058809,52,34,1,7,0.048352648,0.0497893,28.364086,0.0053364644,0.0036606204,0.01632452,0.002650737762451172,0.01653833008069824,True
15283,-11,-0.96127385,-2.8298576,1,2,14.840356,127.79759,0.947476,21.825775,-2.8268793,-0.9340234,52,22,1,9,0.06145121,0.03488035,20.50491,0.0076960623,0.0031173027,0.002978325,0.027250468730926514,0.02741274275234807,True
15285,11,-0.060255576,2.1581988,2,2,92.40588,407.6905,0.93837285,108.53745,2.1581905,-0.06413919,51,21,1,11,0.02359856,0.02093197,8.162088,0.005862397,0.0027652548,-8.34465e-06,0.003883611410856247,0.003883620375850471,True
15285,-11,3.0722866,-2.1705825,1,2,92.40588,407.6905,0.07586127,102.84895,-2.1741707,3.0719705,42,21,1,13,0.019532762,0.0219516,7.5071197,0.0045456747,0.0029171286,-0.0035881996,0.0003161430358886719,0.0036020997587917244,True
15286,-11,0.4875948,-2.2452407,1,2,19.846066,94.34774,0.0,28.664333,-2.2445126,0.4735592,45,21,1,7,0.03143329,0.02224435,12.570846,0.007020436,0.0033621215,0.00072813034,0.014035612344741821,0.014054486389930319,True
15288,-11,-2.0173306,2.7172928,1,2,4.970662,38.038544,0.8104912,12.36246,2.6918948,-1.9746052,49,25,1,5,0.06826452,0.0334625,24.357182,0.009531872,0.005476453,-0.025398016,0.042725443840026855,0.04970435363650899,True
15288,11,1.2193631,-2.7313035,2,2,4.970662,38.038544,0.05253404,8.661459,-2.7317746,1.1788223,52,28,1,5,0.038327157,0.037422728,25.851944,0.0050291554,0.00319032,-0.0004711151,0.04054081439971924,0.04054355166535764,True
15293,11,-2.6674848,1.8783684,2,2,60.764034,201.03885,0.08449643,76.34285,1.8737627,-2.6688716,35,17,1,9,0.014178899,0.015970655,5.875822,0.004679269,0.0026439037,-0.004605651,0.001386880874633789,0.004809933261450323,True
15293,-11,0.45538136,-1.8537999,1,2,60.764034,201.03885,0.49671072,58.259594,-1.8544674,0.4436079,39,18,1,9,0.014138217,0.015132006,7.3501964,0.004791223,0.0024508,-0.0006674528,0.011773467063903809,0.011792371260570271,True
15294,-11,2.497598,2.5749934,1,2,29.448238,193.14146,0.07494702,40.121265,2.5718358,2.5027254,48,26,1,9,0.026694711,0.030654674,16.422483,0.0042306455,0.0025325615,-0.0031576157,0.005127429962158203,0.006021716921555885,True
15294,11,-0.62519425,-2.5612307,2,2,29.448238,193.14146,0.20355548,44.302437,-2.571173,-0.6159568,47,33,1,9,0.027488014,0.03079269,20.272024,0.0042645247,0.0029042065,-0.009942293,0.009237468242645264,0.013571293791367865,True
15295,-11,-2.949709,1.8014617,1,2,84.52439,262.9639,0.03052089,108.14886,1.7977481,-2.9520772,45,15,1,9,0.012689273,0.013764598,6.294218,0.004661418,0.0021783165,-0.0037136078,0.0023682117462158203,0.0044044647437171194,True
15295,11,0.20630457,-1.8010191,2,2,84.52439,262.9639,0.77419794,101.288345,-1.8023118,0.20325008,43,15,1,9,0.013571027,0.013928466,6.9755597,0.004830961,0.0031083347,-0.0012927055,0.003054484724998474,0.0033167701967073667,True
15297,11,1.0093286,-1.9019265,2,2,94.786896,322.8212,0.91498184,108.28581,-1.9029261,1.0118129,52,18,1,13,0.015214865,0.012909256,7.3878818,0.0047186897,0.0027268424,-0.0009995699,0.0024843215942382812,0.0026778711208993076,True
15297,-11,-2.1438882,1.8907781,1,2,94.786896,322.8212,0.27684784,108.96471,1.8924472,-2.1418633,33,17,1,9,0.0135085825,0.0153839085,5.638462,0.0043444904,0.0030006783,0.0016691685,0.0020248889923095703,0.0026241758255155295,True
15298,-11,0.8120125,-1.5283706,1,2,47.3624,114.72818,0.03500676,52.683727,-1.5297747,0.8111775,52,16,1,7,0.010854231,0.01610037,9.623385,0.0054063313,0.0027456735,-0.001404047,0.0008350014686584473,0.0016335774878005087,True
15298,11,-2.2952404,1.5362706,2,2,47.3624,114.72818,0.30113143,55.38688,1.5352983,-2.2926514,46,14,1,9,0.012111627,0.010973558,9.180785,0.006327237,0.0024565249,-0.00097227097,0.002588987350463867,0.0027655318351746264,True
15303,11,-2.8465514,1.920265,2,2,28.585793,97.27433,0.15734418,36.161236,1.9252529,-2.8434155,39,15,1,9,0.022154763,0.020274471,14.418045,0.0067596426,0.003427645,0.004987955,0.0031359195709228516,0.005891832348392266,True
15303,-11,0.2564291,-1.8714284,1,2,28.585793,97.27433,0.14475524,40.517883,-1.8728235,0.24862795,39,16,1,9,0.024450935,0.020420218,8.091417,0.00802123,0.002627709,-0.0013951063,0.007801160216331482,0.007924924121941162,True
15304,11,1.2202207,2.2920713,2,2,45.335407,232.36038,0.7830795,70.59839,2.2955828,1.2249613,49,24,1,11,0.035238523,0.03206226,18.635847,0.0072663794,0.0034662196,0.0035114288,0.004740595817565918,0.005899439054249318,True
15304,-11,-1.9371653,-2.3440487,1,2,45.335407,232.36038,0.15956183,59.119534,-2.3406284,-1.9307648,52,20,1,9,0.029378025,0.024714492,10.848444,0.0057448004,0.0029757807,0.003420353,0.006400465965270996,0.007257050265127901,True
15305,11,0.019679734,-2.2654316,2,2,57.69382,287.98056,0.9677376,70.36623,-2.2677479,0.01134869,41,23,1,7,0.025328673,0.013489691,11.7651615,0.005375604,0.0025726475,-0.0023162365,0.00833104457706213,0.008647037365099336,True
15305,-11,-3.1346078,2.3166823,1,2,57.69382,287.98056,0.62548214,78.224754,2.3094068,3.1372035,47,26,1,9,0.030664995,0.028485665,10.551594,0.006471268,0.0024099883,-0.0072755814,-0.011373821889058888,0.013501774238170715,True
16254,-11,2.804894,1.8591454,1,2,96.44356,316.5852,0.12828556,118.35473,1.8604524,2.8112314,39,22,1,11,0.01933752,0.011476788,7.038492,0.006818211,0.0024402104,0.0013070107,0.006337404251098633,0.006470778120343468,True
16254,11,-0.32479888,-1.8563263,2,2,96.44356,316.5852,0.6430865,107.49927,-1.8563509,-0.32701755,32,18,1,9,0.012876504,0.02015174,6.2860556,0.0043440782,0.0027685254,-2.4557114e-05,0.0022186636924743652,0.002218799592602874,True
16255,11,2.0124817,-1.7233689,2,2,9.265534,26.27476,0.552409,8.528823,-1.7198633,1.9656421,35,19,1,9,0.029490774,0.021051606,13.430692,0.011839481,0.0021645653,0.0035055876,0.04683959484100342,0.0469705949411002,True
16256,-11,2.1036549,1.6730214,1,2,76.174324,206.46996,0.23853277,89.39594,1.6717479,2.1036868,39,15,1,7,0.0131782945,0.014737759,7.0930085,0.0055089644,0.002567029,-0.0012735128,3.1948089599609375e-05,0.0012739135059152602,True
16256,11,-1.0192202,-1.6361566,2,2,76.174324,206.46996,0.009375846,95.44149,-1.6359477,-1.0191464,43,18,1,7,0.013238879,0.01674935,6.245998,0.00590486,0.0028493837,0.00020885468,7.37905502319336e-05,0.00022150693148356086,True
16257,11,2.2708983,2.4809456,2,2,19.633656,120.9836,0.89309835,32.36918,2.4764166,2.2503295,42,28,1,7,0.0327801,0.03228784,14.761591,0.0055909962,0.0031254443,-0.0045289993,0.02056884765625,0.021061560434001703,True
16259,11,-1.2900631,1.9944141,2,2,30.503819,113.90695,0.68115866,35.729366,1.9972622,-1.2880232,44,20,1,7,0.021096464,0.019716192,12.493648,0.006184164,0.0031143418,0.0028481483,0.0020399093627929688,0.003503309718189199,True
16259,-11,1.8187948,-1.990169,1,2,30.503819,113.90695,0.0843202,36.975098,-1.9908721,1.815041,42,19,1,9,0.02416973,0.013267195,8.485419,0.0068409396,0.0030404497,-0.0007030964,0.0037539005279541016,0.0038191770981564083,True
16261,11,0.050069924,2.0403385,2,2,98.272484,389.86493,0.99911326,130.30621,2.040637,0.049750507,41,18,1,13,0.02186347,0.01590162,7.0907426,0.0059869736,0.002833663,0.00029850006,0.0003194175660610199,0.00043718402068961535,True
16261,-11,-3.1010277,-2.0697596,1,2,98.272484,389.86493,0.079335,113.51255,-2.0714364,-3.1004775,35,18,1,11,0.014167006,0.012934277,6.659981,0.0037387325,0.0026274018,-0.0016767979,0.0005502700805664062,0.0017647799270446062,True
16262,11,1.5255051,-2.5319562,2,2,66.88951,417.34473,0.7990351,82.034676,-2.5312333,1.5311776,48,25,1,9,0.025279751,0.018749857,10.627851,0.0039755856,0.002852555,0.00072288513,0.005672574043273926,0.005718449019642875,True
16263,-11,1.7125292,2.204082,1,2,64.97578,295.42273,0.7085355,86.118805,2.2057056,1.7200909,42,18,1,9,0.022692967,0.030074446,7.323011,0.0052535497,0.0028685755,0.0016236305,0.007561683654785156,0.007734031017036053,True
16263,11,-1.416625,-2.1864557,2,2,64.97578,295.42273,0.20372654,80.45152,-2.1895974,-1.4158754,45,23,1,9,0.019226756,0.018066118,7.775791,0.0045225257,0.0030529036,-0.0031416416,0.0007495880126953125,0.003229828815970991,True
16266,-11,1.3920907,2.7964492,1,2,5.8692565,48.2161,0.8005934,10.101551,2.7970252,1.3443948,52,19,1,5,0.06268966,0.029426068,27.946512,0.0075775622,0.0044053737,0.0005760193,0.04769587516784668,0.04769935331056319,True
16266,11,-1.6744902,-2.7947896,2,2,5.8692565,48.2161,0.33831757,10.150299,-2.7886128,-1.6411164,44,26,1,9,0.041170947,0.032230478,20.523144,0.0050558154,0.0024698968,0.00617671,0.03337383270263672,0.03394060191843992,True
16269,-11,-1.284039,1.7966937,1,2,93.79118,291.15884,0.53075176,118.81132,1.7983416,-1.2805858,45,20,1,11,0.01819483,0.015249777,6.274242,0.006419687,0.0027329598,0.0016479492,0.0034532546997070312,0.003826317374268297,True
16269,11,1.8705553,-1.8011885,2,2,93.79118,291.15884,0.8853471,115.14051,-1.801626,1.8720902,38,24,1,7,0.0124189975,0.015445977,6.160889,0.004448249,0.0027272904,-0.0004374981,0.0015349388122558594,0.001596070718496838,True
16271,-11,1.0275103,1.9527828,1,2,39.05849,140.14532,0.43872905,49.11585,1.9533104,1.0231824,38,17,1,9,0.016333,0.0226037,7.922033,0.004849947,0.0030288731,0.0005276203,0.004327893257141113,0.0043599361512057086,True
16271,11,-2.087422,-1.9487929,2,2,39.05849,140.14532,0.28538203,47.286697,-1.9500576,-2.0869355,41,17,1,7,0.022185577,0.016508764,8.377146,0.006531959,0.0026270607,-0.0012646914,0.0004863739013671875,0.0013549921681246995,True
16276,11,-1.8734376,1.6089354,2,2,72.60839,186.04433,0.16187662,88.90091,1.608062,-1.8720224,41,16,1,11,0.011613287,0.011869635,5.9847283,0.0052719982,0.0028144973,-0.00087332726,0.001415252685546875,0.0016630215448719943,True
16276,-11,1.2471921,-1.5785737,1,2,72.60839,186.04433,0.6061299,83.60559,-1.5794328,1.2471929,32,18,1,15,0.008894945,0.012426965,7.175327,0.004188448,0.0028321652,-0.00085914135,7.152557373046875e-07,0.00085914163925581,True
16278,-11,1.1438727,-2.620064,1,2,45.07361,310.666,0.64929324,63.96275,-2.6149218,1.1416032,42,28,1,7,0.025933608,0.03273987,13.64377,0.0038305041,0.0028923566,0.005142212,0.0022695064544677734,0.005620765331874051,True
16278,11,-1.9860089,2.616478,2,2,45.07361,310.666,0.57128245,62.139317,2.6271117,-1.9990472,52,28,1,11,0.03393409,0.020705208,15.018817,0.004847067,0.0029964196,0.010633707,0.013038277626037598,0.016824755755115012,True
16280,-11,1.0898108,1.9416729,1,2,97.50516,352.02548,0.32569268,123.62771,1.940438,1.0889782,45,19,1,9,0.017310664,0.02077246,11.675391,0.0052581304,0.002271877,-0.001234889,0.000832676887512207,0.0014893964221549824,True
16280,11,-2.0411787,-1.9729886,2,2,97.50516,352.02548,0.15825109,116.3511,-1.9741026,-2.045065,42,18,1,11,0.015671488,0.016388211,6.293826,0.0045688725,0.0025660174,-0.0011140108,0.0038862228393554688,0.00404274016350451,True
16282,11,-1.3707725,-2.810127,2,2,79.596756,658.25336,0.1707089,98.57066,-2.8084595,-1.376215,52,24,1,9,0.026927665,0.023571763,10.164198,0.0033100517,0.0031444058,0.0016674995,0.005442500114440918,0.005692219445791577,True
16282,-11,1.765299,2.794117,1,2,79.596756,658.25336,0.6953372,79.51947,2.7934344,1.7842261,51,26,1,11,0.036267754,0.006221524,18.130049,0.004273635,0.0024825747,-0.0006825924,0.01892709732055664,0.018939401927077704,True
16283,11,2.630437,-1.8928455,2,2,97.68327,331.07474,0.9450915,104.21419,-1.8924552,2.6229777,35,21,1,17,0.013435538,0.01505472,8.101556,0.004264696,0.0026834072,0.0003902912,0.007459163665771484,0.007469367431348032,True
16283,-11,-0.52252156,1.8896687,1,2,97.68327,331.07474,0.32785916,111.885155,1.8903399,-0.52051425,43,25,1,9,0.018412074,0.021175176,10.417822,0.0058409385,0.0029008414,0.0006711483,0.00200730562210083,0.0021165339357874435,True
16284,11,0.1886121,-2.8983555,2,2,47.55198,427.6224,0.34029096,59.252453,-2.8924208,0.19459651,51,37,1,9,0.027116736,0.025965761,21.19716,0.0029111207,0.0020051163,0.0059347153,0.005984410643577576,0.008428167961619186,True
16284,-11,-2.9613748,2.87471,1,2,47.55198,427.6224,0.8774541,59.51351,2.879433,-2.9581366,52,38,1,11,0.03267578,0.029673237,22.880753,0.0036488483,0.0029329008,0.0047228336,0.003238201141357422,0.005726351727237438,True
16287,11,0.97291315,2.8725152,2,2,19.3964,174.08765,0.9353349,21.302063,2.8635962,0.98891175,52,22,1,7,0.052011684,0.023909666,24.843607,0.006023678,0.0045539257,-0.008919001,0.01599860191345215,0.018316763877003164,True
16288,11,1.9228076,2.959348,2,2,71.852585,703.57434,0.43049452,57.23743,2.9496381,1.9318129,52,33,1,9,0.03534622,0.033054624,23.258488,0.0038937628,0.002123695,-0.009709835,0.009005308151245117,0.013242978261594538,True
16290,-11,3.005828,2.0555043,1,2,23.77164,93.03637,0.995138,30.684677,2.0525804,3.0213745,52,23,1,11,0.019753495,0.023187699,15.33653,0.0053234845,0.003320456,-0.0029239655,0.015546560287475586,0.015819137484353953,True
16290,11,-0.09588001,-2.026671,2,2,23.77164,93.03637,0.73724884,28.754604,-2.02555,-0.0976978,35,14,1,11,0.017975174,0.018047089,7.29606,0.005003324,0.0027224987,0.0011210442,0.0018177926540374756,0.0021356755697802318,True
16293,11,-2.8449938,-2.5307937,2,2,8.166534,52.641987,0.6749779,10.250795,-2.5539882,-2.8868499,40,26,1,9,0.059405744,0.024309998,25.12361,0.008999145,0.0039201817,-0.023194551,0.04185605049133301,0.047853068648821113,True
16293,-11,0.22762275,2.571111,1,2,8.166534,52.641987,0.26535198,10.664215,2.5618925,0.22348887,50,13,1,7,0.034027763,0.0073142815,12.355054,0.0054604253,0.0033035702,-0.009218454,0.004133880138397217,0.010102913860635129,True
16297,-11,-1.6254733,-2.2937624,1,2,57.05638,283.62158,0.9260179,69.41772,-2.2904208,-1.6204612,50,28,1,7,0.024972074,0.019078672,9.589684,0.0053760847,0.0026929656,0.0033416748,0.005012035369873047,0.006023893180422582,True
16297,11,1.5291293,2.279254,2,2,57.05638,283.62158,0.04792521,77.975334,2.2819273,1.5334592,46,19,1,9,0.03040919,0.023632579,10.087677,0.0062201517,0.0027586748,0.0026733875,0.0043299198150634766,0.005088733282462908,True
16299,11,1.908734,2.2203078,2,2,38.13448,175.7333,0.42086887,57.816322,2.2189665,1.9079043,43,24,1,9,0.041384276,0.025946433,11.444466,0.009226035,0.0028656553,-0.0013413429,0.0008296966552734375,0.0015772119023676832,True
16300,-11,-2.0350466,-2.3800395,1,2,64.47046,349.36798,0.82287073,80.494675,-2.3732424,-2.030765,49,16,1,9,0.02817382,0.020409385,8.8593,0.005620315,0.002235144,0.0067970753,0.004281520843505859,0.008033159557090112,True
16300,11,1.1169394,2.368886,2,2,64.47046,349.36798,0.8181324,85.481895,2.3673055,1.1151136,40,22,1,9,0.03166705,0.028859623,9.7204685,0.0063916706,0.0022127077,-0.0015804768,0.0018258094787597656,0.0024148471975505128,True
16301,11,1.7646132,-2.7740827,2,2,81.94399,653.5783,0.927796,106.23382,-2.775194,1.763894,52,34,1,13,0.035375517,0.020552149,14.387586,0.0044016703,0.003425961,-0.001111269,0.0007191896438598633,0.0013236889631302448,True
16301,-11,-1.3826208,2.757233,1,2,81.94399,653.5783,0.84559256,103.67173,2.7433066,-1.3880736,52,27,1,11,0.033345148,0.020418763,11.563242,0.0044150203,0.0022771186,-0.013926268,0.005452752113342285,0.014955715706779376,True
16305,11,0.7185027,-2.269084,2,2,10.870501,52.11385,0.89610916,15.726846,-2.2690117,0.6886919,37,23,1,7,0.03630391,0.029245473,14.047807,0.007560537,0.0031427322,7.224083e-05,0.029810786247253418,0.029810873778151416,True
16305,-11,-2.4934835,2.2306476,1,2,10.870501,52.11385,0.75686234,18.18163,2.233004,-2.4555244,42,24,1,7,0.034632538,0.03621945,23.515228,0.0075749466,0.00469558,0.0023565292,0.03795909881591797,0.03803217602183699,True
16306,-11,-2.9727998,2.2351117,1,2,27.9887,132.09831,0.74064183,37.220634,2.234824,-2.9767919,39,19,1,9,0.019110449,0.020972963,8.041258,0.004232833,0.0031072593,-0.00028777122,0.0039920806884765625,0.004002439318869363,True
16306,11,0.19657704,-2.2319064,2,2,27.9887,132.09831,0.8669654,38.99416,-2.23058,0.20253046,47,25,1,7,0.028038362,0.026231742,10.730562,0.006087207,0.0032336907,0.0013263226,0.0059534162282943726,0.006099368512544132,True
16309,-11,-0.38357636,-2.4321225,1,2,91.22837,522.61725,0.80881506,106.45961,-2.4297628,-0.38929346,45,25,1,11,0.022556838,0.020566266,8.541964,0.004116341,0.002969766,0.0023596287,0.005717098712921143,0.0061849062346570295,True
16309,11,2.7650125,2.4297316,2,2,91.22837,522.61725,0.114096,102.11342,2.429928,2.7734761,42,19,1,9,0.0326109,0.022728026,12.722728,0.0060854545,0.0031011922,0.00019645691,0.008463621139526367,0.00846590090366064,True
16310,11,2.0145211,-2.218494,2,2,28.548,133.3052,0.7026011,40.60405,-2.222134,2.0162482,43,27,1,21,0.039199296,0.031044852,16.837137,0.008525528,0.0034161166,-0.0036401749,0.0017271041870117188,0.004029114285526332,True
16310,-11,-1.154604,2.2266536,1,2,28.548,133.3052,0.111002475,40.480213,2.2226925,-1.1632862,42,25,1,9,0.032369852,0.0324891,13.195745,0.0072899708,0.0032326153,-0.0039610863,0.0086822509765625,0.009543148655256696,True
16311,-11,0.23989363,-2.9718947,1,2,8.316209,82.23253,0.22525257,22.006516,-2.937038,0.22186075,52,38,1,7,0.05738776,0.06035337,31.714394,0.0063266796,0.0034039165,0.034856796,0.018032878637313843,0.03924513887147668,True
16311,11,-2.8578775,2.99222,2,2,8.316209,82.23253,0.122967064,3.747776,2.9932775,-2.83851,40,9,13,13,0.010588245,0.021501048,40.652756,0.0010654599,4.5265486e-05,0.0010576248,0.019367456436157227,0.019396312511912133,True
16312,-11,3.0410032,2.5108573,1,2,85.15358,521.49915,0.025101934,75.530975,2.505698,3.0564163,44,22,1,9,0.024525639,0.016327653,9.098521,0.004123048,0.002384549,-0.005159378,0.015413045883178711,0.016253650829211645,True
16312,11,-0.09363424,-2.4866297,2,2,85.15358,521.49915,0.5082269,107.90011,-2.4895182,-0.098670095,47,26,1,9,0.02925341,0.02148707,8.959638,0.004985658,0.0028014635,-0.002888441,0.005035854876041412,0.005805422175576951,True
16313,11,-1.9090768,-1.6591711,2,2,63.926853,171.25278,0.82833105,75.11335,-1.6608056,-1.9098996,37,18,1,7,0.014564061,0.02266798,6.6019654,0.0061204373,0.0031928215,-0.0016344786,0.0008227825164794922,0.001829888315672385,True
16313,-11,1.2098986,1.6247064,1,2,63.926853,171.25278,0.98927844,73.1926,1.6262723,1.2184443,52,17,1,11,0.010534056,0.010644865,5.9799204,0.004677216,0.002447828,0.0015659332,0.008545756340026855,0.008688043410125211,True
16314,11,2.7621145,-1.5101496,2,2,95.83555,231.16447,0.92103535,81.27712,-1.5105512,2.7512777,27,14,1,7,0.0068823076,0.007922835,4.6755443,0.0035017023,0.002499447,-0.0004016161,0.01083683967590332,0.010844279120817462,True
16314,-11,-0.39655125,1.5454875,1,2,95.83555,231.16447,0.040281285,116.08449,1.5450803,-0.3992385,42,19,1,9,0.008588555,0.013483545,8.062685,0.004205326,0.0024444368,-0.00040721893,0.0026872456073760986,0.002717924983115188,True
16321,11,0.5329102,-2.5228677,2,2,10.715479,65.10894,0.7715313,16.797478,-2.5227716,0.5336566,47,22,1,7,0.037216183,0.026523871,20.621677,0.005948834,0.003123697,9.608269e-05,0.0007463693618774414,0.0007525284759815432,True
16321,-11,-2.6645648,2.4597828,1,2,10.715479,65.10894,0.83787334,17.601194,2.4597142,-2.6614556,49,30,1,9,0.022211757,0.02810195,33.98469,0.0039039599,0.002898725,-6.866455e-05,0.0031092166900634766,0.0031099747983389307,True
16324,-11,-1.426276,-2.6023278,1,2,38.06272,262.69083,0.12035348,53.71907,-2.6016936,-1.424885,52,24,1,9,0.03347508,0.02509285,16.400837,0.0050274925,0.0028958658,0.0006341934,0.0013909339904785156,0.001528691813401256,True
16324,11,1.7290722,2.6372004,2,2,38.06272,262.69083,0.3849599,50.537895,2.6378546,1.7328566,47,25,1,7,0.032289106,0.018719483,11.754733,0.004808741,0.0031875898,0.0006542206,0.0037844181060791016,0.0038405500869400032,True
16326,11,-0.7011719,2.0662673,2,2,78.41735,308.108,0.13096277,91.619804,2.0685332,-0.7029931,40,19,1,9,0.020813946,0.016253361,8.367484,0.0053482736,0.0024791155,0.0022659302,0.0018212199211120605,0.00290710879785595,True
16326,-11,2.4283857,-2.0241332,1,2,78.41735,308.108,0.34642535,99.48714,-2.0223243,2.4289508,48,26,1,9,0.020968417,0.016768292,9.334132,0.006102321,0.002551115,0.0018088818,0.0005650520324707031,0.00189508231033035,True
16328,11,0.47853473,1.5494066,2,2,43.670517,108.37264,0.8821057,56.130993,1.5514387,0.47745153,40,15,1,7,0.009788836,0.019060532,5.1262617,0.0047092903,0.0026578384,0.0020320415,0.0010831952095031738,0.0023027168007993815,True
16328,-11,-2.6992552,-1.5682724,1,2,43.670517,108.37264,0.7453969,48.112614,-1.5676851,-2.7082117,36,14,1,7,0.010101069,0.015816078,4.8727684,0.004841036,0.0027302096,0.00058722496,0.008956432342529297,0.008975662285332267,True
16329,11,-2.0404887,1.6902156,2,2,93.338715,258.8952,0.6147361,111.449684,1.6916437,-2.0438623,44,30,1,11,0.011921943,0.017003689,9.598251,0.004828966,0.002589172,0.0014281273,0.0033736228942871094,0.003663451785669604,True
16329,-11,1.0862228,-1.6682112,1,2,93.338715,258.8952,0.3918743,109.59224,-1.67032,1.0871656,38,17,1,13,0.014384108,0.011366094,6.6361995,0.006159342,0.0019782318,-0.0021088123,0.0009428262710571289,0.0023099806866712105,True
16330,11,2.9423375,2.5763013,2,2,73.180664,501.5787,0.6820488,90.28616,2.5812647,2.9428322,50,26,1,11,0.029534006,0.024537807,12.408351,0.0045862617,0.0034995347,0.004963398,0.0004947185516357422,0.004987992153483159,True
16330,-11,-0.20650536,-2.6503406,1,2,73.180664,501.5787,0.42710993,86.42535,-2.6531415,-0.2008474,50,28,1,11,0.022949306,0.026248056,9.163885,0.0032742189,0.0029886193,-0.0028009415,0.005657956004142761,0.006313298602788613,True
16331,-11,-2.4709344,2.4694211,1,2,84.49186,503.2269,0.18584546,99.263565,2.4668036,-2.477807,43,22,1,9,0.026501775,0.026602214,10.935409,0.00448967,0.003036719,-0.0026175976,0.006872653961181641,0.007354263355625367,True
16331,11,0.67791027,-2.4714038,2,2,84.49186,503.2269,0.8502811,96.93304,-2.475529,0.6818362,43,27,1,13,0.027677242,0.021722103,8.842565,0.004703883,0.0029693053,-0.0041251183,0.003925919532775879,0.005694685643059463,True
16334,11,-2.6259866,2.639892,2,2,58.0966,406.35614,0.9306212,75.28769,2.6368234,-2.6287854,51,28,1,13,0.027127584,0.03217837,12.093854,0.0038628054,0.0027791779,-0.0030686855,0.002798795700073242,0.00415332255018265,True
16334,-11,0.50664055,-2.626402,1,2,58.0966,406.35614,0.99914443,76.668594,-2.6267052,0.5036938,46,29,1,11,0.032257777,0.030113978,22.384867,0.004809835,0.0036132883,-0.00030326843,0.0029467344284057617,0.002962299028419298,True
16335,-11,2.6466985,2.7865908,1,2,83.85024,680.08167,0.6140731,104.95764,2.7784677,2.6432972,50,29,1,9,0.029321644,0.017360566,11.827445,0.0036368035,0.0024347315,-0.008123159,0.0034012794494628906,0.008806498719924337,True
16335,11,-0.4895962,-2.7784398,2,2,83.85024,680.08167,0.6957659,109.234505,-2.7849894,-0.49811295,52,35,1,9,0.040861737,0.018849842,13.071479,0.00492148,0.0027041766,-0.006549597,0.008516758680343628,0.010743947051576197,True
16336,11,1.8270249,2.904259,2,2,31.925837,293.0643,0.47049052,41.575043,2.9097717,1.8188354,52,38,1,9,0.03151021,0.029557299,27.708508,0.0034680276,0.0025987632,0.0055127144,0.008189558982849121,0.009872127228092822,True
16338,11,-2.164931,-1.7287928,2,2,58.55251,169.41313,0.24547279,65.1926,-1.7305279,-2.1661897,30,16,1,7,0.010736598,0.009146121,5.336078,0.004226392,0.0025848935,-0.0017350912,0.0012586116790771484,0.0021435122960139193,True
16339,-11,1.9759833,2.6715865,1,2,72.71227,529.39264,0.16049685,82.833786,2.6620436,1.966444,40,21,1,9,0.025187433,0.010726156,7.5781965,0.003648401,0.0017908834,-0.009542942,0.009539246559143066,0.013493145140568014,True
16340,-11,-0.17157069,1.4593697,1,2,42.657555,96.324005,0.3526188,9.981754,1.4758842,-0.16436177,43,8,1,40,0.022045853,0.03922702,41.018135,0.011393883,0.0018330156,0.01651454,0.007208913564682007,0.018019390970081,True
16342,-11,1.4953706,1.787319,1,2,44.347042,136.55061,0.63646066,53.192806,1.7907612,1.4942415,31,17,1,7,0.013332226,0.01865744,5.5776143,0.004805011,0.0029946896,0.0034422874,0.001129150390625,0.0036227507824511153,True
16342,11,-1.6184675,-1.7933927,2,2,44.347042,136.55061,0.08198785,55.988613,-1.7914946,-1.6175004,40,16,1,9,0.014969663,0.012154426,7.533748,0.005345786,0.0027091412,0.0018980503,0.0009670257568359375,0.0021301957023014,True
16343,11,1.2865885,-1.783852,2,2,96.68091,293.86383,0.4597868,121.79715,-1.7838509,1.2870368,43,20,1,9,0.0127662625,0.012750339,7.050828,0.004618948,0.0028680882,1.0728836e-06,0.0004482269287109375,0.00044822821274532885,True
16343,-11,-1.867931,1.7694585,1,2,96.68091,293.86383,0.094323374,116.58423,1.7687231,-1.86851,39,21,1,9,0.012948531,0.013412455,6.46879,0.004782399,0.0029352563,-0.0007354021,0.0005789995193481445,0.0009359790000452737,True
16349,11,0.53576016,2.9255328,2,2,45.941402,426.75528,0.64587796,45.580166,2.9320009,0.5157371,52,7,1,9,0.0161189,0.009845807,13.549535,0.0017206287,0.0009064126,0.0064680576,0.020023047924041748,0.021041820704439305,True
16351,-11,-2.7787235,-1.8829668,1,2,47.784046,159.68573,0.9869552,56.945766,-1.8806344,-2.7676098,37,16,1,13,0.014995031,0.013669227,6.9558983,0.004913683,0.0030713947,0.0023323298,0.011113643646240234,0.011355740267844189,True
16351,11,0.38640457,1.8700969,2,2,47.784046,159.68573,0.45139396,64.32866,1.8701141,0.39116743,40,20,1,9,0.018844854,0.012365713,7.5169907,0.0063501177,0.0022210043,1.7166138e-05,0.004762858152389526,0.004762889087105299,True
16355,11,2.5479593,-1.7359964,2,2,15.870566,47.452587,0.8626066,21.89868,-1.7415007,2.5465236,42,28,1,7,0.02341589,0.024365326,18.255314,0.008839464,0.0022704077,-0.0055043697,0.0014357566833496094,0.00568853965305907,True
16358,-11,1.7922885,2.4852955,1,2,51.758343,307.2701,0.32313892,67.354965,2.4783056,1.7893244,49,21,1,9,0.024285987,0.02881452,9.290192,0.0041955197,0.002751629,-0.006989956,0.0029641389846801758,0.007592470284789643,True
16360,11,-0.35581082,1.976175,2,2,30.339888,108.93729,0.8235976,10.811242,1.9780831,-0.36514995,49,16,1,7,0.0235805,0.012818118,18.284348,0.0071054553,0.002659245,0.0019081831,0.009339123964309692,0.009532072132616944,True
16361,-11,-0.122679986,1.7790489,1,2,44.938198,138.00322,0.13554399,58.20874,1.7781473,-0.11607191,35,21,1,7,0.020313844,0.025807599,9.222274,0.0077408846,0.0027878631,-0.00090157986,0.0066080763936042786,0.006669296803098331,True
16361,11,3.0464206,-1.7961086,2,2,44.938198,138.00322,0.9906393,58.780197,-1.7950084,3.0349877,44,18,1,9,0.017886857,0.016293133,8.007994,0.0065038,0.002714354,0.0011001825,0.011432886123657227,0.011485699225941913,True
16363,-11,0.9799936,2.3197186,1,2,31.350128,161.87138,0.8607715,43.2343,2.3172207,0.9866038,38,19,1,7,0.02855569,0.020219667,7.841874,0.0060078446,0.0025230853,-0.0024979115,0.006610214710235596,0.007066434750766085,True
16363,11,-2.1390162,-2.3307934,2,2,31.350128,161.87138,0.85422945,41.215664,-2.3324344,-2.1402533,45,24,1,9,0.03272753,0.026718555,12.311089,0.006297026,0.0030442171,-0.0016410351,0.0012371540069580078,0.0020551267877518434,True
16364,-11,-1.8394243,2.6914,1,2,49.7766,375.0924,0.061255347,74.10684,2.6868148,-1.826863,47,26,1,11,0.03574769,0.042635627,14.006842,0.0049397596,0.002712208,-0.004585266,0.012561202049255371,0.013371928142636075,True
16364,11,1.3118398,-2.7255929,2,2,49.7766,375.0924,0.97798294,54.329517,-2.724576,1.318761,50,20,1,11,0.030660093,0.020220358,11.272422,0.00415846,0.0033753696,0.0010168552,0.006921172142028809,0.006995471273731282,True
16365,-11,-2.820796,-2.56534,1,2,72.79882,478.4336,0.48714092,87.5076,-2.5651686,-2.8314846,47,25,1,15,0.028209198,0.015007038,8.659561,0.0044611087,0.0030227364,0.00017142296,0.010688543319702148,0.010689917872827982,True
16365,11,0.3283709,2.5749402,2,2,72.79882,478.4336,0.6829485,59.711628,2.5664947,0.3115818,42,18,1,13,0.025251472,0.010846395,8.496982,0.003988793,0.0029412014,-0.008445501,0.016789108514785767,0.018793633522430915,True
16366,-11,3.0311804,-2.9654448,1,2,11.449748,111.98371,0.011613462,16.606262,-2.9524088,3.0583904,52,32,1,11,0.046778128,0.021634951,35.451942,0.0050841346,0.0033921804,0.013036013,0.027209997177124023,0.030171535861037074,True
16368,11,-1.1015952,2.199758,2,2,75.255035,338.35635,0.77186245,96.2823,2.20008,-1.1055015,45,22,1,11,0.023088403,0.018294035,8.470555,0.005220056,0.0025845068,0.00032186508,0.003906369209289551,0.00391960680810707,True
16368,-11,2.0291455,-2.1680448,1,2,75.255035,338.35635,0.064651705,82.49626,-2.1694686,2.0309067,44,20,1,11,0.022024123,0.018522805,8.246364,0.00531626,0.0035973322,-0.0014238358,0.0017611980438232422,0.002264757559885618,True
16374,11,0.51427084,2.6423411,2,2,75.13492,532.7504,0.30246407,91.5621,2.645587,0.5110674,50,17,1,9,0.030942738,0.026719652,13.191856,0.0044373153,0.003495506,0.0032458305,0.003203451633453369,0.004560429585928142,True
16374,-11,-2.6341467,-2.6514943,1,2,75.13492,532.7504,0.84152836,96.155556,-2.6376295,-2.6339107,48,29,1,9,0.03541608,0.0248079,13.048435,0.0053176633,0.0019455773,0.013864756,0.00023603439331054688,0.01386676484396187,True
16375,11,0.30022708,1.6190913,2,2,12.337212,32.462772,0.51033825,11.089328,1.6230677,0.325095,37,14,1,9,0.012923289,0.013143143,7.6742644,0.0056960653,0.0017186074,0.0039764643,0.024867922067642212,0.025183840364062005,True
16375,-11,-2.9609168,-1.6268106,1,2,12.337212,32.462772,0.2592488,18.922583,-1.6291683,-2.9609153,43,14,1,9,0.014154137,0.017080994,6.3646927,0.006232042,0.0032534369,-0.0023577213,1.430511474609375e-06,0.002357721750651092,True
16379,-11,1.0783732,-2.838603,1,2,49.14545,429.35254,0.9691223,73.643906,-2.8451536,1.0993352,52,31,1,11,0.039461315,0.029177116,19.515804,0.0045062727,0.0033053164,-0.0065505505,0.020961999893188477,0.021961674621237826,True
16379,11,-2.0548882,2.8764677,2,2,49.14545,429.35254,0.16737425,66.98103,2.879571,-2.056059,51,37,1,11,0.030551482,0.026557218,15.9643545,0.00345125,0.0030711477,0.0031032562,0.0011706352233886719,0.003316713136205199,True
16380,11,-1.8890204,1.9325545,2,2,51.941826,185.89923,0.055289306,66.7482,1.9335144,-1.8894317,41,19,1,9,0.014440461,0.017050523,8.482064,0.0044114254,0.00232169,0.0009598732,0.0004112720489501953,0.001044270682004823,True
16380,-11,1.2324696,-1.9639809,1,2,51.941826,185.89923,0.57059026,65.518486,-1.9626865,1.2350607,41,19,1,9,0.014887062,0.016203394,6.9983926,0.00446967,0.0024859225,0.0012943745,0.0025911331176757812,0.002896441961226985,True
16387,11,-0.83030176,-2.0547738,2,2,61.50809,240.88258,0.8278824,76.06596,-2.0529928,-0.83409876,39,17,1,7,0.026551142,0.017243728,6.931475,0.007203189,0.0034439485,0.0017809868,0.003796994686126709,0.004193934021653718,True
16387,-11,2.295882,2.028583,1,2,61.50809,240.88258,0.9090341,77.02682,2.031223,2.3012805,41,23,1,9,0.017659852,0.030260267,9.849468,0.0048071095,0.0024381247,0.002640009,0.00539851188659668,0.006009457351900382,True
16390,-11,2.2929893,1.6576781,1,2,37.063416,100.474495,0.66705376,43.25076,1.658719,2.2910876,34,15,1,9,0.011957213,0.01590416,5.392954,0.005081655,0.0025937872,0.0010408163,0.0019016265869140625,0.002167828924732294,True
16390,11,-0.81017435,-1.6514931,2,2,37.063416,100.474495,0.46259746,45.966213,-1.6529227,-0.7995056,35,17,1,7,0.017967954,0.02153779,7.5818815,0.0074385316,0.0026297427,-0.001429677,0.010668754577636719,0.010764120984797709,True
16391,-11,-2.30885,-2.186332,1,2,87.995346,399.56024,0.97336084,101.957184,-2.1865895,-2.307022,50,21,1,9,0.019078035,0.02138731,8.968455,0.0044240034,0.002511464,-0.00025749207,0.0018279552459716797,0.0018460017727604246,True
16391,11,0.841983,2.201488,2,2,87.995346,399.56024,0.68275446,109.404884,2.198902,0.83242095,46,24,1,9,0.019593235,0.01736511,9.136271,0.004573567,0.0027724365,-0.0025861263,0.009562075138092041,0.009905621145164946,True
16393,11,-1.4876488,1.6912057,2,2,9.809242,27.561646,0.08886795,15.727884,1.6949106,-1.4712175,36,14,1,9,0.020449698,0.021509888,12.844873,0.008255155,0.0029326514,0.0037049055,0.016431331634521484,0.01684384113955121,True
16394,11,0.2534455,-1.7941947,2,2,27.682844,87.25689,0.0,36.381207,-1.7985076,0.2559932,52,15,1,11,0.019418497,0.011401616,12.847164,0.006872834,0.002360724,-0.004312873,0.0025476813316345215,0.0050091469364429665,True
16394,-11,-2.931512,1.8365177,1,2,27.682844,87.25689,0.639408,18.07767,1.8390328,-2.974918,50,21,1,7,0.024935719,0.016768571,30.938148,0.008251972,0.0026803357,0.0025150776,0.043405771255493164,0.043478576259070555,True
16397,11,-0.67776364,-2.9645815,2,2,43.93591,415.85367,0.8149148,49.43271,-2.9489188,-0.6731913,52,27,1,13,0.028842961,0.018316207,20.438242,0.0031166803,0.0019562074,0.01566267,0.00457233190536499,0.016316416943521178,True
16397,-11,2.4550917,2.9120195,1,2,43.93591,415.85367,0.42648232,50.070652,2.9041002,2.48767,48,12,5,9,0.026128305,0.006567856,17.33142,0.0029011373,0.002478486,-0.0079193115,0.032578229904174805,0.03352695272008059,True
16398,11,1.7801596,-2.2651298,2,2,14.949258,72.01128,0.10269352,22.051168,-2.26153,1.7896596,42,19,1,7,0.03439932,0.032193482,12.91923,0.00744812,0.003434107,0.0035998821,0.00950002670288086,0.010159215475291385,True
16398,-11,-1.4123365,2.2439148,1,2,14.949258,72.01128,0.9934626,20.666945,2.2454925,-1.3993436,40,20,1,9,0.019421328,0.012165582,9.495092,0.00425686,0.0033208209,0.0015776157,0.01299285888671875,0.013088286878345087,True
16400,-11,2.4169488,-2.1145787,1,2,69.36883,283.74792,0.85944355,79.1036,-2.1137745,2.4168952,42,22,1,9,0.021225557,0.017668141,8.547955,0.0054868264,0.0027528803,0.00080418587,5.364418029785156e-05,0.0008059730809774445,True
16400,11,-0.71159005,2.0592854,2,2,69.36883,283.74792,0.23651467,92.34634,2.061364,-0.71235776,40,20,1,11,0.017236814,0.018636286,6.5837646,0.004605497,0.0029674587,0.0020785332,0.0007677078247070312,0.0022157786952609238,True
16403,-11,2.1858072,-1.5199939,1,2,14.534553,34.546074,0.7260741,12.005329,-1.5278815,2.2212808,39,13,1,5,0.019635271,0.019986635,7.3140445,0.009613025,0.002875968,-0.007887602,0.03547358512878418,0.036339916117820975,True
16403,11,-0.84119135,1.5038855,2,2,14.534553,34.546074,0.9421456,16.266733,1.507349,-0.85302347,44,13,1,5,0.015818834,0.02346415,12.055336,0.008109936,0.0018870421,0.0034635067,0.011832118034362793,0.012328621000483188,True
16404,-11,1.131002,-2.8301811,1,2,10.51026,89.584595,0.8120119,16.895773,-2.8266761,1.1497843,47,26,1,7,0.055209234,0.021612607,21.733065,0.006857544,0.0026519403,0.0035049915,0.018782377243041992,0.01910661301572928,True
16404,11,-1.9703187,2.8349998,2,2,10.51026,89.584595,0.88528204,25.0514,2.8209834,-1.9622761,52,33,1,7,0.05079453,0.025918372,25.618002,0.006176103,0.0044201463,-0.01401639,0.008042573928833008,0.016159894018192306,True
16405,11,2.7895317,-1.6271942,2,2,85.813126,228.61458,0.6634913,104.42788,-1.6285131,2.792807,46,16,1,9,0.011850646,0.013990762,6.508662,0.0052427137,0.0025229221,-0.0013189316,0.0032753944396972656,0.0035309756792194316,True
16405,-11,-0.36898747,1.6444538,1,2,85.813126,228.61458,0.66873014,99.11609,1.644201,-0.37031165,44,16,1,9,0.0149360085,0.014412342,8.236904,0.0068282327,0.0028122996,-0.0002527237,0.0013241767883300781,0.001348077680322675,True
16408,-11,-2.234138,-2.4837933,1,2,39.764072,234.20107,0.25131562,50.363213,-2.483314,-2.236761,43,25,1,9,0.027308548,0.024226835,11.342024,0.0046835286,0.0030905267,0.00047922134,0.0026230812072753906,0.002666497349801959,True
16408,11,0.92302036,2.4350023,2,2,39.764072,234.20107,0.97839797,48.009125,2.4352179,0.9106313,47,19,1,11,0.028318774,0.014741617,8.793745,0.0052304817,0.0022431554,0.0002155304,0.012389063835144043,0.012390938465776585,True
16410,11,0.66778797,-2.0749931,2,2,36.800545,148.56424,0.27130464,48.891647,-2.0760984,0.6677807,39,20,1,11,0.021725502,0.017972546,9.646193,0.0055238083,0.0028949806,-0.0011053085,7.271766662597656e-06,0.001105332452741091,True
16412,11,-2.3752394,-2.717806,2,2,76.08263,575.88995,0.60510945,94.133545,-2.7192218,-2.3564172,47,23,1,9,0.030364154,0.017758176,10.096411,0.004171094,0.0030277667,-0.0014157295,0.018822193145751953,0.018875360788537278,True
16412,-11,0.7600848,2.7079253,1,2,76.08263,575.88995,0.067931734,99.770256,2.710216,0.74404955,51,28,1,9,0.03343563,0.019801376,12.328018,0.0043762033,0.00276429,0.0022907257,0.016035258769989014,0.01619805383649028,True
16413,-11,1.7611512,-1.4881715,1,2,66.320435,153.73705,0.70045,66.43247,-1.4903926,1.7599083,52,18,1,5,0.010410008,0.017867986,7.166969,0.005324467,0.002350416,-0.0022211075,0.0012428760528564453,0.002545203200808043,True
16413,11,-1.3545487,1.4793829,2,2,66.320435,153.73705,0.7537559,2.3889499,1.5131017,-1.3634385,35,9,1,3,0.01891439,0.019153938,10.580815,0.009565163,0.0039648414,0.033718824,0.00888979434967041,0.03487101243628145,True
16416,11,1.0268464,-1.8521943,2,2,69.21033,225.0302,0.67336243,83.93139,-1.8523632,1.0295742,41,16,1,7,0.014828862,0.015274293,7.45107,0.005007287,0.0029315578,-0.00016891956,0.0027277469635009766,0.002732972249356376,True
16416,-11,-2.1315317,1.8432461,1,2,69.21033,225.0302,0.31029394,84.96332,1.8453155,-2.1353052,48,18,1,11,0.015611979,0.018814657,10.115775,0.0053381715,0.002829483,0.002069354,0.0037734508514404297,0.004303621443451937,True
16422,-11,0.053464964,-2.0700746,1,2,49.43071,198.16238,0.6535837,61.619633,-2.0705836,0.046174183,44,20,1,9,0.02598502,0.022548955,7.455571,0.006723755,0.0037822253,-0.00050902367,0.007290780544281006,0.0073085283086133865,True
16424,11,-2.8177834,-1.7155693,2,2,6.0304303,17.028078,0.12387929,8.607913,-1.709191,-2.8004422,44,14,1,5,0.031641524,0.02678945,18.202223,0.012874125,0.0028936795,0.006378293,0.017341136932373047,0.01847694921149681,True
16424,-11,0.09842332,1.6852155,1,2,6.0304303,17.028078,0.33813274,6.8372445,1.6840227,0.065908685,33,15,1,9,0.015995162,0.030556655,12.110882,0.0065752375,0.0028249056,-0.0011928082,0.03251463174819946,0.03253650363745087,True
16425,-11,0.38567242,-2.7815504,1,2,47.547005,385.2308,1.0002416,56.60378,-2.7847443,0.39256132,47,30,1,11,0.03998147,0.012755624,13.674777,0.0046475646,0.0024191781,-0.0031938553,0.006888896226882935,0.007593260354446003,True
16425,11,-2.7465825,2.7813387,2,2,47.547005,385.2308,0.24027932,37.411766,2.7905102,-2.7214622,49,19,1,7,0.022633698,0.030483723,21.697512,0.0028126126,0.0021167784,0.009171486,0.025120258331298828,0.026742167663667694,True
16428,11,2.892478,-1.7660128,2,2,93.780334,284.97797,0.17414303,119.377914,-1.7679033,2.8953547,36,19,1,11,0.011059265,0.012268065,6.005971,0.0041228374,0.0026483035,-0.0018905401,0.002876758575439453,0.0034423657500997377,True
16428,-11,-0.2624658,1.7868482,1,2,93.780334,284.97797,0.025526445,118.58512,1.7856381,-0.26265177,47,18,1,11,0.012427742,0.01590543,7.222395,0.0045683146,0.0028166198,-0.0012100935,0.00018596649169921875,0.001224299716688088,True
16430,11,-2.733558,-2.4234333,2,2,24.896147,141.57275,0.8046212,35.230743,-2.4275646,-2.7401488,49,24,1,9,0.027267504,0.026425242,13.141266,0.0049128677,0.0030440898,-0.004131317,0.006590843200683594,0.007778624261158339,True
16430,-11,0.38230413,2.4234726,1,2,24.896147,141.57275,0.4830762,17.573776,2.4261236,0.35842156,52,29,1,9,0.025635337,0.018115006,34.96119,0.0046096602,0.0032699457,0.0026509762,0.023882567882537842,0.024029247248292536,True
16431,-11,1.7623641,-2.2187579,1,2,61.914433,282.1514,0.7605842,83.7418,-2.222859,1.7566632,47,28,1,7,0.03265187,0.027738383,12.643308,0.0070457337,0.0024293482,-0.004101038,0.005700945854187012,0.007022769829758222,True
16431,11,-1.3661826,2.1768792,2,2,61.914433,282.1514,0.011030133,83.77677,2.1755505,-1.3589816,46,24,1,11,0.02554627,0.016140707,8.258295,0.0060348203,0.0023729138,-0.0013287067,0.007200956344604492,0.007322515539383993,True
16433,-11,-0.030056234,-1.6183721,1,2,24.593529,63.72058,0.94215846,33.144413,-1.6173911,-0.008034853,46,16,1,9,0.019036468,0.020497916,8.865839,0.008564414,0.0022698448,0.0009809732,0.022021381184458733,0.02204321976848899,True
16433,11,-3.1105509,1.5934291,2,2,24.593529,63.72058,0.51825845,20.390793,1.5978085,-3.0810661,31,13,1,30,0.010670868,0.011389789,13.913368,0.004819152,0.0025493987,0.0043793917,0.02948474884033203,0.029808211713628584,True
16434,11,-2.6985376,-2.430948,2,2,80.575874,467.9407,0.22928761,101.10524,-2.434187,-2.6997538,51,33,1,11,0.02204897,0.01854059,9.797466,0.0039575878,0.0026736867,-0.0032389164,0.0012161731719970703,0.0034597191439206566,True
16438,-11,3.0092995,-2.1298587,1,2,70.25525,291.97937,0.34083328,89.84714,-2.1278486,3.0069113,51,22,1,9,0.017916216,0.014873543,8.648302,0.004481319,0.0023579053,0.002010107,0.0023882389068603516,0.003121572573765498,True
16438,11,-0.11962063,2.0767164,2,2,70.25525,291.97937,0.13632965,91.85117,2.0790746,-0.121568225,41,27,1,9,0.02771352,0.023265857,10.016903,0.0069452906,0.0027862468,0.0023581982,0.0019475966691970825,0.003058468786606768,True
16441,-11,0.6845019,-1.9552824,1,2,28.557028,99.17965,0.83669263,36.19776,-1.952848,0.68754864,39,17,1,9,0.023179516,0.02267389,7.6123924,0.007054473,0.0027866375,0.002434492,0.003046751022338867,0.003899928662783978,True
16441,11,-2.4193115,1.8799849,2,2,28.557028,99.17965,0.34580377,39.362373,1.8838677,-2.4167411,52,21,1,9,0.01848935,0.020285564,9.367077,0.00591844,0.0028652728,0.003882885,0.0025703907012939453,0.004656576413202602,True
16443,-11,-0.51867884,-2.3373148,1,2,6.6016307,33.956993,0.8746855,11.387651,-2.3300595,-0.4774109,40,19,1,9,0.03442652,0.028548965,9.473869,0.0069580744,0.0036648377,0.007255316,0.04126793146133423,0.04190085648429319,True
16444,11,-2.1748085,-2.0797262,2,2,58.355026,240.62854,0.756911,72.55208,-2.0825636,-2.179206,38,18,1,9,0.022192938,0.025689708,7.4436474,0.0058083837,0.0025767493,-0.0028374195,0.004397392272949219,0.005233355393549033,True
16444,-11,0.9514216,2.110182,1,2,58.355026,240.62854,0.93926054,65.4268,2.1085076,0.96115917,39,20,1,9,0.018299432,0.015376153,8.865404,0.004702021,0.0030715275,-0.0016744137,0.009737551212310791,0.00988046379127788,True
16445,-11,-0.40045983,-2.75752,1,2,95.37301,765.18677,0.7180024,117.28504,-2.7568197,-0.3930777,50,24,1,11,0.02558172,0.024619559,14.219171,0.0033274381,0.0028568353,0.00070023537,0.007382124662399292,0.007415260892251277,True
16445,11,2.7458389,2.7858164,2,2,95.37301,765.18677,0.8469665,97.11496,2.7906632,2.74965,50,28,1,11,0.036201503,0.008746455,13.057564,0.0042469483,0.0026422006,0.0048468113,0.0038111209869384766,0.006165729782821053,True
16447,-11,0.7407731,-1.848941,1,2,31.687931,102.96923,0.79954904,38.914825,-1.84936,0.7405209,44,24,1,9,0.024643907,0.019367538,25.006178,0.00860166,0.003424832,-0.00041902065,0.00025218725204467773,0.0004890569675840203,True
16447,11,-2.3641725,1.8453243,2,2,31.687931,102.96923,0.29608378,45.26105,1.8455716,-2.3649063,39,18,1,7,0.015154103,0.016701601,6.760231,0.0051852427,0.002766975,0.00024735928,0.0007338523864746094,0.0007744197417858232,True
16449,-11,-0.42282587,-2.469209,1,2,24.221792,143.45143,0.54031,33.766827,-2.4645522,-0.43166086,43,21,1,9,0.03333084,0.029230531,12.122137,0.0058175684,0.0035462722,0.0046567917,0.008834987878799438,0.009987127651395058,True
16449,11,2.7441418,2.460237,2,2,24.221792,143.45143,0.23223647,41.8276,2.446042,2.7468097,49,26,1,9,0.032774955,0.03651194,13.020765,0.0059222938,0.0036845843,-0.014194965,0.0026679039001464844,0.014443501964517654,True
16451,-11,-2.4681602,1.7733164,1,2,73.49647,221.51562,0.9449712,83.446976,1.7742409,-2.4665384,33,19,1,9,0.011495687,0.011005074,6.9650307,0.0042506675,0.0026159545,0.00092446804,0.0016217231750488281,0.001866715618438763,True
16455,11,-1.5044146,-1.7290037,2,2,37.96855,110.98547,0.037138842,44.472847,-1.72912,-1.5050021,37,14,1,9,0.01218623,0.01196321,6.233413,0.004806841,0.0037284656,-0.00011634827,0.0005875825881958008,0.0005989909991744987,True
16455,-11,1.602802,1.7414465,1,2,37.96855,110.98547,0.12587069,46.29484,1.7398963,1.5973564,36,19,1,7,0.015347803,0.017317273,6.026822,0.0058146804,0.002855241,-0.0015501976,0.005445599555969238,0.005661949057268668,True
16457,11,0.056474235,-1.4973477,2,2,42.770763,99.875854,0.6044698,40.868935,-1.4979684,0.06084574,30,16,1,5,0.013014905,0.011612498,5.3789253,0.0065598646,0.0026619374,-0.00062072277,0.004371505230665207,0.00441535442808124,True
16457,-11,-3.1249127,1.4865203,1,2,42.770763,99.875854,0.76652604,35.110706,1.489299,-3.13661,49,12,1,5,0.011836892,0.024045268,10.735982,0.0062124375,0.0023232526,0.0027787685,0.01169729232788086,0.01202282006613988,True
16459,11,2.2587686,2.7810194,2,2,76.26974,611.7691,0.9099162,63.602047,2.8013208,2.2639785,52,34,1,9,0.04658942,0.024496386,23.180538,0.005328901,0.0021836825,0.020301342,0.005209922790527344,0.020959193447245363,True
16461,11,1.0583165,-1.9581648,2,2,32.72112,119.45875,0.86169165,44.311493,-1.9631029,1.0532857,40,26,1,7,0.021824485,0.020307858,9.923243,0.006342255,0.0024650397,-0.0049381256,0.0050307512283325195,0.007049364685202429,True
16461,-11,-2.11451,1.9796222,1,2,32.72112,119.45875,0.6034014,48.62543,1.9862987,-2.1148064,39,22,1,7,0.03506802,0.027713303,13.340091,0.010070816,0.0033945753,0.0066764355,0.0002963542938232422,0.006683009497876654,True
16467,11,-0.19239844,-2.7107594,2,2,65.578224,500.1424,0.25900385,74.435135,-2.7152524,-0.20743306,52,10,1,9,0.019506635,0.006879043,8.245885,0.0026103312,0.0019429002,-0.004492998,0.015034615993499756,0.015691612718111786,True
16467,-11,2.9419482,2.730283,1,2,65.578224,500.1424,0.24905099,82.9772,2.7330244,2.935888,50,29,1,11,0.028082155,0.017672433,11.585098,0.003746199,0.0028535784,0.0027413368,0.006060123443603516,0.006651317425802741,True
16471,11,2.7052212,-1.9584107,2,2,17.809896,65.093834,0.6025152,14.164477,-1.956772,2.6967301,39,17,1,7,0.02261285,0.019398402,12.009484,0.006830823,0.003455294,0.0016387701,0.008491039276123047,0.00864773470569702,True
16471,-11,-0.4936739,1.9819285,1,2,17.809896,65.093834,0.12650456,22.431664,1.9855484,-0.48766676,38,18,1,9,0.0148880435,0.01572961,7.418443,0.0042996616,0.002571333,0.0036199093,0.006007134914398193,0.007013516455061629,True
16472,11,1.2817059,-1.7067567,2,2,61.79895,174.73184,0.97774136,69.427895,-1.7086543,1.2695822,30,16,1,9,0.01218823,0.009686941,6.4168015,0.004818001,0.0025299748,-0.0018975735,0.012123703956604004,0.012271307291753323,True
16472,-11,-1.8818202,1.6926677,1,2,61.79895,174.73184,0.09902921,82.19532,1.6915965,-1.8808367,37,23,1,9,0.013605491,0.01988109,6.597413,0.0056749596,0.0030261287,-0.0010712147,0.0009834766387939453,0.0014542101375250667,True
16478,-11,0.9679777,-1.5912933,1,2,58.362812,151.96179,0.9451521,56.491283,-1.5904353,0.9796622,29,15,1,13,0.008921134,0.006759717,5.3879676,0.004110743,0.0025599878,0.00085806847,0.01168447732925415,0.011715941786750133,True
16478,11,-2.1480298,1.6312464,2,2,58.362812,151.96179,0.16991201,72.50362,1.6274849,-2.1456563,36,18,1,9,0.017408056,0.015568131,6.929384,0.007949075,0.00207441,-0.00376153,0.0023734569549560547,0.004447741586236604,True
16480,-11,-2.089149,-1.6950724,1,2,98.19392,278.60526,0.31200013,118.49265,-1.6936246,-2.0925813,35,14,1,9,0.012519142,0.01327029,5.136637,0.00512519,0.0023656967,0.0014477968,0.0034322738647460938,0.0037251334882157728,True
16480,11,1.0662135,1.7118037,2,2,98.19392,278.60526,0.9518829,118.12729,1.7144048,1.0679573,34,16,1,11,0.015555432,0.017472275,6.675617,0.0060437648,0.0027867744,0.0026011467,0.0017437934875488281,0.003131577820260926,True
16483,11,1.6000385,-1.9756405,2,2,24.24908,91.343605,0.29007342,33.46691,-1.979809,1.6040353,50,26,1,7,0.013411722,0.020386863,15.686721,0.003924661,0.002404766,-0.0041685104,0.003996729850769043,0.005774974273017089,True
16483,-11,-1.5822963,2.0278366,1,2,24.24908,91.343605,0.100152984,34.546684,2.0352337,-1.5781733,41,18,1,9,0.030019732,0.025358198,9.849875,0.007996989,0.0028960053,0.007397175,0.00412297248840332,0.008468594774538941,True
16485,11,-2.507064,-2.4038236,2,2,11.163488,62.390186,0.16366155,16.401047,-2.4045644,-2.494399,44,27,1,7,0.037905876,0.031456746,18.917507,0.0071242624,0.0032707476,-0.0007407665,0.012665033340454102,0.01268667823190028,True
16485,-11,0.57609624,2.4080722,1,2,11.163488,62.390186,0.5154957,18.320625,2.4331162,0.54324865,51,30,1,9,0.06276346,0.028143158,20.11628,0.01093247,0.004263693,0.025043964,0.032847583293914795,0.041305736958147835,True
16489,11,-0.26951018,2.3977706,2,2,7.4024553,41.06237,0.31966442,12.258327,2.4029088,-0.25156105,50,21,1,7,0.04298136,0.02525111,23.31028,0.0074821142,0.0019263363,0.005138159,0.01794913411140442,0.018670085461187397,True
16491,-11,-1.9773178,-2.3814645,1,2,46.10479,248.92502,0.94074166,46.12858,-2.3749385,-1.9761811,40,16,1,11,0.022120837,0.014118341,8.268658,0.004361873,0.0022791976,0.0065259933,0.0011366605758666992,0.006624242260252527,True
16491,11,1.1789575,2.3600605,2,2,46.10479,248.92502,0.8005356,69.44691,2.358315,1.1744432,48,25,1,7,0.02819531,0.02878782,11.397305,0.0055426937,0.0026287984,-0.0017454624,0.004514217376708984,0.004839917098319022,True
16492,11,0.87653935,-2.127639,2,2,81.95691,350.80814,0.13723019,103.7544,-2.1253746,0.8798087,41,21,1,11,0.020870678,0.019280788,9.655169,0.0052508963,0.0027513548,0.0022644997,0.003269374370574951,0.00397702995679484,True
16492,-11,-2.2755806,2.1389246,1,2,81.95691,350.80814,0.054802768,102.794624,2.1410785,-2.279653,47,17,1,11,0.016483651,0.013776494,6.0310774,0.0040737577,0.002433621,0.0021538734,0.004072427749633789,0.004606933726425215,True
16493,11,-1.0021005,2.7954276,2,2,31.521177,254.9899,0.6321167,39.011677,2.7925706,-0.9756486,51,22,1,9,0.060224265,0.010086005,24.045527,0.006914937,0.0030037004,-0.0028569698,0.02645188570022583,0.026605723701297386,True
16493,-11,2.125299,-2.7645707,1,2,31.521177,254.9899,0.5836304,40.59785,-2.778431,2.1415024,52,24,1,7,0.042145733,0.014162012,28.045168,0.005028129,0.0038001793,-0.013860226,0.01620340347290039,0.021322667317391974,True
16498,11,0.20208038,1.6406009,2,2,94.024414,252.9774,0.12281765,114.281136,1.6407777,0.20276381,39,16,1,15,0.010844083,0.011234432,7.5465193,0.0047728117,0.0024193865,0.00017678738,0.0006834268569946289,0.0007059221241166046,True
16498,-11,-2.9547973,-1.6522952,1,2,94.024414,252.9774,0.61559606,92.56193,-1.6544375,-2.9691339,35,15,1,9,0.0100073,0.016087005,5.708653,0.00427159,0.002976154,-0.0021423101,0.014336585998535156,0.014495764578394207,True
16499,11,-2.1565924,2.547833,2,2,30.579535,193.10056,0.9682275,28.975914,2.5585687,-2.1648915,46,23,1,7,0.04478143,0.016697165,12.128653,0.0069384533,0.002740451,0.01073575,0.008299112319946289,0.013569509933584772,True
16501,-11,2.1978586,-2.5009608,1,2,3.1045976,19.089962,0.32882634,10.468789,-2.5140822,2.1628077,45,25,1,7,0.037015617,0.033689767,18.559553,0.0059710327,0.0042584767,-0.0131213665,0.03505086898803711,0.03742637671810087,True
18269,-11,-2.8307548,2.7666163,1,2,70.31308,564.6314,0.78445196,70.283005,2.7811944,-2.8138351,50,18,1,9,0.026626421,0.020355882,13.271304,0.003248928,0.0026146306,0.014578104,0.016919612884521484,0.022333705868223315,True
18269,11,0.31723452,-2.778348,2,2,70.31308,564.6314,0.71602505,89.565994,-2.7787237,0.32388514,52,30,1,11,0.025537625,0.026994148,15.182342,0.0031508016,0.002602266,-0.00037574768,0.0066506266593933105,0.006661232714907763,True
18272,-11,-0.5029141,1.8012457,1,2,16.075933,49.515114,0.9362212,19.145706,1.8024077,-0.48878452,39,20,1,9,0.014396982,0.02363538,8.837157,0.005077361,0.0025476832,0.0011620522,0.014129549264907837,0.014177253882163888,True
18272,11,2.7153122,-1.7806299,2,2,16.075933,49.515114,0.6502932,14.731168,-1.7845914,2.682672,33,14,1,9,0.017879361,0.023588138,8.126436,0.006505578,0.0034681908,-0.003961563,0.03264021873474121,0.032879748498567465,True
18274,-11,-0.85755247,2.0541384,1,2,53.29405,214.56696,0.68685067,67.09518,2.0588646,-0.8637865,48,19,1,9,0.023635067,0.022937376,9.181269,0.0063089086,0.0032707977,0.0047261715,0.0062340497970581055,0.007823047603179657,True
18274,11,2.3012836,-2.0864756,2,2,53.29405,214.56696,0.31744558,71.91455,-2.085138,2.299267,42,28,1,7,0.023810461,0.022684151,10.069303,0.00610033,0.0031045051,0.0013375282,0.0020165443420410156,0.002419800166573031,True
18276,11,1.1152241,2.3972507,2,2,11.17015,62.173454,0.9707496,18.654867,2.401176,1.0999577,41,23,1,7,0.034557708,0.03959556,16.49241,0.006345273,0.0036160802,0.0039253235,0.01526641845703125,0.015762985027509974,True
18276,-11,-2.0850382,-2.4063768,1,2,11.17015,62.173454,0.091484495,15.635604,-2.4096265,-2.0870373,52,19,1,7,0.036324132,0.026947234,23.359737,0.0065459814,0.0035532105,-0.0032496452,0.0019991397857666016,0.0038153314137861867,True
18277,-11,1.2499329,2.1457036,1,2,31.229923,135.35667,0.55097353,43.1816,2.14569,1.249224,41,17,1,9,0.025534708,0.014809169,9.167067,0.006350449,0.0032496264,-1.3589859e-05,0.0007089376449584961,0.0007090678872344857,True
18277,11,-1.8643996,-2.1465602,2,2,31.229923,135.35667,0.8653261,32.745926,-2.1461596,-1.8801998,36,22,1,7,0.020600023,0.023200944,10.863487,0.0050995667,0.0032149954,0.0004005432,0.01580023765563965,0.015805313816564536,True
18279,-11,0.70082563,2.758738,1,2,67.107994,537.177,0.80281156,92.72009,2.7705436,0.7078612,52,31,1,9,0.041401003,0.022912556,20.457617,0.005027377,0.003149097,0.011805534,0.007035553455352783,0.01374298586118297,True
18281,-11,-2.2602541,2.1647015,1,2,32.484158,146.40147,0.52113014,42.93133,2.1666603,-2.2647974,52,16,1,9,0.022269981,0.018721199,7.680681,0.005256376,0.0027195583,0.001958847,0.004543304443359375,0.004947595073798388,True
18281,11,0.90645546,-2.2082717,2,2,32.484158,146.40147,0.9085983,45.38038,-2.2003531,0.90993965,50,25,1,11,0.036661934,0.029873868,11.334207,0.008680309,0.0030070248,0.007918596,0.003484189510345459,0.00865122782518447,True
18283,-11,0.187045,2.2035441,1,2,79.92831,370.37936,0.6551819,93.4836,2.2018003,0.18907955,41,17,1,9,0.018268788,0.019518081,8.038444,0.004237881,0.0026805804,-0.0017437935,0.0020345598459243774,0.002679598756132256,True
18283,11,-2.944641,-2.225986,2,2,79.92831,370.37936,0.7166536,99.84407,-2.2268634,-2.945945,36,19,1,9,0.021729816,0.01415055,7.586201,0.0047784937,0.0027260128,-0.0008773804,0.0013039112091064453,0.001571617242465238,True
18284,11,-2.5227406,2.542044,2,2,47.61399,310.65915,0.6970782,71.85485,2.5501318,-2.5307913,47,25,1,9,0.04024564,0.02589418,24.048222,0.0062434613,0.0032031576,0.008087873,0.008050680160522461,0.011411710985737787,True
18285,-11,0.9166774,-2.3771038,1,2,40.04165,216.71251,0.45168453,51.619473,-2.3738103,0.91856545,40,26,1,11,0.030497137,0.019371385,10.72435,0.005899002,0.0031035754,0.0032935143,0.0018880367279052734,0.0037963032788168767,True
18286,-11,1.7525586,1.6177902,1,2,70.71096,186.02692,0.332379,85.254585,1.6182013,1.7525,32,14,1,9,0.01045047,0.012935318,5.4954963,0.00464856,0.0030054701,0.00041103363,5.8531761169433594e-05,0.0004151802167271901,True
18286,11,-1.3681865,-1.6266402,2,2,70.71096,186.02692,0.088038675,87.569,-1.6291428,-1.3695953,29,15,1,7,0.013083354,0.011269934,5.159981,0.005644698,0.0025921927,-0.0025025606,0.0014088153839111328,0.0028718583541295197,True
18287,11,-0.31301886,2.8793602,2,2,56.633533,501.57892,0.5896684,79.032364,2.8848448,-0.32893518,51,37,1,11,0.03185339,0.034914523,26.832846,0.003514549,0.0027210778,0.005484581,0.01591631770133972,0.01683477938484547,True
18287,-11,2.8213565,-2.8629217,1,2,56.633533,501.57892,0.45746922,61.5076,-2.8607793,2.8099556,50,24,1,9,0.030136358,0.0077552786,12.139919,0.00354096,0.0021209253,0.0021424294,0.011400938034057617,0.011600490996355737,True
18289,-11,-1.7826798,2.385207,1,2,63.668552,346.4444,0.9919712,78.784744,2.387533,-1.7844435,44,22,1,9,0.033807907,0.019398479,8.538021,0.0061832685,0.0030851841,0.0023260117,0.0017637014389038086,0.0029190705708181707,True
18289,11,1.3694496,-2.3720999,2,2,63.668552,346.4444,0.9975415,71.57515,-2.3719602,1.3560691,50,22,1,11,0.02412495,0.017074436,7.4161806,0.0046348386,0.0032933743,0.00013971329,0.01338052749633789,0.013381256887262775,True
18290,11,-3.1096249,2.060929,2,2,94.29828,379.22504,0.08486299,116.502144,2.0574133,-3.1111863,41,19,1,11,0.015390416,0.016039692,6.6140866,0.0041262987,0.00222947,-0.0035157204,0.0015614032745361328,0.0038468519155709846,True
18290,-11,0.02220217,-2.0771198,1,2,94.29828,379.22504,0.22976762,114.16767,-2.0783277,0.022787238,43,24,1,9,0.017153433,0.018018104,8.594367,0.004439855,0.0027761306,-0.0012078285,0.000585068017244339,0.0013420709082247158,True
18293,11,0.58423215,1.6650051,2,2,28.173042,76.79282,0.097878896,35.803703,1.6634941,0.58514607,34,16,1,7,0.018219912,0.013809027,7.532521,0.007755884,0.002718008,-0.0015109777,0.0009139180183410645,0.0017658708870637784,True
18293,-11,-2.6076124,-1.6560302,1,2,28.173042,76.79282,0.0,36.687477,-1.6559364,-2.6084163,37,19,1,9,0.018762982,0.0146848,8.099534,0.008069907,0.002410206,9.381771e-05,0.0008039474487304688,0.0008094030289011338,True
18294,-11,-1.9276135,2.5237145,1,2,63.08089,401.29666,0.6200311,74.67297,2.5263386,-1.9320415,44,22,1,9,0.03336204,0.020019505,11.58214,0.0052581076,0.0032716412,0.0026240349,0.0044280290603637695,0.005147135144122685,True
18294,11,1.2230263,-2.5508733,2,2,63.08089,401.29666,0.2048001,73.21354,-2.557343,1.2254264,44,26,1,11,0.02661373,0.02498218,8.768116,0.004215698,0.0032385718,-0.0064697266,0.0024001598358154297,0.006900589035073717,True
18295,-11,0.48967284,1.7654781,1,2,31.100239,92.82207,0.7202159,26.666218,1.7610788,0.45279208,36,14,1,7,0.017525882,0.019134386,8.42052,0.0067410576,0.0027065661,-0.0043992996,0.03688076138496399,0.037142218519975456,True
18295,11,-2.6108885,-1.7493124,2,2,31.100239,92.82207,0.66980284,26.42778,-1.7493275,-2.6263762,41,16,1,11,0.013854225,0.011215617,8.033229,0.005230217,0.0029896281,-1.513958e-05,0.0154876708984375,0.015487678298091794,True
18297,11,-1.7105097,1.926204,2,2,41.90599,146.61807,0.22783044,55.343273,1.9283357,-1.7060485,41,20,1,9,0.016298661,0.015606827,10.717186,0.0050169434,0.0025008898,0.0021317005,0.004461169242858887,0.004944307640653344,True
18297,-11,1.4055678,-1.922794,1,2,41.90599,146.61807,0.5657248,56.45975,-1.9168123,1.4022412,36,19,1,11,0.030711511,0.024928823,10.653812,0.009896493,0.0034727545,0.0059816837,0.0033265352249145508,0.006844441306959268,True
18301,-11,0.117717125,-1.5242394,1,2,4.3832,10.6477785,0.16334906,6.5656953,-1.5250065,0.09821731,35,10,1,9,0.011078927,0.017507767,7.520975,0.005616986,0.002897064,-0.0007671118,0.01949981600046158,0.0195148990394004,True
18301,11,-2.6538134,1.557426,2,2,4.3832,10.6477785,0.080519386,6.7304344,1.5535126,-2.6362238,44,10,1,5,0.023472415,0.026071684,40.430023,0.01162896,0.002733099,-0.0039134026,0.017589569091796875,0.018019646505516587,True
18306,11,1.1567672,-2.08325,2,2,24.183167,102.109276,0.09698036,32.722126,-2.086474,1.1638851,47,24,1,7,0.029360441,0.016264506,10.504004,0.007601574,0.0025566607,-0.003223896,0.007117867469787598,0.007813932600201202,True
18306,-11,-2.0209975,2.1567373,1,2,24.183167,102.109276,0.95898736,31.107695,2.1532032,-2.0073674,40,16,1,9,0.024960179,0.018067088,8.4464,0.0060670422,0.0029797633,-0.0035340786,0.013630151748657227,0.01408086461022833,True
18308,-11,1.0609493,-1.9319777,1,2,89.960106,309.78586,0.29064432,107.8155,-1.9295971,1.0573926,51,22,1,9,0.016581563,0.015656915,10.203507,0.0051293983,0.0030772584,0.0023806095,0.0035567283630371094,0.004279908672130869,True
18312,-11,1.8582898,-2.7412465,1,2,89.573326,711.43823,0.6066275,114.03995,-2.7398636,1.859912,51,21,1,11,0.030376071,0.026674038,8.561649,0.0041181576,0.0029506043,0.0013828278,0.0016222000122070312,0.0021316063168610837,True
18312,11,-1.2782567,2.781963,2,2,89.573326,711.43823,0.59814966,85.202034,2.7804027,-1.2858201,50,28,1,11,0.017698437,0.010295842,10.9945135,0.0021784275,0.0012802162,-0.0015604496,0.007563471794128418,0.007722765597799705,True
18313,-11,-0.21190873,-2.1593046,1,2,44.318066,194.0847,0.9453437,53.196835,-2.155299,-0.20420423,36,22,1,11,0.017875418,0.01299342,7.316465,0.004419456,0.0026929681,0.0040056705,0.007704496383666992,0.008683585722734932,True
18313,11,2.9486735,2.1542351,2,2,44.318066,194.0847,0.7635735,57.59126,2.157257,2.9541762,41,19,1,9,0.024236413,0.021725291,7.336081,0.005796531,0.0031983522,0.0030219555,0.0055027008056640625,0.0062778922847385454,True
18317,-11,-2.629509,-1.8605163,1,2,81.9964,268.84683,0.9673889,88.96307,-1.8596387,-2.6231575,32,18,1,11,0.012938253,0.015892139,5.678718,0.0043803994,0.003183926,0.0008776188,0.006351470947265625,0.006411817053998511,True
18317,11,0.5261039,1.8525229,2,2,81.9964,268.84683,0.02217783,92.85657,1.8527875,0.5304504,34,20,1,11,0.015537442,0.012500255,6.9461017,0.0053324536,0.0033104422,0.00026464462,0.004346489906311035,0.00435453915840036,True
18318,-11,1.2200356,-2.4185696,1,2,67.10379,393.07928,0.0,89.84849,-2.421962,1.2271359,51,28,1,11,0.025664223,0.029111953,11.61127,0.004634164,0.002938778,-0.003392458,0.007100343704223633,0.007869158286639966,True
18318,11,-1.9122641,2.4898672,2,2,67.10379,393.07928,0.5962297,84.3479,2.489475,-1.9045639,52,25,1,9,0.0232994,0.02012333,7.741812,0.0039426726,0.0019195712,-0.00039219856,0.007700204849243164,0.007710186407138984,True
18319,11,-3.1353745,2.989494,2,2,65.8702,672.0911,0.6499023,32.278988,2.9848452,3.1233702,51,18,1,9,0.02368544,0.008992539,18.893631,0.0024017058,0.0019555858,-0.004648924,-0.024440590535299123,0.024878805423439992,True
18321,-11,1.4141424,-2.3272736,1,2,8.435375,44.244385,0.7568976,6.672578,-2.3352604,1.4264038,47,19,1,7,0.04105108,0.013189524,14.906533,0.007820134,0.003143443,-0.007986784,0.012261390686035156,0.014633195896208201,True
18321,11,-1.6448181,2.3559587,2,2,8.435375,44.244385,0.39805892,15.716839,2.352723,-1.6342775,52,28,1,9,0.045369707,0.044732533,19.566841,0.008957483,0.0044142306,-0.003235817,0.010540604591369629,0.011026098880453302,True
18323,11,-0.35847247,-2.5794542,2,2,50.30522,338.56763,0.49702415,66.62208,-2.584677,-0.36276785,43,25,1,9,0.026502227,0.023536336,10.663534,0.0041550486,0.002783867,-0.0052227974,0.004295378923416138,0.0067622401972294455,True
18323,-11,2.7724235,2.6091769,1,2,50.30522,338.56763,0.36994198,53.334656,2.6142125,2.773826,46,20,1,11,0.027771061,0.020470895,7.9468174,0.003950535,0.0025107416,0.005035639,0.0014023780822753906,0.005227267206252755,True
18325,11,-0.356498,-1.9135568,2,2,44.480247,154.20735,0.45993435,50.77046,-1.9141939,-0.3561216,38,17,1,9,0.017647149,0.0160532,6.690013,0.0054692393,0.003398349,-0.00063705444,0.0003764033317565918,0.0007399444789721632,True
18325,-11,2.7607992,1.9163316,1,2,44.480247,154.20735,0.84032774,53.97751,1.9209179,2.7654343,42,18,1,7,0.018859688,0.025603473,9.359169,0.005740886,0.0024594788,0.00458622,0.0046350955963134766,0.006520546159457977,True
18326,-11,-2.0599895,-2.5600183,1,2,19.115776,124.887924,0.7576355,33.239876,-2.5504117,-2.0744853,52,25,1,9,0.042655956,0.038379505,14.2739935,0.00698588,0.0040549207,0.0096066,0.014495849609375,0.017390124150809465,True
18326,11,1.1106136,2.568352,2,2,19.115776,124.887924,0.07985866,31.1029,2.5674262,1.1247427,49,21,1,9,0.030639565,0.021445556,13.652463,0.004703894,0.003396649,-0.00092577934,0.014129161834716797,0.014159459083697291,True
18327,11,-1.1785353,-1.913965,2,2,20.442493,70.56882,0.38729,22.962036,-1.9150453,-1.1704279,41,16,1,7,0.018656237,0.017200178,6.722464,0.0058129085,0.0031545165,-0.0010802746,0.008107423782348633,0.008179077790439937,True
18327,-11,1.9099349,1.9071714,1,2,20.442493,70.56882,0.9618566,28.502607,1.9055318,1.9244062,37,15,1,7,0.020772247,0.013595031,5.9330435,0.0068405536,0.0027249407,-0.0016396046,0.014471292495727539,0.014563880306465101,True
18328,11,1.424219,-1.9940909,2,2,74.31029,280.49365,0.0077762785,93.29357,-1.9961386,1.4259449,40,26,1,13,0.015951984,0.011685841,7.888262,0.004580373,0.0026378555,-0.002047658,0.001725912094116211,0.0026779984910406994,True
18328,-11,-1.7306634,2.0128646,1,2,74.31029,280.49365,0.4656642,91.617256,2.0119903,-1.7262088,49,18,1,9,0.016028674,0.012043715,10.117654,0.0044858833,0.0030217099,-0.00087428093,0.004454612731933594,0.004539597089534122,True
18330,-11,-1.3127426,-1.9247068,1,2,27.882507,98.4978,0.37929904,38.143574,-1.9236286,-1.3131834,41,16,1,11,0.019316822,0.016763337,7.4943213,0.0060300035,0.0028044984,0.001078248,0.00044083595275878906,0.0011648841677460334,True
18330,11,1.8667957,1.9445579,2,2,27.882507,98.4978,0.53660744,35.86979,1.9491204,1.8690916,42,21,1,9,0.021721415,0.025014183,10.160567,0.0066070943,0.002684978,0.004562497,0.002295970916748047,0.005107627881856291,True
18331,-11,-1.9931878,2.617101,1,2,10.527532,74.38553,0.9710918,19.023348,2.613104,-2.0051074,51,24,1,7,0.03193791,0.039840028,13.87714,0.004865,0.0032697124,-0.003996849,0.011919617652893066,0.012571876808597695,True
18333,-11,0.15182197,-2.4616134,1,2,18.255196,107.5032,0.46246782,27.063885,-2.4728856,0.14542086,48,24,1,9,0.027670883,0.03324512,17.408545,0.004592523,0.0026447633,-0.011272192,0.0064011067152023315,0.012962888763492077,True
18333,11,-2.9559112,2.4563482,2,2,18.255196,107.5032,0.25361294,29.39293,2.4687114,-2.9457345,46,25,1,9,0.03715829,0.02948598,14.049786,0.0062122983,0.003569415,0.012363195,0.010176658630371094,0.016012900537296103,True
18334,11,2.169432,-2.2324994,2,2,78.03813,365.5397,0.7616039,91.4197,-2.2325404,2.1746938,41,22,1,11,0.02022147,0.020048644,9.214627,0.004405283,0.0025987348,-4.1007996e-05,0.005261898040771484,0.005262057833887648,True
18334,-11,-0.98223424,2.219018,1,2,78.03813,365.5397,0.92865217,98.75868,2.210753,-0.9872097,42,21,1,9,0.0261816,0.018935239,7.286827,0.006031719,0.0027723643,-0.008265018,0.004975438117980957,0.009647047022453668,True
18337,11,1.305854,-1.5435767,2,2,73.717735,177.88686,0.18600471,92.39266,-1.5433422,1.3080778,33,19,1,9,0.010521543,0.012482786,5.3445296,0.005110624,0.002680255,0.00023448467,0.0022238492965698242,0.0022361772638843477,True
18337,-11,-1.857923,1.5128752,1,2,73.717735,177.88686,0.9640001,78.89296,1.5171688,-1.8543144,51,20,1,7,0.011892344,0.017240068,7.6984534,0.005977783,0.0028666717,0.004293561,0.0036085844039916992,0.005608613709757415,True
18339,-11,0.5512816,-1.9186085,1,2,72.79596,255.09647,0.23709239,73.67087,-1.9202067,0.5554982,38,17,1,11,0.012557688,0.006051902,6.030953,0.003962191,0.0023015505,-0.0015981197,0.004216611385345459,0.0045093012993003894,True
18339,11,-2.575595,1.93371,2,2,72.79596,255.09647,0.8040888,88.9749,1.9326385,-2.57266,40,18,1,7,0.015989972,0.017012632,8.1585865,0.004993109,0.0024462263,-0.0010714531,0.0029349327087402344,0.0031243946195237964,True
18341,-11,1.4473811,-2.20439,1,2,55.941494,256.619,0.46830714,68.35117,-2.1989703,1.4554479,51,24,1,7,0.025255611,0.02308596,10.195398,0.005915189,0.0028751313,0.005419731,0.008066773414611816,0.009718349553528157,True
18341,11,-1.6798546,2.2042973,2,2,55.941494,256.619,0.024752788,72.15405,2.203985,-1.6838493,37,23,1,11,0.017200457,0.0143184485,9.319467,0.0039880634,0.0030608515,-0.00031232834,0.00399470329284668,0.004006894481888328,True
18343,-11,-1.7505498,2.5016365,1,2,64.127396,392.97815,0.95650584,76.54647,2.4989417,-1.7374331,45,22,1,9,0.026844226,0.016638136,11.428869,0.0044991374,0.002980349,-0.0026948452,0.013116717338562012,0.013390685730485052,True
18345,-11,-0.8064834,-2.4800699,1,2,40.37189,247.30975,0.69284004,52.48607,-2.4818714,-0.80758077,51,24,1,9,0.03612766,0.021809887,13.702648,0.006145692,0.00276619,-0.0018014908,0.0010973811149597168,0.002109410902407425,True
18345,11,2.34984,2.518176,2,2,40.37189,247.30975,0.9684094,50.954006,2.5145714,2.3591192,48,24,1,9,0.021158954,0.016075421,8.3258505,0.0034995077,0.0029962875,-0.0036046505,0.009279251098632812,0.009954798144779441,True
18346,-11,-1.0079985,-2.9457655,1,2,31.6201,302.69696,0.14564726,25.530527,-2.924363,-1.0256947,52,22,1,13,0.045245606,0.04218749,33.04573,0.0050568366,0.003543657,0.021402597,0.017696261405944824,0.027771007376311326,True
18346,11,2.1454601,2.9529538,2,2,31.6201,302.69696,0.18966147,26.88562,2.9453824,2.1766582,48,15,3,11,0.035658523,0.011104838,24.220415,0.0039368756,0.0021088468,-0.007571459,0.03119802474975586,0.032103640575550964,True
18348,11,2.6533768,-2.0647707,2,2,53.111843,213.39755,0.006434991,71.909515,-2.0642023,2.6550207,40,26,1,9,0.018531933,0.016469976,8.429797,0.004980958,0.003165352,0.0005683899,0.0016438961029052734,0.001739385370506524,True
18348,-11,-0.5055802,2.0713563,1,2,53.111843,213.39755,0.1941387,72.51133,2.076919,-0.5055962,43,27,1,9,0.027162947,0.018555515,12.583051,0.006910001,0.0027087007,0.0055627823,1.6033649444580078e-05,0.0055628053127563274,True
18351,-11,-2.345233,-1.8520845,1,2,93.49116,312.3074,0.799578,122.291084,-1.8534065,-2.339467,37,23,1,9,0.013587857,0.017669609,6.858976,0.0046478393,0.0024765984,-0.001322031,0.0057659149169921875,0.005915533855363211,True
18351,11,0.8083938,1.9007472,2,2,93.49116,312.3074,0.26502737,114.93764,1.8968508,0.8116996,36,17,1,7,0.015043091,0.0127457725,5.47354,0.004809721,0.0021794892,-0.0038963556,0.0033058524131774902,0.005109818753336183,True
18352,11,-0.44671518,-1.7158333,2,2,30.822683,87.995445,0.24905905,40.627056,-1.714586,-0.44610077,36,17,1,9,0.012214099,0.01846355,6.7532516,0.0048943064,0.0029828646,0.0012472868,0.0006144046783447266,0.0013904019014149996,True
18352,-11,2.6513226,1.70434,1,2,30.822683,87.995445,0.84382516,31.64838,1.7043016,2.6779578,44,18,1,7,0.018446274,0.016501347,8.253362,0.007709078,0.0031651,-3.838539e-05,0.026635169982910156,0.026635197642532683,True
18355,11,0.5099542,-2.4208055,2,2,67.01595,377.86798,0.926942,84.821815,-2.4211602,0.5129748,42,28,1,11,0.021963427,0.019444644,11.5114355,0.004006094,0.0034032015,-0.00035476685,0.0030205845832824707,0.003041346862752403,True
18355,-11,-2.6412792,2.4088464,1,2,67.01595,377.86798,0.5681423,83.07452,2.407233,-2.6354802,44,17,1,11,0.02688563,0.013716708,10.008165,0.004832677,0.0023021835,-0.0016133785,0.005799055099487305,0.0060193047982527404,True
18359,11,2.527256,-2.0122092,2,2,88.5446,335.21896,0.58397985,99.50154,-2.0154989,2.528642,38,16,1,9,0.014321219,0.012335442,5.912743,0.004008274,0.0023934073,-0.0032896996,0.0013859272003173828,0.0035697222771121483,True
18359,-11,-0.6254565,2.0008512,1,2,88.5446,335.21896,0.08741029,110.48169,1.9983083,-0.6277385,47,24,1,11,0.015293216,0.013774846,7.671237,0.0043404615,0.002418874,-0.0025428534,0.00228196382522583,0.003416644839436766,True
18365,-11,-1.7006291,-2.0856724,1,2,72.419365,292.74307,0.15180808,90.38717,-2.0908456,-1.7072977,36,20,1,11,0.019294176,0.015734531,6.6663136,0.0049780593,0.003344213,-0.0051732063,0.006668567657470703,0.0084398968062929,True
18365,11,1.4536026,2.0630918,2,2,72.419365,292.74307,0.027954383,92.34783,2.0598447,1.4593233,40,19,1,9,0.025161343,0.019676315,8.517863,0.007058459,0.0029143167,-0.0032470226,0.005720734596252441,0.006577990625601411,True
18367,11,-1.2075456,-2.4540439,2,2,64.423996,373.9851,0.7916434,84.25827,-2.449448,-1.2089792,51,29,1,9,0.025323004,0.02281617,13.002345,0.004350111,0.002752554,0.0045957565,0.0014336109161376953,0.004814168405801094,True
18367,-11,1.9243689,2.4348097,1,2,64.423996,373.9851,0.57311124,76.66015,2.4298759,1.922725,41,22,1,9,0.025833204,0.019934677,9.158362,0.0048364704,0.0025151018,-0.004933834,0.0016438961029052734,0.005200491597777959,True
18368,11,0.07149396,-2.2116468,2,2,91.86262,429.11133,0.90930367,105.31427,-2.2079995,0.0731079,52,22,1,9,0.022241319,0.016314587,9.546567,0.0052723596,0.0023512514,0.0036473274,0.0016139373183250427,0.003988457191869369,True
18368,-11,-3.0786476,2.234317,1,2,91.86262,429.11133,0.88544637,115.524765,2.2270026,-3.0818622,47,21,1,15,0.023720926,0.022558343,10.283422,0.005287256,0.0025072023,-0.0073144436,0.003214597702026367,0.007989663473847107,True
18374,11,1.309585,-1.9878232,2,2,54.99617,207.33264,0.76901954,73.67243,-1.9903641,1.3081762,44,18,1,9,0.01984645,0.019533547,9.100682,0.0056971824,0.00285765,-0.0025408268,0.0014088153839111328,0.0029052644533537598,True
18374,-11,-1.8499943,2.0167036,1,2,54.99617,207.33264,0.4760886,60.948975,2.0152898,-1.8476015,44,20,1,7,0.020128312,0.012138267,13.968509,0.005787196,0.0027386253,-0.0014138222,0.0023927688598632812,0.002779250970428877,True
18375,-11,-0.9469152,-1.5924705,1,2,28.120861,71.326065,0.21315873,37.67586,-1.5930672,-0.9493364,33,19,1,7,0.018022707,0.015487363,6.363309,0.0079324925,0.0029359777,-0.0005966425,0.0024212002754211426,0.00249363049094603,True
18378,-11,-1.9332381,-2.707369,1,2,86.759415,647.80286,0.35243365,109.73001,-2.6947613,-1.9250097,50,25,1,11,0.036668587,0.024632107,10.4939785,0.004955353,0.003165427,0.012607813,0.008228421211242676,0.015055359823263923,True
18378,11,1.2138171,2.6908638,2,2,86.759415,647.80286,0.05359309,112.33823,2.685637,1.2096717,51,29,1,11,0.028993508,0.024429174,13.095923,0.003972308,0.0027172489,-0.0052268505,0.004145383834838867,0.006671144795064316,True
18380,11,0.74929273,-1.8565233,2,2,68.49316,225.64651,0.61047024,90.22323,-1.855472,0.75061375,45,28,1,9,0.025519842,0.01970052,12.448578,0.008926796,0.0031925591,0.0010513067,0.0013210177421569824,0.0016882931291583331,True
18382,-11,-2.9726872,-2.3610797,1,2,10.849241,57.22829,0.50751764,18.671059,-2.3707428,-2.9828885,44,26,1,7,0.030306865,0.039274476,13.431151,0.0056879604,0.003446882,-0.009663105,0.010201215744018555,0.014051348850554037,True
18382,11,0.23274992,2.3334413,2,2,10.849241,57.22829,0.081501774,18.900017,2.3486574,0.22246295,43,20,1,15,0.03768162,0.037047554,17.46682,0.0072504804,0.003820845,0.015216112,0.010286971926689148,0.018367140704280156,True
18383,-11,1.5779516,2.8263843,1,2,84.25535,709.93384,0.6497636,65.61202,2.8138163,1.5950484,49,15,1,11,0.03392422,0.0010760644,8.677592,0.004042725,0.0034704003,-0.012567997,0.017096877098083496,0.021219277936741915,True
18385,11,1.3524549,-2.8178518,2,2,48.65862,401.77634,0.9651773,50.157593,-2.8202417,1.3508879,50,25,1,9,0.03425647,0.0074380026,11.012569,0.0042124037,0.0028556504,-0.0023899078,0.0015670061111450195,0.0028578256807071157,True
18385,-11,-1.7980642,2.78351,1,2,48.65862,401.77634,0.7765423,69.1115,2.7847934,-1.7947309,52,31,1,9,0.03344206,0.025904391,13.776679,0.00407325,0.0034262356,0.0012834072,0.0033333301544189453,0.0035718656093898017,True
18386,-11,2.4535332,2.7794068,1,2,86.436226,683.59937,0.04509393,102.62197,2.7832062,2.439209,51,35,1,11,0.038018133,0.013607936,14.756629,0.004486591,0.0026682247,0.0037994385,0.014324188232421875,0.014819517578350414,True
18386,11,-0.68278867,-2.7352767,2,2,86.436226,683.59937,0.27720955,108.18523,-2.7321458,-0.69198453,51,25,1,11,0.028205128,0.019063666,9.989207,0.003726832,0.0025300446,0.0031309128,0.009195864200592041,0.009714243832458983,True
18387,11,-1.901446,2.9582329,2,2,65.13818,625.1167,0.053466067,57.148506,2.941288,-1.9183885,50,36,1,15,0.027878799,0.03964491,16.143236,0.0030349677,0.0024566818,-0.016944885,0.016942501068115234,0.023962000724295444,True
18387,-11,1.234395,-2.9455092,1,2,65.13818,625.1167,0.33655357,73.38403,-2.9524746,1.2376313,52,21,1,11,0.022799078,0.02382826,17.12193,0.0023974115,0.0006465253,-0.006965399,0.0032362937927246094,0.007680519366433176,True
18388,11,1.5534582,2.671979,2,2,10.210044,75.65464,0.7585913,19.34275,2.6533222,1.5509986,48,25,1,7,0.056920297,0.03712102,15.670635,0.00839649,0.003639349,-0.01865673,0.0024596452713012695,0.01881816834452761,True
18388,-11,-1.6359043,-2.7113502,1,2,10.210044,75.65464,0.89345294,14.682068,-2.713401,-1.6480054,51,20,1,7,0.04279682,0.006684002,16.747204,0.0058247065,0.0047917585,-0.0020508766,0.012101054191589355,0.012273614268842593,True
18390,11,-1.078871,2.2892485,2,2,18.630165,92.17785,0.82596624,25.398113,2.2907777,-1.083866,43,15,1,7,0.03036687,0.029518101,12.195486,0.006324345,0.0036052552,0.0015292168,0.004994988441467285,0.005223831299812469,True
18391,11,-3.0351746,2.713812,2,2,60.6334,468.9325,0.765479,73.50942,2.710683,-3.041272,52,36,1,11,0.03327307,0.023217475,16.284264,0.0044343723,0.003240905,-0.0031290054,0.006097316741943359,0.0068533164559850136,True
18392,-11,1.084897,2.8072622,1,2,58.690327,477.38867,0.8721775,67.20379,2.793753,1.1094851,50,32,1,9,0.03254168,0.028416518,14.092615,0.004064696,0.0025519114,-0.0135092735,0.02458810806274414,0.028054866440237494,True
18392,11,-2.0491486,-2.7640264,2,2,58.690327,477.38867,0.4560135,53.446835,-2.7828588,-2.0495472,52,28,1,9,0.021566778,0.017536888,18.151295,0.0026306005,0.0015326546,-0.018832445,0.0003986358642578125,0.01883666386661997,True
18394,-11,0.28361076,2.6592202,1,2,8.098806,58.187584,0.026967052,16.667118,2.6531694,0.27733362,49,26,1,5,0.03568706,0.0398677,19.28915,0.0052008475,0.0040033897,-0.006050825,0.006277143955230713,0.008718659320333867,True
18397,-11,1.845608,2.7259636,1,2,46.972927,353.61343,0.82570577,50.089573,2.7198954,1.8236177,45,26,1,9,0.032451417,0.015925806,8.833587,0.004463451,0.003439466,-0.0060682297,0.021990299224853516,0.022812204419590944,True
18397,11,-1.2857983,-2.6890728,2,2,46.972927,353.61343,0.71622974,60.389763,-2.6913066,-1.2811956,49,25,1,9,0.032502435,0.021210998,16.323626,0.0044190236,0.003072208,-0.0022337437,0.004602670669555664,0.005116071540557169,True
18398,-11,-2.4881651,2.4259343,1,2,83.133705,477.04144,0.9332582,96.95286,2.425836,-2.4911537,46,22,1,13,0.021873618,0.016482485,8.24077,0.003969343,0.002996274,-9.8228455e-05,0.002988576889038086,0.0029901907382278597,True
18398,11,0.66106087,-2.4393573,2,2,83.133705,477.04144,0.971834,97.5536,-2.4460673,0.6574594,52,34,1,11,0.022902766,0.019137423,13.750388,0.004140818,0.002961163,-0.0067100525,0.0036014914512634277,0.007615480621420035,True
18400,-11,-2.6795998,2.551375,1,2,8.544934,54.1517,0.31405604,14.372785,2.557322,-2.695056,48,26,1,9,0.036765765,0.03389976,16.615103,0.0056822435,0.003459473,0.005947113,0.015456199645996094,0.016560865344934304,True
18400,11,0.5291017,-2.5159504,2,2,8.544934,54.1517,0.22161058,14.881647,-2.5030189,0.5311994,52,24,1,13,0.03980551,0.027538817,19.675003,0.006697134,0.0041726595,0.012931585,0.0020976662635803223,0.01310061444120927,True
18401,11,0.4442336,2.3159444,2,2,46.885174,240.5003,0.86823255,61.45251,2.312917,0.45099506,42,20,3,11,0.024518957,0.0103768585,8.546297,0.0049716583,0.0033601243,-0.0030274391,0.006761461496353149,0.007408289205278622,True
18401,-11,-2.7125378,-2.3211367,1,2,46.885174,240.5003,0.8448391,55.515385,-2.318362,-2.7142427,51,19,1,9,0.020483557,0.018458305,7.61727,0.004224183,0.002747068,0.0027747154,0.0017049312591552734,0.0032566602605961156,True
18402,-11,1.9663032,1.832762,1,2,37.87282,118.91624,0.5696856,48.81262,1.836486,1.9681375,40,16,1,7,0.021608055,0.024687024,7.5943737,0.007238712,0.0026571462,0.003723979,0.001834273338317871,0.004151214094399105,True
18402,11,-1.1434405,-1.78976,2,2,37.87282,118.91624,0.44574407,46.91956,-1.7905353,-1.141514,42,16,1,9,0.019821083,0.01979154,8.350607,0.0073696896,0.0026582088,-0.0007753372,0.0019265413284301758,0.0020767063571159156,True
18403,-11,-2.4856374,1.5120647,1,2,92.94115,221.41179,0.6021377,96.122154,1.5147593,-2.4847822,47,15,1,5,0.008827151,0.012680467,7.090522,0.0044890284,0.0028128244,0.0026946068,0.0008552074432373047,0.002827063007404959,True
18403,11,0.6738382,-1.5158055,2,2,92.94115,221.41179,0.48524734,104.44729,-1.5154377,0.67748034,40,14,1,5,0.008119036,0.0133683635,5.241589,0.0040907958,0.0027591395,0.00036776066,0.003642141819000244,0.003660661816048745,True
18408,11,0.8718254,2.9026544,2,2,12.251955,112.28536,0.14021094,21.727324,2.8934522,0.86842716,52,38,1,42,0.043864813,0.037653744,47.0935,0.004880555,0.0025188115,-0.009202242,0.0033982396125793457,0.00980965274538554,True
18408,-11,-2.3018315,-2.9084723,1,2,12.251955,112.28536,0.35347646,20.956995,-2.891698,-2.2840662,52,38,1,11,0.04344425,0.03563186,45.97475,0.0047025513,0.0031232876,0.016774416,0.017765283584594727,0.024433303978021965,True
18409,11,-2.2804832,2.4997141,2,2,76.90305,471.98553,0.31706724,92.05106,2.495855,-2.2828078,45,26,1,19,0.023257563,0.01948224,9.208472,0.0039847572,0.0030152954,-0.0038590431,0.0023245811462402344,0.004505096124438099,True
18409,-11,0.85344946,-2.501984,1,2,76.90305,471.98553,0.9654194,87.05303,-2.4998713,0.857871,52,23,1,11,0.022629077,0.022684287,14.9126425,0.00377411,0.0025722352,0.002112627,0.004421532154083252,0.004900320346485542,True
18410,11,-1.6100142,1.9740298,2,2,94.88581,346.12637,0.61249644,115.76763,1.9722952,-1.6094831,47,17,1,11,0.016199593,0.014603955,6.742894,0.0048522656,0.0026548249,-0.0017346144,0.0005310773849487305,0.0018140921131577763,True
18410,-11,1.520796,-1.9618938,1,2,94.88581,346.12637,0.12131181,114.666756,-1.9634652,1.5183344,40,16,1,7,0.01562895,0.010993255,5.7403355,0.0046827937,0.0028389788,-0.0015714169,0.002461552619934082,0.0029203753484088285,True
18412,11,-1.4485548,1.8324982,2,2,51.826286,166.48386,0.06649042,65.2385,1.8351872,-1.4459643,40,19,1,9,0.019108502,0.014790846,8.843471,0.0063785845,0.0024974828,0.002689004,0.0025904178619384766,0.0037337657645512114,True
18412,-11,1.6703578,-1.8375304,1,2,51.826286,166.48386,0.4262204,61.237026,-1.8373159,1.6692175,39,18,1,9,0.012098528,0.010459021,5.8982267,0.0041452465,0.0028450289,0.00021445751,0.0011403560638427734,0.0011603464899563915,True
18413,-11,0.49284035,2.8054788,1,2,97.710846,816.34247,0.59039396,113.4325,2.8094013,0.49971247,51,19,1,9,0.023661362,0.004133561,12.137377,0.0028085508,0.0016461978,0.0039224625,0.006872117519378662,0.007912756161241982,True
18413,11,-2.6443503,-2.8193066,2,2,97.710846,816.34247,0.9300611,81.97891,-2.8102956,-2.6421757,52,21,1,11,0.030416088,0.000768077,8.931882,0.0035692253,0.0028040204,0.00901103,0.0021746158599853516,0.009269715339681196,True
18414,-11,1.2843765,1.5368271,1,2,26.99963,64.86509,0.782502,26.50043,1.5379448,1.2824595,45,11,1,5,0.012608052,0.017959718,8.439964,0.0061366665,0.0032935068,0.0011177063,0.0019170045852661133,0.002219047982890719,True
18414,11,-1.7963289,-1.5100857,2,2,26.99963,64.86509,0.91996,18.677622,-1.5140105,-1.8122818,47,12,1,7,0.01096223,0.028372122,12.143617,0.005546485,0.0029256775,-0.0039248466,0.0159529447555542,0.016428659938226578,True
18415,-11,2.3073082,2.5459204,1,2,31.922127,207.54855,0.97828656,35.318817,2.543738,2.3163934,48,27,1,11,0.03951352,0.012584156,18.283266,0.0061210347,0.004163509,-0.0021824837,0.00908517837524414,0.009343644945413936,True
18415,11,-0.8167634,-2.5727835,2,2,31.922127,207.54855,0.5611842,43.551243,-2.5689716,-0.8153568,45,21,1,9,0.027424958,0.037093036,12.357793,0.0043843356,0.00258371,0.0038118362,0.0014066100120544434,0.004063083467883526,True
18416,-11,-1.1667601,1.5015016,1,2,40.416412,94.59086,0.843396,28.416721,1.5036267,-1.186948,37,11,1,5,0.008657159,0.020383809,5.425753,0.0044266484,0.0033000298,0.002125144,0.020187854766845703,0.020299401887754896,True
18416,11,2.0168328,-1.4873888,2,2,40.416412,94.59086,0.8882533,45.014328,-1.489558,2.0170636,38,15,1,9,0.008680412,0.013958782,8.546189,0.004454469,0.0022700375,-0.0021691322,0.0002307891845703125,0.0021813752687540053,True
18417,-11,-2.423694,2.55373,1,2,67.50787,434.61685,0.1319017,78.47203,2.5482166,-2.4294639,47,24,1,23,0.026935944,0.017813848,13.205471,0.0043383325,0.0032491921,-0.0055134296,0.005769968032836914,0.00798062891707794,True
18417,11,0.7262542,-2.544858,2,2,67.50787,434.61685,0.4271285,80.77864,-2.5454898,0.73747635,46,20,1,9,0.032172255,0.015551,9.102584,0.0049557933,0.0026793764,-0.00063180923,0.011222124099731445,0.011239895560845897,True
18419,11,-2.7483656,2.3632824,2,2,2.9604933,15.834514,0.7006712,3.1800852,2.3402815,-2.7519538,40,16,1,5,0.049385965,0.015147415,13.9697485,0.010125681,0.0029585517,-0.023000956,0.0035881996154785156,0.023279156664340304,True
18423,11,0.052410502,2.7141783,2,2,28.500122,218.00859,0.17302607,43.506058,2.7220094,0.041167248,52,26,1,9,0.04804108,0.024720104,15.467809,0.0062858267,0.0033958082,0.007831097,0.011243253946304321,0.013701709289002348,True
18423,-11,-3.105715,-2.732881,1,2,28.500122,218.00859,0.8789261,30.919369,-2.7301512,-3.1289399,43,26,1,9,0.030848498,0.011834008,11.680841,0.0040473165,0.002795401,0.0027298927,0.023224830627441406,0.02338471876604818,True
18427,-11,1.5884824,2.5804791,1,2,45.977844,301.74652,0.43806487,64.89666,2.5827994,1.5885198,46,25,1,9,0.034876514,0.031764463,10.769912,0.00538702,0.0031293388,0.0023202896,3.743171691894531e-05,0.0023205915228955375,True
18427,11,-1.5410489,-2.5571125,2,2,45.977844,301.74652,0.6356033,69.665764,-2.55733,-1.5571135,52,30,1,9,0.037513427,0.034537125,21.63307,0.006034825,0.0027815949,-0.00021743774,0.01606464385986328,0.01606611532128473,True
18431,-11,-1.6608369,2.349682,1,2,11.9028845,63.262173,0.2271474,24.960236,2.3425589,-1.6721281,48,24,1,7,0.04091477,0.038693834,13.924292,0.008057894,0.0046259463,-0.007123232,0.011291146278381348,0.013350296521251028,True
18431,11,1.5385257,-2.3599868,2,2,11.9028845,63.262173,0.9782839,20.837126,-2.3645477,1.5186032,43,25,1,9,0.04579175,0.04075563,19.35875,0.008635778,0.003493173,-0.0045609474,0.019922494888305664,0.020437907028335717,True
18437,11,1.0621719,2.6763158,2,2,94.808716,691.5368,0.7610642,125.25057,2.6835802,1.0734972,49,35,1,11,0.03416677,0.03441648,12.087649,0.004624225,0.0035899053,0.0072643757,0.011325240135192871,0.013454821322315074,True
18437,-11,-2.0846205,-2.674627,1,2,94.808716,691.5368,0.294113,123.846565,-2.687549,-2.0722106,51,33,1,13,0.060314648,0.034220837,13.933425,0.007621572,0.0028681033,-0.012922049,0.01240992546081543,0.017916070769762513,True
18441,-11,1.2496501,2.9267323,1,2,22.74076,208.08495,0.023067731,32.014843,2.898782,1.2377682,52,38,1,13,0.041071404,0.029140702,29.102303,0.0045903223,0.0027461222,-0.027950287,0.01188194751739502,0.03037102563469182,True
18441,11,-1.8745427,-2.8816793,2,2,22.74076,208.08495,0.3902658,26.639935,-2.8588803,-1.8909553,51,29,1,9,0.03267254,0.030244632,24.400257,0.003846545,0.002963314,0.022799015,0.01641261577606201,0.028092153122568488,True
18443,-11,-0.765614,-2.490122,1,2,18.625525,114.74823,0.28413418,27.815037,-2.4923143,-0.7614244,44,26,1,9,0.041406807,0.033808872,16.14337,0.007263396,0.0034149445,-0.0021922588,0.004189550876617432,0.004728460139395439,True
18445,-11,1.9582409,2.0578957,1,2,97.11009,388.06815,0.5460686,118.634315,2.0553513,1.9573036,46,18,1,9,0.019545795,0.018248929,9.557204,0.0052788467,0.002843346,-0.002544403,0.0009372234344482422,0.002711526282393711,True
18445,11,-1.1738075,-2.0670283,2,2,97.11009,388.06815,0.07956911,113.848656,-2.0634828,-1.1766796,47,20,1,13,0.017672604,0.013855115,6.871264,0.0047829216,0.003165095,0.0035455227,0.0028721094131469727,0.004562865718851232,True
18446,11,-2.9703548,1.4715419,2,2,97.90184,223.86752,0.9583651,1.7073331,1.4901206,-2.9787724,42,6,1,3,0.020375967,0.03195293,34.676823,0.0106968805,0.003998224,0.018578768,0.008417606353759766,0.020396732852014945,True
18447,-11,-1.0543301,2.2058582,1,2,32.400757,150.51985,0.72558063,43.553074,2.1993456,-1.0560194,41,18,1,9,0.034184102,0.01805073,7.2364254,0.008267633,0.0027406372,-0.006512642,0.001689314842224121,0.006728171247231126,True
18447,11,2.111695,-2.2288716,2,2,32.400757,150.51985,0.9972776,36.10734,-2.2294035,2.102932,34,20,1,11,0.027668849,0.017786307,8.445574,0.006241071,0.0033467917,-0.00053191185,0.00876307487487793,0.008779203351037114,True
18448,-11,2.3042784,1.5186129,1,2,40.313786,95.61286,0.21820304,36.35235,1.5198231,2.3035908,47,15,1,5,0.009816484,0.01823697,7.946974,0.0049525523,0.0026592233,0.0012102127,0.0006875991821289062,0.0013919078391567796,True
18448,11,-0.7958922,-1.4996792,2,2,40.313786,95.61286,0.9415998,28.21897,-1.5071342,-0.77502424,33,12,1,7,0.015989443,0.013919235,7.6477313,0.008034942,0.0033178343,-0.0074549913,0.02086794376373291,0.022159602286214553,True
18449,11,0.56471515,2.130032,2,2,14.9374,61.569317,0.2152139,20.195541,2.1226447,0.5704533,35,18,1,7,0.024005925,0.016279848,9.184545,0.00606938,0.0031027598,-0.0073873997,0.0057381391525268555,0.009354138864849542,True
18449,-11,-2.6369264,-2.0603704,1,2,14.9374,61.569317,0.8490223,21.857487,-2.059646,-2.639958,36,20,1,9,0.021384595,0.021190813,8.530279,0.0057485853,0.0030933067,0.00072455406,0.003031492233276367,0.0031168772431739633,True
18451,-11,1.1103584,2.4921908,1,2,17.22186,103.49734,0.5567668,31.212633,2.48696,1.1016345,51,29,1,43,0.03582994,0.026573278,40.353992,0.0060928925,0.0031132095,-0.0052309036,0.008723855018615723,0.01017192205118966,True
18451,11,-1.9961423,-2.4671128,2,2,17.22186,103.49734,0.96796155,27.584127,-2.4721708,-1.9904858,52,26,1,9,0.057020064,0.024139848,13.213233,0.009553956,0.00380917,-0.00505805,0.00565648078918457,0.007588125344150355,True
18455,-11,-1.5674933,1.8921103,1,2,48.57826,166.75156,0.5707675,58.12664,1.892617,-1.5701971,40,20,1,7,0.014517184,0.018168949,7.234509,0.004671338,0.0030954857,0.0005066395,0.0027037858963012695,0.002750843822598985,True
18457,-11,-1.428994,2.135937,1,2,23.169827,101.343704,0.31197023,30.161667,2.1384482,-1.4372278,51,15,1,9,0.021626445,0.02246668,12.180272,0.0051767128,0.0027033568,0.002511263,0.008233785629272461,0.008608232516209588,True
18457,11,1.7489706,-2.1755605,2,2,23.169827,101.343704,0.17289829,31.480913,-2.1819856,1.7505981,44,22,1,7,0.029670212,0.021793798,13.213027,0.006855828,0.003026524,-0.0064251423,0.0016274452209472656,0.006628048728684594,True
18461,11,-1.8944722,2.9486644,2,2,79.08472,776.69934,0.79297984,84.59361,2.9304698,-1.8823944,50,33,1,13,0.034299094,0.020192457,14.055655,0.0038731738,0.0021171435,-0.018194675,0.012077808380126953,0.021838490344203876,True
18463,11,1.2664754,1.9936292,2,2,81.88532,301.99612,0.7393231,104.52723,1.9926852,1.2691246,39,25,1,9,0.016368242,0.01832919,6.748715,0.004780374,0.0023148314,-0.00094401836,0.0026491880416870117,0.0028123598520613294,True
18463,-11,-1.8874695,-1.9652731,1,2,81.88532,301.99612,0.632401,89.80841,-1.9660418,-1.8872094,39,18,1,9,0.01710007,0.015188139,7.2479477,0.0050624902,0.0030842773,-0.0007686615,0.0002601146697998047,0.000811480216349123,True
18469,-11,1.6734083,2.5095694,1,2,63.98635,399.79968,0.4041393,51.964985,2.5054452,1.6935717,50,24,1,9,0.032620717,0.007031484,7.0489388,0.005690485,0.0022647653,-0.0041241646,0.020163416862487793,0.02058086764052291,True
18469,11,-1.4591274,-2.5284803,2,2,63.98635,399.79968,0.39295855,81.65923,-2.5350423,-1.4666567,49,24,1,9,0.024000812,0.02412086,9.451888,0.003811487,0.0027295228,-0.0065619946,0.007529258728027344,0.009987467596468022,True
18470,11,1.9483496,-2.9197204,2,2,44.705776,410.3212,0.9898229,48.99832,-2.9106672,1.961144,51,27,1,11,0.030427633,0.006160565,14.4289665,0.0034659295,0.0015858809,0.00905323,0.0127943754196167,0.015673449526939137,True
18473,-11,-1.7969891,1.9412514,1,2,51.476204,185.15392,0.3516092,68.39268,1.9389504,-1.7958933,43,22,1,7,0.02177141,0.012529332,10.292699,0.0066909343,0.0030596822,-0.0023009777,0.0010957717895507812,0.002548571004626893,True
18473,11,1.3647649,-1.965559,2,2,51.476204,185.15392,0.50605166,71.94009,-1.9677786,1.3602638,43,19,1,9,0.025380686,0.019370819,10.162889,0.00741858,0.0022320282,-0.0022195578,0.0045011043548583984,0.005018603109661469,True
18474,-11,-1.7174182,1.8230829,1,2,61.179295,194.00644,0.92177445,75.266716,1.8230177,-1.7174298,51,18,1,7,0.018129783,0.028407084,7.901717,0.006424006,0.0025966142,-6.520748e-05,1.1563301086425781e-05,6.622481076225293e-05,True
18474,11,1.4436979,-1.8197241,2,2,61.179295,194.00644,0.8836947,66.89534,-1.8197786,1.4429109,51,20,1,11,0.014106138,0.0121159265,6.7428102,0.0050402703,0.0029561224,-5.4478645e-05,0.0007870197296142578,0.0007889030216690228,True
18477,11,1.7248642,2.9670236,2,2,13.940887,135.94902,0.0,12.156242,2.9337742,1.7089052,52,23,1,11,0.03650574,0.033783127,40.38404,0.0040032114,0.0026125906,-0.03324938,0.01595902442932129,0.036881046186736266,True
18477,-11,-1.4431243,-2.9689612,1,2,13.940887,135.94902,0.009153814,18.095438,-2.9798882,-1.4355795,52,15,1,11,0.022402734,0.028541664,32.09474,0.0023054616,0.0005516429,-0.010926962,0.007544755935668945,0.013278623260014279,True
18478,11,-0.19112669,1.7375319,2,2,78.265816,230.22327,0.31293085,92.55506,1.7384741,-0.19222875,38,21,1,11,0.012205986,0.018218866,7.1742144,0.0047544497,0.002627961,0.0009422302,0.001102060079574585,0.0014499428316866062,True
18479,-11,2.189248,-1.8860964,1,2,76.774864,256.86227,0.8702119,82.168465,-1.8863926,2.1819384,52,19,1,9,0.017462894,0.018414041,8.3020735,0.0055766725,0.003083187,-0.00029623508,0.007309675216674805,0.007315675430100664,True
18479,11,-0.9376949,1.8693761,2,2,76.774864,256.86227,0.23762828,100.445305,1.8685955,-0.93661386,52,18,1,9,0.014274943,0.012760263,6.356061,0.0047183773,0.0025805184,-0.0007805824,0.0010810494422912598,0.0013334079734076433,True
18482,11,2.6030576,2.6891832,2,2,20.428152,150.98647,0.47148153,31.155811,2.7046907,2.6057858,50,28,1,9,0.038627025,0.023523858,13.334575,0.005003112,0.0025379108,0.01550746,0.0027282238006591797,0.015745618553735876,True
18482,-11,-0.562528,-2.6884947,1,2,20.428152,150.98647,0.9370384,30.105753,-2.700694,-0.53753805,43,26,1,9,0.03184138,0.02121499,10.9068,0.004221165,0.0032629783,-0.012199402,0.024989962577819824,0.02780869711568756,True
18485,-11,0.2550728,2.191642,1,2,16.03725,72.84905,0.95730937,25.782907,2.1852264,0.2746207,37,23,1,7,0.026630202,0.024711344,13.2760315,0.006338115,0.0037081297,-0.0064156055,0.01954790949821472,0.020573788172050404,True
18485,11,-2.8360627,-2.197136,2,2,16.03725,72.84905,0.36144897,27.678417,-2.194495,-2.8408139,41,19,1,7,0.04491879,0.021691598,18.529474,0.010345949,0.0033245285,0.0026409626,0.0047512054443359375,0.005435865761383594,True
18486,11,0.35768124,2.064326,2,2,99.87708,398.22845,0.07984312,123.329155,2.0622156,0.36341265,44,23,1,9,0.017441893,0.016509995,8.445556,0.004666858,0.0030561907,-0.0021104813,0.005731403827667236,0.006107628098855204,True
18486,-11,-2.7932217,-2.0559456,1,2,99.87708,398.22845,0.72073,118.60642,-2.0558627,-2.7906055,48,16,1,9,0.015446714,0.016164152,9.030431,0.0041405014,0.002523714,8.2969666e-05,0.0026161670684814453,0.002617482396426864,True
18487,-11,3.0452,-2.7933261,1,2,81.463326,669.6469,0.086303614,99.212296,-2.7892303,3.037222,46,24,1,13,0.020884315,0.017832179,12.216665,0.002594306,0.0022440508,0.004095793,0.007978200912475586,0.008968121799779167,True
18487,11,-0.09099818,2.7987328,2,2,81.463326,669.6469,0.38402197,76.54887,2.7973683,-0.07379724,52,26,1,13,0.041612413,0.013446894,19.304377,0.0049294685,0.0025787544,-0.0013644695,0.01720093935728073,0.017254972958813567,True
18488,-11,-2.7991843,-1.7600309,1,2,5.3207464,15.722848,0.5713608,2.0442638,-1.7451489,-2.7855568,37,14,1,5,0.04396631,0.025616284,19.59256,0.017195297,0.0022961637,0.0148819685,0.01362752914428711,0.02017876460073425,True
18489,11,-2.6814268,2.1193066,2,2,9.430413,39.105522,0.30032834,8.312505,2.1219583,-2.6619759,43,12,1,7,0.0283062,0.011400291,14.223718,0.00700494,0.003530788,0.0026516914,0.019450902938842773,0.019630819962108952,True
18489,-11,0.36561698,-2.0829895,1,2,9.430413,39.105522,0.02933564,16.281128,-2.090385,0.36850482,50,20,1,13,0.036214314,0.027754834,24.983547,0.009396617,0.002907908,-0.007395506,0.0028878450393676758,0.0079393423507513,True
18493,11,-0.7380862,-1.8250524,2,2,61.044636,194.61774,0.987488,69.72043,-1.826505,-0.7502464,40,16,1,9,0.017338198,0.0099771675,6.395696,0.0062083025,0.0028528974,-0.0014525652,0.012160181999206543,0.012246631042047571,True
18493,-11,2.3840804,1.8290269,1,2,61.044636,194.61774,0.46430996,77.191185,1.8250201,2.3826716,37,20,1,7,0.019192109,0.014366036,7.6010013,0.0069421777,0.002541177,-0.0040068626,0.0014088153839111328,0.004247317833345048,True
18494,-11,0.8621061,1.642817,1,2,90.49785,243.26392,0.79835486,111.72854,1.6456227,0.8598757,48,22,1,9,0.015142597,0.01210453,9.6909895,0.006481532,0.0022373009,0.0028057098,0.002230405807495117,0.003584231823700036,True
18494,11,-2.2635756,-1.6480544,2,2,90.49785,243.26392,0.2618244,106.20628,-1.6483412,-2.2625484,40,15,1,9,0.01164586,0.010527838,6.4712253,0.0049825064,0.0027558217,-0.00028681755,0.0010271072387695312,0.0010664021695865505,True
18496,11,0.747348,2.3900998,2,2,27.345041,150.23207,0.8183127,44.941845,2.3969471,0.747547,50,28,1,9,0.034856923,0.025030775,16.320253,0.006367034,0.0043934183,0.0068473816,0.0001989603042602539,0.0068502715177100855,True
18496,-11,-2.418454,-2.386764,1,2,27.345041,150.23207,0.8278904,33.81003,-2.3992088,-2.4271128,50,23,1,11,0.04138944,0.02655958,26.12291,0.007398239,0.0027662064,-0.012444735,0.008658885955810547,0.015160729758626862,True
18497,-11,-1.5830749,-2.9404154,1,2,41.789375,402.5828,0.9967919,43.33453,-2.9456115,-1.5625806,51,13,1,13,0.016457455,0.0149040185,19.85489,0.001743203,0.0010350847,-0.0051960945,0.02049434185028076,0.02114278708770902,True
18497,11,1.5675354,2.9712346,2,2,41.789375,402.5828,0.007515433,22.66291,2.9411578,1.5358512,49,11,3,9,0.04933429,0.007346315,23.485628,0.005523354,0.0034111647,-0.030076742,0.031684160232543945,0.043686341668529964,True
18498,-11,-0.80762964,2.42782,1,2,70.673676,405.57806,0.31255525,90.3554,2.4228652,-0.8053595,45,26,1,9,0.025863014,0.021796834,11.805118,0.0047519156,0.002865205,-0.004954815,0.0022701621055603027,0.005450121701330442,True
18498,11,2.3429818,-2.4376283,2,2,70.673676,405.57806,0.46013775,94.36911,-2.440287,2.339094,47,25,1,11,0.022174574,0.013229809,26.05316,0.004000411,0.002370849,-0.002658844,0.0038878917694091797,0.004710111866592694,True
18499,-11,1.0060312,1.9473968,1,2,54.74919,195.98953,0.4202342,68.86047,1.9484711,0.99337435,38,17,1,9,0.018160742,0.016862927,10.02316,0.00545982,0.0025864805,0.0010743141,0.012656807899475098,0.012702320143467026,True
18499,11,-2.116518,-1.949314,2,2,54.74919,195.98953,0.54713434,66.486565,-1.949249,-2.123151,40,20,1,7,0.020497665,0.020138357,9.506799,0.0059980303,0.0025674615,6.496906e-05,0.00663304328918457,0.006633361459721477,True
18504,-11,0.55542886,-1.6007661,1,2,18.114721,47.078793,0.95499855,21.428164,-1.6010163,0.5586814,27,14,1,7,0.010067092,0.014118166,5.390187,0.0046021966,0.002839933,-0.0002502203,0.003252565860748291,0.003262176401793803,True
18504,11,-2.5035598,1.6178354,2,2,18.114721,47.078793,0.50384086,23.770908,1.6132011,-2.4934158,52,27,1,7,0.0254327,0.048007775,32.52937,0.011666159,0.0025620419,-0.004634261,0.01014399528503418,0.011152444446397075,True
18506,11,0.82210135,-1.6013974,2,2,97.59891,252.28755,0.667774,106.5261,-1.6014832,0.8293287,31,17,1,7,0.012042625,0.008775099,5.769004,0.005496415,0.0027801958,-8.583069e-05,0.00722736120223999,0.007227870838270993,True
18506,-11,-2.3349166,1.60491,1,2,97.59891,252.28755,0.5832134,110.598816,1.6051961,-2.3358855,32,14,1,9,0.009563674,0.017775524,4.835014,0.004376906,0.0027026993,0.0002861023,0.00096893310546875,0.0010102900009565964,True
18507,-11,-0.56613314,2.8863554,1,2,65.83302,582.91095,0.054083,70.79703,2.891857,-0.5591407,52,35,1,11,0.022518698,0.02676713,18.208921,0.0024421366,0.0013827152,0.0055015087,0.006992459297180176,0.008897251520992256,True
18507,11,2.5816274,-2.8556008,2,2,65.83302,582.91095,0.8466197,55.617943,-2.825934,2.5827,52,29,1,13,0.04285541,0.019887786,14.397963,0.0053742044,0.0028363739,0.0296669,0.0010726451873779297,0.02968628549379573,True
18509,-11,2.415665,1.9686531,1,2,11.297428,41.20152,0.794797,14.998592,1.9684763,2.444363,51,16,1,7,0.027190639,0.028485008,17.740602,0.007948216,0.003898277,-0.00017678738,0.028698205947875977,0.028698750467627678,True
18509,11,-0.635402,-1.9674062,2,2,11.297428,41.20152,0.36440212,15.216348,-1.959868,-0.63520455,43,29,1,7,0.029567525,0.02284621,21.272284,0.009092487,0.0029567005,0.0075381994,0.00019747018814086914,0.007540785430876032,True
18514,-11,0.59633404,1.5920225,1,2,46.719925,121.008255,0.20005985,52.375454,1.5911311,0.5956002,46,15,1,9,0.010337716,0.013503022,6.340034,0.004860064,0.0025579745,-0.00089144707,0.0007338523864746094,0.001154650249583075,True
18514,11,-2.513107,-1.6188715,2,2,46.719925,121.008255,0.1037864,60.30144,-1.6158072,-2.5179212,49,18,1,9,0.014558608,0.02143329,8.645089,0.0066719013,0.0026211492,0.0030642748,0.00481414794921875,0.005706645267682188,True
18515,-11,-2.4363647,1.8018386,1,2,56.465034,174.41954,0.9100822,61.472492,1.8027762,-2.4377382,38,24,1,7,0.012233649,0.024108041,7.5416083,0.0043908684,0.0029664913,0.00093758106,0.0013735294342041016,0.0016630217499568251,True
18515,11,0.72697794,-1.7856643,2,2,56.465034,174.41954,0.07304089,68.48797,-1.782249,0.7318293,42,17,1,9,0.01786216,0.014275197,9.093948,0.0066230884,0.002767064,0.0034153461,0.004851341247558594,0.005932967351388022,True
18517,11,0.12923947,-2.7533946,2,2,72.63608,579.0395,0.27442342,87.273796,-2.7515686,0.13222499,51,24,1,13,0.024496915,0.023266936,8.931266,0.0032262863,0.0027993466,0.0018260479,0.002985522150993347,0.003499684754460639,True
18519,11,1.9874492,-2.8108847,2,2,94.53902,791.4769,0.3250133,96.699104,-2.8000638,1.9711616,49,25,3,11,0.023504047,0.016119061,11.031352,0.0029254335,0.0021184764,0.010820866,0.016287565231323242,0.019554434682767557,True
18520,11,-2.4562056,-2.2854576,2,2,9.953091,49.79599,0.6130957,21.811453,-2.3047948,-2.453722,42,28,1,7,0.049291715,0.042144183,16.203886,0.010034823,0.004052072,-0.019337177,0.0024836063385009766,0.019496018096175006,True
18520,-11,0.6118837,2.3011677,1,2,9.953091,49.79599,0.9222361,21.069788,2.3076174,0.63497174,42,25,1,9,0.048509307,0.0443255,12.494259,0.009697503,0.003681936,0.0064496994,0.023088037967681885,0.02397198612259569,True
18773,-11,-1.7654358,-2.0898945,1,2,83.43375,337.85406,0.10552508,102.02436,-2.088601,-1.7630239,51,22,1,13,0.0214508,0.021672439,8.352509,0.0056993947,0.002986433,0.0012934208,0.002411961555480957,0.002736877021805157,True
18773,11,1.3870842,2.0625226,2,2,83.43375,337.85406,0.70960045,104.54227,2.061489,1.3866534,39,17,1,9,0.015589459,0.017585944,6.645764,0.004243858,0.002875219,-0.0010335445,0.00043082237243652344,0.0011197420134789816,True
18774,11,-1.1168181,2.571684,2,2,5.9491014,38.907494,0.53623825,15.916277,2.5683618,-1.1087306,49,24,1,9,0.03443766,0.03646661,31.318958,0.00538514,0.004364056,-0.0033221245,0.008087515830993652,0.008743250148417087,True
18774,-11,1.9314598,-2.559468,1,2,5.9491014,38.907494,0.051398247,14.53881,-2.566059,1.9284079,46,20,1,5,0.028505059,0.03610358,18.134134,0.004380784,0.0034312094,-0.0065910816,0.0030518770217895508,0.007263353891716886,True
18776,-11,-1.2003554,1.6511451,1,2,10.543999,28.50749,0.26875886,18.798576,1.6458246,-1.2093134,49,18,1,7,0.030077979,0.031621255,23.00787,0.013550477,0.0031589426,-0.005320549,0.008957982063293457,0.010418909900642107,True
18776,11,2.076739,-1.653607,2,2,10.543999,28.50749,0.046250712,12.653392,-1.652992,2.0814133,33,13,1,7,0.01789852,0.013953243,6.561316,0.007644755,0.0029136632,0.0006150007,0.004674196243286133,0.004714481561957223,True
18781,-11,-0.437364,-2.797155,1,2,42.76845,351.78708,0.17274202,54.119007,-2.7928178,-0.43170944,47,22,1,11,0.023072276,0.019288104,19.50957,0.002849141,0.0023814293,0.0043370724,0.005654573440551758,0.007126317246762321,True
18781,11,2.7144892,2.7961679,2,2,42.76845,351.78708,0.94151497,40.80021,2.793433,2.6979666,47,22,1,9,0.028724998,0.008406119,14.934835,0.0034008387,0.0023043384,-0.0027348995,0.016522645950317383,0.016747462629663423,True
18784,-11,2.0036361,-1.7758497,1,2,59.998512,179.12495,0.10638458,72.06909,-1.7754769,1.9982003,33,19,1,9,0.014059792,0.013424446,7.3798137,0.0051694266,0.0029788958,0.00037276745,0.005435824394226074,0.005448590865119968,True
18784,11,-1.1167089,1.7397764,2,2,59.998512,179.12495,0.9946059,70.15371,1.7425511,-1.128917,40,26,1,11,0.021651436,0.016016383,7.9477973,0.007952928,0.0025285566,0.0027747154,0.012208104133605957,0.012519458933654762,True
18785,-11,2.0500078,2.070398,1,2,29.288109,117.21885,0.19216557,38.266407,2.0739202,2.0497417,32,18,1,9,0.01634193,0.012868265,6.0001745,0.0042275838,0.002473289,0.0035221577,0.00026607513427734375,0.0035321935140582004,True
18785,11,-1.0599443,-2.0577712,2,2,29.288109,117.21885,0.62748593,34.843998,-2.0549848,-1.0668449,42,16,1,7,0.021810772,0.024854109,8.803375,0.005996233,0.0029292654,0.002786398,0.006900668144226074,0.007441991280985853,True
18786,-11,1.3474954,2.3365622,1,2,6.2968674,32.789234,0.48357633,16.05393,2.357363,1.3574916,43,29,1,9,0.043706715,0.04493338,23.136398,0.008220685,0.0037904116,0.020800829,0.009996175765991211,0.023078085101318934,True
18786,11,-1.682616,-2.3321543,2,2,6.2968674,32.789234,0.50894904,9.139997,-2.3281107,-1.6469823,43,15,1,7,0.035743166,0.03145555,29.213026,0.007097715,0.002943778,0.004043579,0.03563368320465088,0.03586237458228347,True
18787,11,0.7798281,2.2644165,2,2,13.326447,64.20677,0.82083833,10.500363,2.25268,0.7615665,39,20,1,7,0.025156565,0.014701137,11.071119,0.0056038084,0.0029676883,-0.011736393,0.01826155185699463,0.021707767978342524,True
18787,-11,-2.418875,-2.245066,1,2,13.326447,64.20677,0.82611716,16.451674,-2.2501771,-2.4036546,43,16,1,7,0.026927507,0.019221364,15.535329,0.005716119,0.002949447,-0.0051112175,0.015220403671264648,0.016055691576780502,True
18789,11,-1.0831549,-2.2531016,2,2,98.92672,465.74857,0.984333,107.647995,-2.25345,-1.0836412,41,19,1,15,0.017425714,0.017396417,8.49558,0.003767265,0.002706909,-0.00034832954,0.0004862546920776367,0.0005981447122876772,True
18789,-11,2.0506015,2.2092953,1,2,98.92672,465.74857,0.4234209,119.606094,2.2150433,2.0544465,51,20,1,9,0.020847945,0.015279659,6.905186,0.0047195437,0.0028101406,0.0057480335,0.0038449764251708984,0.006915470656830471,True
18790,11,-0.46487856,2.1978302,2,2,78.145966,358.3427,0.045776084,94.34994,2.1965609,-0.46215573,52,22,1,9,0.01936501,0.018770276,9.2808485,0.0044420552,0.0027515455,-0.0012693405,0.002722829580307007,0.0030041681488828785,True
18790,-11,2.6664646,-2.2101219,1,2,78.145966,358.3427,0.033283036,92.276436,-2.2055738,2.6643293,38,24,1,9,0.018249251,0.012446543,7.089347,0.004284842,0.0021608023,0.004548073,0.0021352767944335938,0.005024377813158655,True
18791,11,-0.6392297,2.4094167,2,2,8.368126,47.9235,0.80074745,11.305353,2.3949196,-0.6497617,49,27,1,9,0.035903856,0.030985015,18.258585,0.006671818,0.0035550406,-0.014497042,0.010531961917877197,0.01791888496910174,True
18791,-11,2.4263673,-2.4527774,1,2,8.368126,47.9235,0.09254193,18.10733,-2.4646523,2.412643,43,24,1,30,0.04924649,0.032018147,16.562038,0.008290942,0.0028021429,-0.011874914,0.013724327087402344,0.01814857411183224,True
18793,-11,-0.7273941,1.8299855,1,2,36.02695,115.355644,0.6161978,45.33264,1.8299738,-0.7273361,52,20,1,9,0.017662328,0.020776005,12.764667,0.0060585933,0.0028753495,-1.168251e-05,5.799531936645508e-05,5.9160274822738266e-05,True
18793,11,2.4469683,-1.8332459,2,2,36.02695,115.355644,0.07615688,45.54298,-1.835118,2.449523,38,16,1,7,0.017801676,0.016330512,6.5809736,0.005982931,0.0031634183,-0.0018721819,0.002554655075073242,0.003167227111622786,True
18795,11,1.3587271,-2.1325076,2,2,47.311077,200.61475,0.8834503,59.365852,-2.1378868,1.3619046,39,15,1,11,0.027691752,0.020534279,7.154319,0.0066141468,0.0033071404,-0.0053792,0.0031775236129760742,0.00624759541957181,True
18795,-11,-1.8012807,2.1147768,1,2,47.311077,200.61475,0.14785185,62.217865,2.1176217,-1.8066612,39,22,1,9,0.02710296,0.020593,9.340427,0.006689484,0.0028986018,0.0028448105,0.005380511283874512,0.006086283626010644,True
18797,-11,2.5944288,2.7310903,1,2,5.639026,43.353336,0.21721518,12.4373865,2.713996,2.5982485,48,24,1,5,0.056001753,0.030170979,21.067064,0.007648128,0.0037198784,-0.017094374,0.003819704055786133,0.017515928749428714,True
18797,11,-0.46372375,-2.7266188,2,2,5.639026,43.353336,0.15530725,13.566257,-2.7312908,-0.4392784,50,33,1,9,0.04935307,0.030388469,29.741722,0.006180842,0.0039128247,-0.0046720505,0.02444535493850708,0.024887816955512253,True
18798,-11,-0.84559494,-1.7258315,1,2,74.55739,217.30597,0.20524643,94.259636,-1.7255872,-0.8478831,49,15,1,9,0.013168121,0.014394874,7.1200414,0.00516275,0.0024990032,0.00024425983,0.0022881627082824707,0.002301163063805286,True
18798,11,2.3136077,1.7383676,2,2,74.55739,217.30597,0.5370498,92.29801,1.7414856,2.3205442,50,19,1,9,0.013721018,0.017202007,9.245349,0.005221969,0.0023787317,0.0031180382,0.006936550140380859,0.00760512259591722,True
18803,-11,-2.2022595,2.683321,1,2,64.121506,462.72055,0.46047154,80.2019,2.6986554,-2.2084537,52,22,1,9,0.026200343,0.024450855,12.822815,0.0035452303,0.0022197296,0.015334368,0.006194114685058594,0.016538134654546413,True
18803,11,0.94716954,-2.6463456,2,2,64.121506,462.72055,0.43460745,77.88294,-2.6476831,0.9590943,52,17,1,7,0.022544809,0.022217628,8.673018,0.003235162,0.003076125,-0.0013375282,0.01192474365234375,0.01199952052945624,True
18804,-11,0.11060486,-1.8959302,1,2,52.181988,178.86517,0.7800536,65.84541,-1.8977765,0.11026157,42,20,1,7,0.020052478,0.025792414,8.758931,0.0062757106,0.0029433891,-0.0018463135,0.0003432929515838623,0.0018779572690408761,True
18804,11,-3.0100129,1.9102654,2,2,52.181988,178.86517,0.036658525,64.24259,1.9142296,-3.0104334,35,17,1,9,0.021243084,0.0179256,6.770148,0.006523007,0.0029345495,0.0039641857,0.00042057037353515625,0.003986432905281132,True
18805,-11,-0.3904697,2.37413,1,2,14.432801,78.75112,0.47931972,22.746883,2.3606658,-0.38343793,50,29,1,7,0.032924592,0.036484096,12.73571,0.006570474,0.002742857,-0.013464212,0.007031768560409546,0.015189824840668184,True
18805,11,2.7974262,-2.3889678,2,2,14.432801,78.75112,0.31623507,21.990877,-2.3957047,2.82025,52,23,1,9,0.03414876,0.042328145,13.311766,0.0060838438,0.0024059743,-0.006736994,0.022823810577392578,0.023797340492961488,True
18806,11,2.7297885,1.4932306,2,2,62.123188,145.49974,0.7186204,64.071556,1.4963951,2.7312868,36,17,1,5,0.013549376,0.020043237,6.4142833,0.006858871,0.0028589373,0.0031645298,0.0014982223510742188,0.0035012739130393365,True
18806,-11,-0.4390919,-1.4971371,1,2,62.123188,145.49974,0.9179608,68.107285,-1.4972249,-0.4232034,29,15,1,7,0.008787976,0.009136853,4.9930897,0.004470805,0.0023859884,-8.785725e-05,0.015888482332229614,0.015888725238901873,True
18808,-11,0.4885908,-1.7451143,1,2,68.73249,203.62222,0.920812,57.82824,-1.7471637,0.4952828,39,15,1,7,0.015986662,0.0151336705,5.863435,0.005961815,0.0025818453,-0.002049327,0.006691992282867432,0.00699875000671726,True
18808,11,-2.6342742,1.7537479,2,2,68.73249,203.62222,0.39803407,76.63707,1.752898,-2.628069,39,18,1,9,0.01148506,0.0107267145,6.448322,0.0043871156,0.0023171338,-0.00084996223,0.006205320358276367,0.006263260855888919,True
18811,-11,-1.4371257,-2.8493671,1,2,77.15703,659.00555,0.19118835,85.77709,-2.8541508,-1.4343863,49,21,1,11,0.03080528,0.008636058,11.696244,0.003737639,0.0018657494,-0.0047836304,0.002739429473876953,0.005512494296559071,True
18811,11,1.7099513,2.820038,2,2,77.15703,659.00555,0.56249785,58.922657,2.813665,1.735871,47,15,1,11,0.029764112,0.0051918975,10.938571,0.0036151295,0.0021975392,-0.006373167,0.025919675827026367,0.02669170008579124,True
18814,11,0.17140174,2.3836482,2,2,11.588161,63.334015,0.06449197,19.902216,2.3779547,0.17038411,48,26,1,9,0.03662624,0.033371717,16.46054,0.007099386,0.003837831,-0.0056934357,0.0010176301002502441,0.0057836649917983735,True
18814,-11,-3.0278242,-2.3828435,1,2,11.588161,63.334015,0.17486887,17.179691,-2.380522,-3.0242019,39,19,1,7,0.032737188,0.019703265,11.840502,0.006249521,0.0046315915,0.0023214817,0.003622293472290039,0.004302358335594996,True
18816,-11,2.2705657,-1.9032865,1,2,15.489147,53.68053,0.86885667,21.061758,-1.9108791,2.2804494,32,18,1,9,0.028895471,0.01451016,7.6033545,0.008894484,0.0035595046,-0.007592678,0.009883642196655273,0.012463352074735649,True
18816,11,-0.8012315,1.9263809,2,2,15.489147,53.68053,0.90607214,21.34431,1.9260955,-0.8290482,38,17,1,11,0.02777014,0.019472346,8.186659,0.008710685,0.0034152698,-0.00028538704,0.027816712856292725,0.027818176789494588,True
18817,11,-0.7483245,-2.338924,2,2,52.563984,279.83765,0.6929073,71.98227,-2.3457954,-0.7441584,44,22,1,7,0.026233993,0.027866723,10.370798,0.0050887316,0.0029319818,-0.006871462,0.004166126251220703,0.008035769816658796,True
18818,-11,0.74227715,2.8808596,1,2,53.18076,474.67996,0.5036783,70.83509,2.88683,0.73624593,52,38,1,11,0.03250739,0.035237182,32.56937,0.0035853523,0.0024622506,0.005970478,0.006031215190887451,0.008486587340670067,True
18818,11,-2.3917515,-2.877026,2,2,53.18076,474.67996,0.046538882,57.06787,-2.8804603,-2.3979943,52,38,1,13,0.033873957,0.02808539,24.7146,0.0036330603,0.0023135243,-0.0034341812,0.0062427520751953125,0.0071249950230635245,True
18819,11,0.39972982,-2.8783052,2,2,53.96394,485.5064,0.69963384,56.923717,-2.888216,0.38912094,52,33,1,9,0.027764043,0.0285757,21.826511,0.0030186109,0.0021851342,-0.009910822,0.010608881711959839,0.01451801521503029,True
18819,-11,-2.7492857,2.8956172,1,2,53.96394,485.5064,0.83992726,45.06066,2.9006836,-2.7811525,52,38,1,9,0.039566934,0.012799433,20.457962,0.004468311,0.0031506545,0.005066395,0.03186678886413574,0.03226702013842254,True
18822,-11,-1.9209721,-2.3371894,1,2,74.10448,382.66257,0.96248114,87.49465,-2.3380349,-1.9163798,44,16,1,9,0.025270084,0.02122872,11.951708,0.0049775266,0.0030335616,-0.0008454323,0.004592299461364746,0.004669472142056672,True
18822,11,1.2301295,2.3135946,2,2,74.10448,382.66257,0.14476825,95.35411,2.313605,1.2329347,41,22,1,9,0.02643235,0.019825492,9.573303,0.0054647336,0.0028809074,1.04904175e-05,0.0028052330017089844,0.0028052526165634555,True
18823,11,-1.3159337,-2.667553,2,2,84.248,619.2033,0.06055857,102.74014,-2.667199,-1.3191276,48,29,1,9,0.025205763,0.023060877,9.039548,0.0036534863,0.0026266589,0.0003540516,0.0031938552856445312,0.0032134193803481106,True
18823,-11,1.819797,2.6990151,1,2,84.248,619.2033,0.3603809,95.09012,2.7024798,1.8264836,51,24,1,11,0.022659983,0.010640165,8.422369,0.0030469191,0.0026256011,0.0034646988,0.006686568260192871,0.007530891900304196,True
18824,11,-1.1781929,2.2968864,2,2,43.06033,218.30052,0.9686898,54.56681,2.2973585,-1.1669788,44,16,1,11,0.021619475,0.025970418,7.748028,0.0045532607,0.0030142823,0.0004720688,0.011214017868041992,0.011223949647252832,True
18824,-11,1.9466565,-2.316328,1,2,43.06033,218.30052,0.95189166,48.32956,-2.3071249,1.9581574,39,23,1,11,0.033485275,0.020625498,7.1690025,0.007210605,0.0023209667,0.009203196,0.011500954627990723,0.01472992765635225,True
18826,-11,-2.40977,-2.6780505,1,2,54.1221,392.7673,0.0049644383,71.23896,-2.6825764,-2.4126222,52,31,1,9,0.039045367,0.019629112,19.94782,0.0053074937,0.0028317566,-0.0045259,0.002852201461791992,0.005349656420669959,True
18826,11,0.7411168,2.6626983,2,2,54.1221,392.7673,0.8378835,74.44804,2.6564276,0.7425438,44,25,1,11,0.037553098,0.025182487,12.099928,0.0055059623,0.0028092575,-0.006270647,0.001426994800567627,0.006430966339654101,True
18830,-11,-1.8238974,-2.3686101,1,2,44.80757,247.14359,0.92432755,59.75118,-2.3672159,-1.8203304,44,19,1,9,0.021005321,0.022685738,8.769575,0.004109655,0.003012287,0.0013942719,0.0035669803619384766,0.003829796717293371,True
18830,11,1.3324018,2.416857,2,2,44.80757,247.14359,0.10033916,60.694366,2.4231915,1.3340609,41,17,1,13,0.026489824,0.023695515,13.641375,0.004767975,0.003047592,0.006334543,0.0016591548919677734,0.0065482235681516,True
18832,-11,-0.8454443,2.8786552,1,2,28.836601,252.60936,0.22587897,33.996983,2.879347,-0.8528222,48,34,1,9,0.03272512,0.017542494,14.346764,0.003735644,0.003026235,0.0006918907,0.0073778629302978516,0.007410234421522376,True
18833,-11,-0.20919278,-2.0864136,1,2,44.995884,181.85287,0.33693582,57.106014,-2.0874693,-0.21039456,41,24,1,9,0.018188104,0.019910473,11.018424,0.004750352,0.003371412,-0.0010557175,0.0012017786502838135,0.0015996284872028623,True
18833,11,2.9527774,2.061993,2,2,44.995884,181.85287,0.47369063,54.523632,2.063702,2.9514914,45,20,1,7,0.021144103,0.016752485,9.960935,0.0056529343,0.002919455,0.0017092228,0.0012860298156738281,0.002138998641432245,True
18834,-11,0.63799745,-2.65071,1,2,56.472813,403.90308,0.66410226,71.289955,-2.6528544,0.64105123,47,25,1,9,0.02263876,0.026195018,9.13298,0.0032715336,0.0028510166,-0.0021443367,0.0030537843704223633,0.0037314579775891616,True
18834,11,-2.4946334,2.6606004,2,2,56.472813,403.90308,0.35472435,69.96567,2.669807,-2.509886,46,25,1,9,0.023280771,0.015189037,8.782778,0.0033068827,0.0028914846,0.009206533,0.01525259017944336,0.017815772900729665,True
18835,-11,-1.3338586,-1.9511921,1,2,90.18179,325.1799,0.15928629,103.68293,-1.9514275,-1.3328297,35,21,1,11,0.013487126,0.016965099,6.689281,0.0040787454,0.0027790118,-0.00023531914,0.001028895378112793,0.001055462361057978,True
18835,11,1.8192567,1.9606247,2,2,90.18179,325.1799,0.18180846,107.8405,1.9617214,1.8239712,33,19,1,9,0.01534084,0.016127069,6.44402,0.004529721,0.0025708477,0.0010967255,0.004714488983154297,0.004840373241329426,True
18837,11,-2.6156428,-1.5829381,2,2,8.312203,20.996923,0.23760659,9.512622,-1.585126,-2.5967107,43,11,1,7,0.032376762,0.019600423,19.85302,0.01649025,0.0030516835,-0.0021879673,0.018932104110717773,0.019058115513079957,True
18837,-11,0.33975872,1.575949,1,2,8.312203,20.996923,0.45757478,7.3351946,1.5744548,0.31757915,40,10,1,5,0.020332836,0.026127951,8.952861,0.009743669,0.0023414015,-0.0014941692,0.02217957377433777,0.02222984557881486,True
18839,-11,1.953348,-1.887902,1,2,82.33463,277.6782,0.69668174,91.529144,-1.8880179,1.9517244,40,17,1,7,0.0153307095,0.015276015,6.724254,0.0051005557,0.0028886949,-0.00011587143,0.0016236305236816406,0.0016277598918734808,True
18839,11,-1.1746844,1.8842689,2,2,82.33463,277.6782,0.28374663,99.09826,1.8846064,-1.1742665,37,23,1,9,0.02089963,0.013702006,7.7907515,0.0067076976,0.0030170917,0.0003374815,0.00041794776916503906,0.0005371909341446082,True
18840,-11,2.1120195,-2.773826,1,2,19.184658,153.6738,0.99528044,24.227304,-2.784365,2.1444798,52,38,1,7,0.058167532,0.02067309,37.272163,0.006741353,0.00275963,-0.010539055,0.03246021270751953,0.03412824469077703,True
18841,11,-0.13952094,2.3400784,2,2,40.161724,213.08514,0.29216656,50.18204,2.3453069,-0.13617092,47,20,1,9,0.025982248,0.017880734,22.81161,0.0050476147,0.002782588,0.0052285194,0.0033500194549560547,0.006209673554423179,True
18841,-11,2.9849558,-2.365969,1,2,40.161724,213.08514,0.72684926,52.07209,-2.3781395,2.9759789,52,29,1,11,0.033061124,0.020363767,10.62538,0.0061610136,0.0030334531,-0.012170553,0.008976936340332031,0.015123086490831167,True
18843,-11,1.8349749,-2.9411466,1,2,12.237099,117.46881,0.2307198,17.674345,-2.9294105,1.8582036,52,19,1,7,0.034876414,0.028292976,36.39526,0.0038453059,0.0026772032,0.011736155,0.023228764533996582,0.026025234450745276,True
18843,11,-1.2758927,2.9633038,2,2,12.237099,117.46881,0.23999059,24.056324,2.9508753,-1.2797127,52,32,1,7,0.0417763,0.03507998,40.46347,0.004514493,0.004045829,-0.012428522,0.0038199424743652344,0.013002312050209843,True
18844,-11,-1.5005083,1.6569431,1,2,80.41915,218.96922,0.15506497,94.854195,1.6560847,-1.5003749,42,16,1,11,0.010854302,0.01162053,7.215716,0.0046537914,0.0027725333,-0.0008584261,0.00013339519500732422,0.0008687287394779873,True
18844,11,1.6587071,-1.6616074,2,2,80.41915,218.96922,0.008603266,99.80704,-1.6630771,1.6599418,40,22,1,13,0.013605514,0.011231351,7.768082,0.005804494,0.0025185316,-0.0014697313,0.0012346506118774414,0.0019194979302265573,True
18849,11,-0.088687904,-2.7911348,2,2,73.95778,605.83905,0.9974836,68.28548,-2.7946599,-0.070402615,52,27,1,13,0.020775203,0.0063553457,10.127563,0.0025598835,0.0021863468,-0.0035250187,0.018285289406776428,0.01862196459592256,True
18850,-11,-1.643135,2.2401164,1,2,25.52243,120.226585,0.92807555,31.10097,2.239959,-1.6345724,47,26,1,9,0.030132163,0.020584498,10.035669,0.006701331,0.0034449105,-0.00015735626,0.008562564849853516,0.008564010614262615,True
18850,11,1.5289673,-2.22305,2,2,25.52243,120.226585,0.991529,35.884174,-2.2229548,1.5200384,41,27,1,9,0.027407477,0.02529656,10.405595,0.0062802564,0.0030666338,9.536743e-05,0.008928894996643066,0.008929404280695063,True
18851,-11,2.470436,2.3730137,1,2,97.59218,536.6285,0.12659493,119.97827,2.373538,2.4686668,47,22,1,11,0.019831792,0.015808882,9.241579,0.0038254696,0.002771729,0.00052428246,0.0017693042755126953,0.0018453481277076816,True
18851,11,-0.6643471,-2.405839,2,2,97.59218,536.6285,0.12606393,106.04894,-2.4046593,-0.6643443,44,24,1,9,0.023025217,0.023450324,7.300931,0.0041803527,0.0031473436,0.0011796951,2.8014183044433594e-06,0.0011796984556494495,True
18853,11,2.9575346,2.7566745,2,2,73.860756,596.31647,0.99868745,93.49164,2.7480571,2.9481854,46,28,1,11,0.03404345,0.020010151,11.431274,0.004591453,0.0019879052,-0.008617401,0.00934910774230957,0.012714771633529338,True
18853,-11,-0.1901236,-2.7995574,1,2,73.860756,596.31647,0.18952003,64.72804,-2.8116283,-0.21254018,52,30,1,9,0.03206395,0.02155084,17.58221,0.0038075312,0.0020643657,-0.012070894,0.022416576743125916,0.02545995692299522,True
18855,11,2.035253,1.511271,2,2,65.7081,156.34856,0.33316624,68.13678,1.5129634,2.0344756,46,14,1,7,0.008767741,0.013867496,5.810551,0.004448908,0.0025337576,0.0016924143,0.0007774829864501953,0.001862456979783637,True
18855,-11,-1.1316411,-1.5139947,1,2,65.7081,156.34856,0.9979607,52.703648,-1.5153913,-1.136972,48,14,1,7,0.008846223,0.01025036,10.070891,0.0045932657,0.0025856327,-0.001396656,0.005330801010131836,0.005510724770261239,True
18858,-11,-0.9648845,-2.0967426,1,2,37.540844,158.0207,0.7067335,52.35927,-2.1024117,-0.9635906,43,18,1,13,0.019585911,0.017537564,7.142521,0.0051004216,0.0021656007,-0.005669117,0.0012938976287841797,0.005814899664645937,True
18865,-11,-2.6682165,-2.028674,1,2,23.14801,90.25848,0.5672557,32.176167,-2.028273,-2.6650474,46,22,1,7,0.026529277,0.029340895,12.211193,0.007308624,0.0025222197,0.00040078163,0.0031690597534179688,0.0031943020578613247,True
18865,11,0.5145034,2.0456455,2,2,23.14801,90.25848,0.5508336,33.167385,2.0416949,0.5146093,39,17,1,7,0.018011628,0.018084453,9.617453,0.0049586757,0.0027194154,-0.003950596,0.00010585784912109375,0.0039520138248774804,True
18868,-11,-0.30896297,2.3161523,1,2,82.34736,424.31546,0.7217434,105.836685,2.3147078,-0.31692404,44,28,1,9,0.031462997,0.023611665,11.331966,0.0066304402,0.001861084,-0.0014445782,0.007961064577102661,0.00809106638431789,True
18868,11,2.8412633,-2.330158,2,2,82.34736,424.31546,0.7516099,105.2777,-2.3303301,2.8463428,51,23,1,9,0.026987929,0.016260415,13.793935,0.0051908973,0.0026221802,-0.00017213821,0.005079507827758789,0.005082423765982157,True
18869,-11,-0.8836302,2.2250748,1,2,17.246738,81.321526,0.07106704,23.706524,2.2292905,-0.88516957,52,23,1,9,0.024648273,0.024394426,10.881612,0.0053675957,0.0030046327,0.0042157173,0.0015393495559692383,0.00448796939759633,True
18869,11,2.303111,-2.240144,2,2,17.246738,81.321526,0.066069104,32.556896,-2.2629747,2.2975883,42,20,1,32,0.050049476,0.032040093,18.866379,0.0101752775,0.0030811923,-0.022830725,0.005522727966308594,0.023489199698294706,True
18870,-11,0.40938103,-2.3219426,1,2,82.144646,415.3463,0.21608907,91.03016,-2.3172834,0.40826967,42,23,1,11,0.0284734,0.011470565,7.3017488,0.006105982,0.0017503913,0.004659176,0.001111358404159546,0.004789889047653349,True
18870,11,-2.723405,2.28611,2,2,82.144646,415.3463,0.20896058,99.09206,2.2837696,-2.7277563,43,21,1,11,0.022738127,0.018469188,8.76461,0.004928954,0.002917406,-0.0023403168,0.004351377487182617,0.004940806475811584,True
18871,11,-2.5091562,1.7350805,2,2,51.17842,148.10149,0.013966122,64.7993,1.7325006,-2.5083346,35,19,1,9,0.01343885,0.011362835,6.155332,0.00530008,0.0031239463,-0.0025799274,0.0008215904235839844,0.0027075886663134635,True
18871,-11,0.60662866,-1.7139858,1,2,51.17842,148.10149,0.31843233,54.033527,-1.71492,0.5998161,41,18,1,9,0.014237455,0.02039923,6.8379445,0.0057623005,0.002444288,-0.0009342432,0.006812572479248047,0.0068763328985493154,True
18872,-11,-1.7475057,-2.6780202,1,2,99.823265,713.9944,0.907485,131.74721,-2.6797912,-1.752236,52,29,1,9,0.033015292,0.026040234,10.144148,0.00455806,0.0031940823,-0.0017709732,0.004730343818664551,0.005050989877005504,True
18872,11,1.3991646,2.63388,2,2,99.823265,713.9944,0.8396882,125.92198,2.6348076,1.4046036,52,24,1,9,0.026838385,0.026624853,9.648231,0.003912308,0.0027419461,0.0009276867,0.005439043045043945,0.005517589314458508,True
18873,-11,-1.8440899,1.6913086,1,2,41.729713,118.721634,0.108986296,55.302887,1.6930987,-1.8441223,36,15,1,9,0.0111714015,0.01101403,5.5798726,0.004544876,0.003081494,0.0017900467,3.24249267578125e-05,0.0017903403405603651,True
18873,11,1.3297964,-1.7216307,2,2,41.729713,118.721634,0.7768688,52.66267,-1.7229731,1.3323802,35,18,1,11,0.012752107,0.010865843,5.849954,0.005038296,0.0030426527,-0.0013424158,0.002583742141723633,0.00291166681587299,True
18878,11,-0.079652615,-1.6978106,2,2,41.4212,116.16331,0.17640524,48.39158,-1.6968269,-0.077638485,35,15,1,11,0.011046589,0.012621925,5.992776,0.004503497,0.0024363836,0.000983715,0.0020141303539276123,0.0022415210007303136,True
18878,-11,3.0288658,1.6841955,1,2,41.4212,116.16331,0.11793565,49.312725,1.6845572,3.0277052,37,16,1,9,0.010447904,0.011995146,5.9916673,0.004365133,0.0024731224,0.00036168098,0.0011606216430664062,0.0012156708982701422,True
18879,-11,1.4945906,-2.7602713,1,2,71.96898,565.2338,0.63757074,78.25827,-2.7555249,1.5012548,50,30,1,9,0.024256727,0.015516253,9.566657,0.003203419,0.0024026122,0.004746437,0.006664156913757324,0.008181665560709355,True
18879,11,-1.6406571,2.739985,2,2,71.96898,565.2338,0.8813914,82.756516,2.7393513,-1.6420277,52,18,1,13,0.024095016,0.0053309384,17.955225,0.0031857074,0.0025037853,-0.0006337166,0.0013706684112548828,0.0015100756939638868,True
18881,-11,-2.9744556,1.9640982,1,2,38.6706,140.68887,0.49927676,46.08059,1.9621593,-2.9736302,44,26,1,9,0.028271163,0.018123578,17.587063,0.008717834,0.0033057353,-0.0019389391,0.0008254051208496094,0.002107315451389019,True
18881,11,0.19365996,-1.9663035,2,2,38.6706,140.68887,0.94086957,41.93472,-1.964257,0.18255824,36,19,1,15,0.01333636,0.014385717,7.796662,0.0039586592,0.0027521846,0.0020464659,0.011101722717285156,0.01128876741941156,True
18883,11,2.9584327,-1.6723042,2,2,10.381497,28.480251,0.37924343,9.299241,-1.6717277,2.988572,33,12,1,5,0.024079097,0.017989885,9.682039,0.010370235,0.0028678274,0.0005764961,0.03013920783996582,0.030144720881141902,True
18884,11,2.6126242,-2.8138275,2,2,10.795121,89.882935,0.734199,11.167439,-2.8208737,2.583822,52,22,1,11,0.024596203,0.018268283,21.67588,0.0029828304,0.0020829157,-0.0070462227,0.028802156448364258,0.02965153402440075,True
18885,-11,1.3965758,-1.594838,1,2,7.9966288,20.704227,0.8487256,9.317681,-1.5940634,1.4147323,31,13,1,9,0.02137903,0.02203535,8.031481,0.009733626,0.0026204954,0.00077462196,0.01815652847290039,0.018173045022053424,True
18885,11,-1.5570488,1.6178651,2,2,7.9966288,20.704227,0.67476135,3.7639499,1.6331972,-1.5724658,43,16,1,5,0.03130835,0.027024282,12.786533,0.013509924,0.0036178012,0.015332103,0.015416979789733887,0.02174296750938136,True
18886,11,1.6409843,-1.6817139,2,2,16.853764,47.2204,0.94096625,20.02104,-1.6813469,1.6138961,52,12,1,7,0.017992776,0.012684839,9.904166,0.00729028,0.0028201542,0.0003670454,0.027088165283203125,0.027090651906841356,True
18886,-11,-1.5819751,1.69872,1,2,16.853764,47.2204,0.41963303,16.579306,1.6977166,-1.6009866,39,15,1,5,0.015069928,0.025791667,6.2298594,0.006095731,0.0025718291,-0.0010033846,0.019011497497558594,0.019037957288564708,True
18889,11,2.9564052,2.2815993,2,2,38.805363,192.21936,0.16312928,47.08194,2.2846546,2.9565797,45,24,1,9,0.023112563,0.024512615,10.19705,0.0049081845,0.0032891026,0.003055334,0.00017452239990234375,0.0030603144315561486,True
18889,-11,-0.20424135,-2.2841876,1,2,38.805363,192.21936,0.4217839,46.840614,-2.287154,-0.21084271,42,28,1,7,0.028237512,0.021374408,11.131821,0.005721497,0.0032225451,-0.002966404,0.00660136342048645,0.007237233673364224,True
18893,-11,1.62941,-2.5107365,1,2,38.219387,233.27913,0.21901715,47.72095,-2.5090408,1.6242727,41,25,1,9,0.021777386,0.021821467,8.982594,0.0036624859,0.002447349,0.0016956329,0.005137324333190918,0.005409923507148233,True
18893,11,-1.4965558,2.4800503,2,2,38.219387,233.27913,0.16179329,48.462975,2.4901779,-1.4971231,52,27,1,11,0.03628421,0.021564113,15.318492,0.00594522,0.0031142195,0.010127544,0.000567317008972168,0.010143421889853234,True
18895,-11,-0.89041084,-1.7463002,1,2,62.954254,183.10834,0.01841471,81.038795,-1.7474437,-0.89223987,44,18,1,9,0.018297374,0.014382704,6.468452,0.006913245,0.0033693681,-0.0011434555,0.0018290281295776367,0.002157042973969163,True
18895,11,2.2720711,1.713774,2,2,62.954254,183.10834,0.16839458,71.209564,1.7156352,2.2744465,50,16,1,7,0.01330244,0.010712049,8.158906,0.0052426113,0.002797601,0.0018612146,0.002375364303588867,0.0030176937555091137,True
18896,-11,-0.7610824,-2.0388696,1,2,54.671364,212.50975,0.13016485,69.08122,-2.039605,-0.764297,51,17,1,9,0.021445185,0.018048633,7.271751,0.0058045145,0.0026227792,-0.0007352829,0.003214597702026367,0.0032976172194312974,True
18896,11,2.398008,2.028827,2,2,54.671364,212.50975,0.9627471,66.41474,2.0298693,2.389449,42,22,1,9,0.025098383,0.021279791,9.8434925,0.0070320405,0.0029165158,0.001042366,0.008559226989746094,0.008622464473569973,True
18897,-11,1.0177758,-2.5583482,1,2,45.622265,298.39594,0.53343534,58.88988,-2.5608869,1.0219742,42,22,1,11,0.028314967,0.023852648,9.052777,0.004378322,0.0030133422,-0.002538681,0.004198431968688965,0.004906295177542796,True
18897,11,-2.1116211,2.5722675,2,2,45.622265,298.39594,0.09519935,58.97029,2.5794945,-2.1099372,49,28,1,9,0.027477331,0.017943317,10.786709,0.004110559,0.0022240581,0.007226944,0.001683950424194336,0.007420539614658182,True
18900,-11,1.5750204,-1.8460302,1,2,55.47906,180.82643,0.2339825,63.411602,-1.8472116,1.5758879,40,17,1,7,0.01606336,0.017765189,8.761889,0.005320293,0.002594497,-0.0011813641,0.0008674860000610352,0.0014656578538030304,True
18900,11,-1.5457457,1.8545644,2,2,55.47906,180.82643,0.6500735,63.04184,1.8544184,-1.5469507,36,22,1,7,0.012290379,0.017918345,6.7445636,0.0041742986,0.0027043044,-0.00014603138,0.0012049674987792969,0.0012137840981704428,True
18901,11,2.9006116,-2.6902373,2,2,65.33439,484.37274,0.93680936,84.55375,-2.6957865,2.898787,48,26,1,9,0.032012805,0.031751376,13.004292,0.004371346,0.0032744247,-0.0055491924,0.0018246173858642578,0.005841469473703518,True
18901,-11,-0.24845721,2.6935773,1,2,65.33439,484.37274,0.97744304,52.828503,2.6964536,-0.2692961,49,32,1,9,0.023198122,0.014846337,12.739956,0.0031779788,0.0025524374,0.0028762817,0.0208389014005661,0.02103646377651163,True
18903,-11,-0.24956246,-1.9638329,1,2,83.5862,303.50604,0.34375826,89.283104,-1.9595984,-0.25088763,39,20,1,9,0.012456429,0.013742961,6.642571,0.003679882,0.0023829604,0.004234433,0.001325175166130066,0.004436948671431485,True
18903,11,2.9043486,1.9624707,2,2,83.5862,303.50604,0.5813723,105.87025,1.9614866,2.9015863,41,19,1,11,0.015669571,0.016803732,7.1749477,0.00465717,0.003334944,-0.0009840727,0.002762317657470703,0.002932370692187873,True
18905,11,-1.0918375,2.662115,2,2,75.758736,547.71985,0.8929603,95.15438,2.660886,-1.0893754,47,28,1,11,0.02828108,0.021973863,10.613693,0.0039915126,0.0029511712,-0.0012290478,0.002462148666381836,0.002751860176755901,True
18905,-11,2.0431702,-2.6709886,1,2,75.758736,547.71985,0.75244206,88.917534,-2.671159,2.048325,47,23,1,11,0.026681762,0.01924333,8.6562195,0.0038560752,0.002960739,-0.00017046928,0.005154848098754883,0.005157666012649903,True
18906,-11,0.31258827,-2.6850762,1,2,63.524685,458.49216,0.21980165,82.19846,-2.701413,0.31758377,50,26,1,9,0.041690007,0.023397118,12.653049,0.00539179,0.0029349274,-0.01633668,0.004995495080947876,0.017083385880645282,True
18906,11,-2.8211117,2.6449976,2,2,63.524685,458.49216,0.49170777,83.05481,2.6402771,-2.816795,48,29,1,9,0.029047977,0.020438751,11.425739,0.0043293997,0.002799798,-0.0047204494,0.004316568374633789,0.006396515174154406,True
18907,-11,-0.39866516,-2.3878422,1,2,17.609127,94.22972,0.016344577,24.16812,-2.4062214,-0.4002229,42,25,1,7,0.060067125,0.016868379,12.937765,0.010443372,0.0031903838,-0.018379211,0.0015577375888824463,0.01844510664185451,True
18907,11,2.7816863,2.33622,2,2,17.609127,94.22972,0.030112373,25.200535,2.3385878,2.7790198,52,25,1,9,0.03090939,0.015983257,13.394064,0.0060952255,0.0034545523,0.002367735,0.002666473388671875,0.003565984979668582,True
18912,11,0.018788379,-1.839635,2,2,3.9757745,12.822371,0.9005781,28.88803,-1.841151,0.0069266604,40,17,1,29,0.016184175,0.025495589,11.455504,0.0055298186,0.0014355714,-0.0015159845,0.011861718259751797,0.01195820092171992,True
18914,-11,-0.77629906,-1.7961282,1,2,44.176025,136.55534,0.7861031,56.25191,-1.7944835,-0.782506,30,16,1,7,0.01511966,0.017642666,5.451844,0.0055204057,0.0028728258,0.0016446114,0.006206929683685303,0.006421115371895284,True
18914,11,2.393073,1.7928174,2,2,44.176025,136.55534,0.28873488,52.223362,1.7930477,2.3997488,43,29,1,9,0.014324963,0.015644101,20.563381,0.0052565895,0.0028014237,0.00023031235,0.00667572021484375,0.006679691921357149,True
18915,11,-1.3965036,-2.4980018,2,2,40.96053,251.7175,0.05109882,47.93281,-2.4892604,-1.4031067,45,20,1,9,0.03901954,0.014442634,8.751047,0.006992895,0.0025297322,0.008741379,0.006603121757507324,0.010955040682489252,True
18915,-11,1.7306542,2.506352,1,2,40.96053,251.7175,0.9559627,50.472507,2.5013998,1.736624,52,27,1,11,0.032160003,0.0265705,15.805501,0.005446692,0.0034984741,-0.0049521923,0.0059697628021240234,0.007756434492908096,True
18916,-11,-1.6258994,-2.9765751,1,2,30.930775,309.56866,0.001294949,31.463514,-2.9733016,-1.6267275,50,12,3,9,0.012838241,0.013302797,29.866894,0.0013005536,0.0004069318,0.003273487,0.0008280277252197266,0.003376588133267736,True
18917,-11,2.0584323,2.0476863,1,2,26.350458,103.33662,0.4182603,38.727207,2.0487695,2.0495305,52,22,1,9,0.035527825,0.028865507,10.751254,0.009671585,0.0021991557,0.0010831356,0.008901834487915039,0.008967487938765357,True
18920,-11,-1.3659725,-1.7850016,1,2,89.08884,274.10773,0.5969587,103.58304,-1.7875239,-1.3696045,40,17,1,9,0.011159184,0.013391601,6.754778,0.004120946,0.002493611,-0.0025222301,0.0036319494247436523,0.004421843675224578,True
18920,11,1.7894485,1.794065,2,2,89.08884,274.10773,0.43627828,111.98874,1.7955525,1.7906027,44,16,1,7,0.015819509,0.01490752,6.646216,0.005632294,0.003038288,0.0014874935,0.001154184341430664,0.001882758187970763,True
18922,-11,2.9449983,-2.8297915,1,2,47.00917,405.83542,0.7570994,61.999107,-2.8237722,2.9418314,51,23,1,7,0.03980494,0.040964607,19.46218,0.0049475776,0.0034241315,0.006019354,0.0031669139862060547,0.006801614889881767,True
18922,11,-0.18771787,2.8612287,2,2,47.00917,405.83542,0.20943114,50.741116,2.8678255,-0.17983633,52,31,1,9,0.040561367,0.021239283,17.134254,0.0046947366,0.003387953,0.0065968037,0.007881537079811096,0.010277959220342553,True
18925,-11,-2.334586,-2.3010993,1,2,47.337006,237.87997,0.8953754,65.526344,-2.294292,-2.3295286,40,26,1,11,0.032816853,0.027355669,10.3753395,0.007110319,0.0028036411,0.0068073273,0.005057334899902344,0.008480350279178896,True
18930,-11,1.2710526,2.7830355,1,2,60.365795,493.69263,0.50857097,58.229294,2.7588603,1.2716342,52,30,1,9,0.025559057,0.018626504,13.876964,0.0033941611,0.0018944945,-0.024175167,0.0005816221237182617,0.02418216202719147,True
18931,11,1.0398887,-2.6284103,2,2,90.57808,629.817,0.9446124,114.159454,-2.6194754,1.0409118,52,23,1,13,0.026951997,0.022109788,10.7945595,0.004034769,0.0025383197,0.008934975,0.0010230541229248047,0.008993353723156329,True
18931,-11,-2.107501,2.6258998,1,2,90.57808,629.817,0.99787974,106.079605,2.6229708,-2.0998795,45,25,1,13,0.027564818,0.017565142,10.127013,0.0040485472,0.0023714611,-0.0029289722,0.0076215267181396484,0.008164958562104386,True
18933,11,-1.9966063,-2.521245,2,2,80.56382,492.59213,0.777742,96.66499,-2.5115418,-2.0028262,51,31,1,9,0.03002744,0.022447983,13.177243,0.0051946896,0.0023348453,0.009703159,0.0062198638916015625,0.011525537115952942,True
18933,-11,1.137578,2.4734023,1,2,80.56382,492.59213,0.44693905,108.54815,2.4650695,1.1395861,47,25,1,9,0.028108452,0.022642825,8.479067,0.0047495957,0.0027781413,-0.008332729,0.00200808048248291,0.00857127548412661,True
18936,-11,2.1536665,-1.9732602,1,2,81.5062,295.5924,0.44170552,89.78133,-1.9709604,2.1525059,39,25,1,11,0.01876007,0.012910205,8.176045,0.0056934203,0.0026385202,0.0022997856,0.0011606216430664062,0.0025760543941083097,True
18936,11,-0.97530556,1.950647,2,2,81.5062,295.5924,0.33280492,96.124626,1.9491792,-0.9748669,45,17,1,11,0.016321084,0.014873851,7.304735,0.004868132,0.0031078767,-0.001467824,0.0004386305809020996,0.0015319608399456358,True
18938,-11,0.5507885,-1.9254315,1,2,14.1782465,49.499207,0.3013913,17.516571,-1.9171087,0.54233456,37,18,1,9,0.024156861,0.019384423,9.653475,0.0077616577,0.0024077466,0.008322835,0.008453965187072754,0.011863351567786208,True
18938,11,-2.5151198,1.919483,2,2,14.1782465,49.499207,0.061145835,21.442356,1.9227399,-2.5081503,44,30,1,7,0.02678516,0.032788355,21.577425,0.008279845,0.0027545444,0.003256917,0.006969451904296875,0.007692903769264662,True
18939,11,-2.8707733,-2.9267266,2,2,47.09813,434.03574,0.17315665,54.946247,-2.9305544,-2.8662739,52,38,1,11,0.028066643,0.029960027,20.482046,0.0030065305,0.0026726883,-0.0038278103,0.0044994354248046875,0.005907372570106599,True
18939,-11,0.2624987,2.895692,1,2,47.09813,434.03574,0.94341105,50.519653,2.88891,0.26835856,52,32,1,9,0.028184429,0.0064202747,16.63709,0.003210691,0.0019745363,-0.006782055,0.005859851837158203,0.008962930994262973,True
18941,-11,-1.8790282,-2.8443906,1,2,2.973935,25.340302,0.041253213,12.163831,-2.8160133,-1.8851221,52,29,1,7,0.0720288,0.028370004,31.510296,0.008513018,0.00417403,0.028377295,0.006093859672546387,0.029024230977197044,True
18943,-11,-0.66133416,-2.5287235,1,2,23.098455,147.13799,0.93284076,24.268446,-2.536578,-0.654057,46,16,1,11,0.027642105,0.0169668,9.355922,0.0042804214,0.002941523,-0.007854462,0.007277131080627441,0.010707436896330785,True
18943,11,2.5049613,2.5484948,2,2,23.098455,147.13799,0.8365943,32.70736,2.5536075,2.4986703,46,21,1,7,0.03847252,0.020725634,13.983764,0.0059690634,0.0031609235,0.005112648,0.006290912628173828,0.008106463499120654,True
18945,11,2.0596128,-2.4726005,2,2,22.457136,134.32341,0.90580547,32.788525,-2.4727232,2.0608177,44,28,1,7,0.037970264,0.024980953,23.341866,0.0065312437,0.0025657585,-0.00012278557,0.0012049674987792969,0.001211207236141608,True
18946,-11,1.3960601,-1.8864443,1,2,80.18735,272.9578,0.9996502,89.63432,-1.8863134,1.40512,49,29,1,13,0.020573838,0.015324202,8.686512,0.006786789,0.0028661056,0.0001308918,0.009059906005859375,0.009060851477554128,True
18947,11,1.9963787,-2.0757232,2,2,91.434525,370.9234,0.89600056,114.36651,-2.070539,1.994055,39,20,1,9,0.016499825,0.014678149,6.741962,0.0043407707,0.0025052773,0.0051841736,0.002323627471923828,0.005681100278745352,True
18947,-11,-1.1551583,2.080231,1,2,91.434525,370.9234,0.7249494,104.146194,2.0818985,-1.1512402,52,18,1,9,0.019878825,0.019524612,8.591877,0.005102202,0.0029686866,0.0016674995,0.003918051719665527,0.004258131515269621,True
18948,-11,-2.1904435,-2.1736612,1,2,73.64674,329.1487,0.09205145,90.86305,-2.1744053,-2.1810935,47,21,1,9,0.019463891,0.013407822,9.565222,0.004545832,0.0025929366,-0.0007441044,0.009350061416625977,0.009379623650819553,True
18948,11,0.96229917,2.1816049,2,2,73.64674,329.1487,0.8540746,80.637596,2.1796567,0.97389644,52,18,1,9,0.022958329,0.017459279,12.113642,0.0052737226,0.0025073395,-0.0019481182,0.011597275733947754,0.011759760582251486,True
18952,-11,-1.7106104,-1.9701852,1,2,50.23549,184.86884,0.9516752,58.782803,-1.970945,-1.704647,31,17,1,9,0.018288922,0.010412726,5.976792,0.0053556086,0.0027271095,-0.00075984,0.005963444709777832,0.006011657812101455,True
18952,11,1.4511019,1.9840592,2,2,50.23549,184.86884,0.050220005,62.90426,1.9764421,1.446781,39,17,1,9,0.016911957,0.01951968,7.3370504,0.005001404,0.0025602684,-0.007617116,0.004320859909057617,0.008757298928079062,True
18954,-11,-2.9313252,-2.919313,1,2,56.6262,521.0458,0.9783306,60.859295,-2.9022186,-2.9403732,51,23,1,7,0.0212145,0.0022601602,16.956923,0.0023402723,0.00097204157,0.017094374,0.009047985076904297,0.01934124232910485,True
18954,11,0.21720314,2.8998816,2,2,56.6262,521.0458,0.31044763,51.21209,2.906292,0.21841668,50,15,1,11,0.029634915,0.005419074,12.995418,0.0032883757,0.0022063984,0.0064103603,0.0012135356664657593,0.006524215608614694,True
18955,-11,1.5717018,-2.5013704,1,2,42.15856,261.1306,0.6699548,49.54271,-2.503208,1.5607519,48,22,1,11,0.02550453,0.01578264,12.393245,0.0042340984,0.003144358,-0.001837492,0.010949850082397461,0.011102954272637274,True
18955,11,-1.5558963,2.5190246,2,2,42.15856,261.1306,0.8002424,58.89768,2.5108182,-1.5554246,46,29,1,9,0.028336044,0.017469179,18.126959,0.0048382166,0.003239569,-0.0082063675,0.0004717111587524414,0.008219913499097339,True
18956,-11,1.3166586,1.6916074,1,2,91.43814,255.5538,0.5719119,108.018875,1.69138,1.3163221,31,17,1,9,0.011423091,0.012418301,6.1571865,0.004677832,0.0026253352,-0.00022733212,0.00033652782440185547,0.000406116814704625,True
18956,11,-1.8098818,-1.6829442,2,2,91.43814,255.5538,0.53529865,111.49035,-1.6831478,-1.8073329,35,15,1,9,0.012400906,0.011661144,6.2202334,0.005144111,0.0029610246,-0.00020360947,0.0025489330291748047,0.002557052287711015,True
18959,-11,-0.46884906,-2.9394858,1,2,79.87224,764.86035,0.9401706,94.21294,-2.938045,-0.4904762,52,31,1,11,0.027131397,0.0022813145,11.538393,0.0029274677,0.0015384811,0.0014407635,0.02162712812423706,0.021675065633855066,True
18959,11,2.6774666,2.959972,2,2,79.87224,764.86035,0.34071153,92.72689,2.9641228,2.6736016,52,28,1,11,0.02440895,0.012255338,12.863106,0.002573143,0.002423838,0.0041508675,0.0038650035858154297,0.005671679925683054,True
18961,-11,2.7670875,-1.8074453,1,2,43.78052,136.98866,0.31468552,47.678104,-1.8084469,2.7633708,34,15,1,9,0.011408431,0.013507507,10.123226,0.004004889,0.0025946177,-0.0010015965,0.003716707229614258,0.003849299679693694,True
18961,11,-0.34686467,1.8071836,2,2,43.78052,136.98866,0.28577214,52.922474,1.8084003,-0.34594744,43,16,1,9,0.014933389,0.013331259,9.003073,0.005288239,0.0032752138,0.00121665,0.0009172260761260986,0.0015236603501633124,True
18962,11,-2.2762852,-2.3262236,2,2,35.181007,181.91232,0.46211624,45.393387,-2.3285332,-2.2784479,48,20,1,9,0.021689335,0.0212316,9.016517,0.0043004462,0.0030910568,-0.0023095608,0.0021626949310302734,0.0031640670480846543,True
18962,-11,0.8452432,2.3271728,1,2,35.181007,181.91232,0.43942094,54.96655,2.33346,0.8458931,50,22,1,9,0.037327096,0.03404455,11.994011,0.0072347205,0.0036948891,0.0062873363,0.000649869441986084,0.006320832868508776,True
18963,-11,0.8392916,-2.245073,1,2,94.267334,449.2794,0.10564865,124.12585,-2.2481856,0.84038365,39,22,1,11,0.026293099,0.019086568,8.02908,0.0056316373,0.002457502,-0.0031125546,0.001092076301574707,0.0032985794547664357,True
18963,11,-2.2941606,2.2418654,2,2,94.267334,449.2794,0.1078585,122.236855,2.2396407,-2.2900128,46,30,1,11,0.023432303,0.02033411,9.976377,0.005182646,0.0029477198,-0.0022246838,0.004147768020629883,0.004706718319086927,True
18964,11,-1.7586893,-2.7914329,2,2,75.12658,634.27216,0.98566604,103.93341,-2.7909343,-1.7629802,52,26,1,9,0.031150568,0.02013782,9.053158,0.003850269,0.0032182462,0.00049853325,0.004290938377380371,0.004319801796232767,True
18965,11,2.1847522,-2.9726593,2,2,8.578771,83.33112,0.003085277,15.220358,-2.9443426,2.1700706,52,38,1,9,0.050052714,0.050447233,40.72647,0.005424251,0.0037069244,0.028316736,0.014681577682495117,0.031896492921398366,True
18965,-11,-1.0000906,2.9556077,1,2,8.578771,83.33112,0.0027291428,12.024769,2.9570892,-1.0087365,52,19,1,9,0.04065667,0.011263672,31.311228,0.004459045,0.0031938634,0.001481533,0.008645892143249512,0.008771909206811104,True
18966,-11,-1.0233245,-2.293189,1,2,87.792336,441.92795,0.6373123,120.641754,-2.29317,-1.0253326,47,23,1,9,0.025126345,0.024705024,10.445739,0.005253229,0.002354854,1.9073486e-05,0.00200808048248291,0.0020081710639309356,True
18966,11,2.1265435,2.3054652,2,2,87.792336,441.92795,0.24204005,105.3985,2.30425,2.1274357,39,21,1,11,0.01965762,0.019447034,6.850476,0.004139898,0.0027510829,-0.0012152195,0.0008921623229980469,0.0015075516512800143,True
18967,-11,0.2512229,-2.9296665,1,2,32.84373,308.5208,0.10123755,33.15017,-2.93453,0.2263544,52,36,1,11,0.024674602,0.02088872,25.53605,0.0026434716,0.002116645,-0.0048635006,0.024868503212928772,0.025339615033245336,True
18967,11,-2.8787189,2.931006,2,2,32.84373,308.5208,0.23228608,25.988256,2.9324558,-2.8976052,49,20,1,9,0.03418714,0.008676206,15.681662,0.0038468041,0.002045575,0.0014498234,0.018886327743530273,0.018941894398686494,True
18968,11,0.9245972,-2.6696064,2,2,8.215641,60.423138,0.8634246,19.076313,-2.6433864,0.90916336,50,33,1,9,0.05981737,0.045375574,24.553038,0.009022306,0.0039898353,0.026220083,0.015433847904205322,0.030425259894615517,True
18968,-11,-2.2769415,2.6985567,1,2,8.215641,60.423138,0.84002995,16.216152,2.7044022,-2.2583127,52,29,1,11,0.03869073,0.038358968,17.884401,0.005233067,0.003858637,0.0058455467,0.018628835678100586,0.019524444596382043,True
18969,11,-2.7620616,-2.2052937,2,2,89.79471,407.49182,0.2693434,107.968376,-2.2078173,-2.7708282,35,21,1,11,0.018691514,0.0118165575,6.3433046,0.0043416955,0.0023816389,-0.0025236607,0.008766651153564453,0.00912266603122253,True
18969,-11,0.37052557,2.1814163,1,2,89.79471,407.49182,0.29824585,116.924614,2.184873,0.3664582,44,27,1,9,0.024805622,0.026397929,10.114436,0.0057743867,0.0032251985,0.003456831,0.004067361354827881,0.005337893704621006,True
18971,-11,0.31022823,-1.908969,1,2,36.91461,128.70245,0.45780367,38.750298,-1.9096918,0.31289804,39,16,1,9,0.015276753,0.01605474,6.7068667,0.004845266,0.0028097918,-0.0007227659,0.002669811248779297,0.0027659144362564693,True
18971,11,-2.8022585,1.9328828,2,2,36.91461,128.70245,0.81517905,42.09316,1.9315126,-2.8023818,36,22,1,11,0.012698957,0.01936979,7.239835,0.003946392,0.0027749164,-0.0013701916,0.0001232624053955078,0.0013757247229973025,True
18972,-11,-0.3111804,-1.6408209,1,2,51.977856,139.7311,0.016320335,63.522045,-1.642659,-0.30948353,38,16,1,9,0.011438377,0.008990528,5.8642874,0.0049276906,0.0027051128,-0.001838088,0.0016968846321105957,0.002501596526365571,True
18972,11,2.8580685,1.6502851,2,2,51.977856,139.7311,0.7743541,52.83337,1.6509135,2.8706393,39,17,1,7,0.01563102,0.02265,7.3113976,0.0069401567,0.0027723815,0.00062835217,0.012570858001708984,0.012586552241517902,True
18980,11,-1.4855348,-1.7880182,2,2,63.467075,192.88135,0.8064154,73.91315,-1.7887954,-1.4954145,40,16,1,9,0.0153896175,0.016632987,5.925867,0.005676188,0.0024724058,-0.00077712536,0.009879708290100098,0.009910225007849834,True
18980,-11,1.636361,1.7650927,1,2,63.467075,192.88135,0.8462511,57.021507,1.7636633,1.6476649,40,15,1,9,0.011583913,0.012049675,9.053805,0.004367293,0.0030324108,-0.0014294386,0.011303901672363281,0.011393923279085933,True
18981,-11,1.7666831,2.479522,1,2,63.73428,390.14478,0.5663797,82.22037,2.4814713,1.7683764,46,27,1,9,0.024543846,0.026475174,10.950117,0.004133446,0.0029101109,0.0019493103,0.0016932487487792969,0.0025820344656082798,True
18984,11,-2.6489835,2.2997928,2,2,90.613525,445.08704,0.72672033,106.30628,2.2967234,-2.6437397,45,23,1,13,0.019691544,0.017128482,12.885779,0.004150938,0.0026576421,-0.0030694008,0.005243778228759766,0.006076053906808893,True
18984,-11,0.48436335,-2.2494602,1,2,90.613525,445.08704,0.586209,114.124954,-2.25417,0.47551662,41,27,1,11,0.019928264,0.022220433,10.3932,0.004365601,0.0029394305,-0.0047097206,0.00884672999382019,0.010022280159487298,True
18985,11,1.960518,2.5281227,2,2,16.452616,105.98404,0.31821284,22.290907,2.5077524,1.9750335,45,27,1,5,0.03924209,0.039681524,16.212084,0.0067273774,0.0031051808,-0.020370245,0.014515519142150879,0.025012940034565986,True
18985,-11,-1.2153248,-2.5722213,1,2,16.452616,105.98404,0.28207138,27.423021,-2.5716789,-1.2171288,40,26,1,9,0.042264678,0.031109136,12.666413,0.0066282586,0.0044702995,0.00054240227,0.0018039941787719727,0.0018837715404965204,True
18986,-11,-0.05946654,1.5709817,1,2,43.874302,110.582756,0.8936128,43.839115,1.5717974,-0.046895012,30,14,1,9,0.010563791,0.010585816,5.3258815,0.005030863,0.0029427423,0.00081562996,0.012571528553962708,0.012597959454343853,True
18986,11,3.1174982,-1.5805016,2,2,43.874302,110.582756,0.255812,51.0313,-1.5796025,3.1226542,34,15,1,9,0.011105238,0.012288737,5.1747265,0.00523582,0.002635849,0.00089907646,0.005156040191650391,0.0052338407448128,True
18987,-11,2.9025886,1.7599899,1,2,59.715763,179.01926,0.68794894,69.19055,1.7595451,2.9030502,39,17,1,9,0.017028285,0.020398745,8.73247,0.0066510625,0.00267716,-0.00044476986,0.000461578369140625,0.0006409951783068912,True
18987,11,-0.21772903,-1.7640287,2,2,59.715763,179.01926,0.9484258,68.65542,-1.7639134,-0.2284932,30,16,1,9,0.014537441,0.013652238,6.09282,0.005361019,0.0031270282,0.00011527538,0.010764166712760925,0.010764783947392309,True
18989,11,2.78982,1.5537852,2,2,29.801657,74.754395,0.082549766,35.26601,1.5561315,2.796508,35,16,1,7,0.012610241,0.0148290405,6.3272486,0.0060181324,0.002970965,0.0023462772,0.006688117980957031,0.00708773157949234,True
18989,-11,-0.40414432,-1.5877041,1,2,29.801657,74.754395,0.98152995,36.394608,-1.5868934,-0.38195077,40,13,1,9,0.012343143,0.015414849,8.399099,0.00565689,0.0027290264,0.00081062317,0.022193551063537598,0.02220835020283771,True
18991,-11,-2.6987166,-2.0825772,1,2,13.193148,53.942196,0.21601345,17.22607,-2.0862098,-2.696472,47,29,1,7,0.033547964,0.02325526,12.838244,0.008651103,0.0036948114,-0.0036325455,0.002244710922241211,0.004270142119965351,True
18991,11,0.5114606,2.0899422,2,2,13.193148,53.942196,0.02903815,17.111494,2.0886323,0.5141204,50,20,1,9,0.014419205,0.012345356,10.299708,0.0037689144,0.0025982338,-0.0013098717,0.0026597976684570312,0.0029648418909593082,True
18992,-11,-2.2329223,-2.858275,1,2,98.76633,863.8128,0.3819198,125.86736,-2.8490498,-2.2505257,52,23,1,13,0.047575094,0.021230021,11.277049,0.006003219,0.002102605,0.00922513,0.017603397369384766,0.019874169823567173,True
18992,11,0.91291255,2.8586504,2,2,98.76633,863.8128,0.60187274,80.94096,2.8844945,0.9220231,52,38,1,7,0.02855719,0.031710252,23.490606,0.0030754968,0.001875227,0.025844097,0.009110569953918457,0.027402916859739883,True
18993,11,-1.0703553,-2.4963984,2,2,68.887184,423.19305,0.08600122,80.81905,-2.498837,-1.0718981,52,30,1,9,0.028395554,0.01761859,8.822908,0.0047603482,0.0031060164,-0.0024385452,0.001542806625366211,0.002885611738894549,True
18993,-11,2.0626693,2.5072675,1,2,68.887184,423.19305,0.9891132,89.33977,2.502008,2.0600843,52,25,1,13,0.035213996,0.02741431,12.848655,0.006083887,0.003191547,-0.005259514,0.0025849342346191406,0.005860406989155519,True
18998,11,0.7920093,-2.0889182,2,2,89.47566,367.6998,0.99996364,108.129265,-2.0926962,0.79036593,40,24,1,9,0.018289156,0.019085668,9.781925,0.004659471,0.0026788788,-0.0037779808,0.001643359661102295,0.004119923507433975,True
18998,-11,-2.3596745,2.0937042,1,2,89.47566,367.6998,0.44182664,101.21712,2.095579,-2.3630316,41,25,1,9,0.02089282,0.020966467,7.6860385,0.005512739,0.0032238138,0.0018746853,0.0033571720123291016,0.00384513313041302,True
18999,11,2.3044317,-2.9102845,2,2,92.94193,847.917,0.101743646,110.93438,-2.912102,2.3078973,52,36,1,9,0.026510533,0.028878685,20.702162,0.002901691,0.0017173792,-0.0018174648,0.0034656524658203125,0.003913301082181842,True
18999,-11,-0.8414834,2.8916805,1,2,92.94193,847.917,0.32034153,106.618324,2.8921638,-0.8530945,52,35,1,11,0.028751314,0.025360584,18.779812,0.0032052724,0.002518465,0.00048327446,0.011611104011535645,0.011621157023731832,True
19001,11,1.3576317,-2.0051947,2,2,31.943863,121.27435,0.9450689,40.77463,-2.0060444,1.3530903,39,21,1,7,0.017025469,0.017225,10.122405,0.0048709707,0.0027637605,-0.0008497238,0.0045413970947265625,0.004620207585739959,True
19001,-11,-1.8145955,2.0137181,1,2,31.943863,121.27435,0.03032944,41.65395,2.013468,-1.8168685,39,17,1,9,0.016803242,0.014536498,6.8467617,0.0047900053,0.002833533,-0.0002501011,0.002273082733154297,0.0022868003119472543,True
19002,-11,-1.322472,-2.7816372,1,2,88.04581,710.7743,0.24141411,108.72826,-2.7889416,-1.3330162,52,33,1,11,0.031074807,0.02777781,14.123679,0.0037637234,0.0025726217,-0.00730443,0.010544180870056152,0.012827098240392165,True
19002,11,1.8240733,2.7739534,2,2,88.04581,710.7743,0.67614305,98.78432,2.762935,1.8277,50,31,1,11,0.035275135,0.021989489,12.999945,0.0046390835,0.0028635424,-0.011018515,0.003626704216003418,0.011600027819217625,True
19003,11,1.6025499,1.5793813,2,2,37.67373,93.644966,0.6646739,45.661697,1.5785016,1.6029668,37,15,1,9,0.010529042,0.012018319,5.865155,0.004968564,0.0031479963,-0.00087976456,0.00041687488555908203,0.0009735349740818487,True
19004,-11,2.265675,2.5166337,1,2,3.1304278,19.374556,0.9679003,7.7363153,2.5317562,2.2554173,45,29,1,7,0.042152025,0.023988115,20.87182,0.0067967274,0.0041309088,0.015122414,0.010257720947265625,0.018273156056855384,True
19005,11,-1.3773315,2.818476,2,2,72.126495,596.0419,0.9976474,78.86802,2.820247,-1.3821211,51,22,1,11,0.029662084,0.008483794,14.323425,0.0036206695,0.003141679,0.0017709732,0.004789590835571289,0.005106518037471583,True
19006,-11,-3.0122023,2.5195475,1,2,98.55121,608.1356,0.19210082,119.04597,2.5176225,-3.0064504,50,28,1,11,0.024969947,0.018536938,8.98165,0.004184424,0.003068778,-0.0019249916,0.005751848220825195,0.006065422544637311,True
19006,11,0.13539231,-2.4933097,2,2,98.55121,608.1356,0.39916605,117.54226,-2.4916797,0.13573374,48,29,1,13,0.032225605,0.022163035,12.592082,0.0053982735,0.0033406406,0.0016300678,0.00034143030643463135,0.0016654415968275708,True
19008,-11,0.15697531,1.7456056,1,2,74.67092,218.0249,0.72038215,93.33007,1.7434843,0.15803277,49,21,1,7,0.014587576,0.012134208,6.9693127,0.005724822,0.0025596246,-0.0021213293,0.001057460904121399,0.002370287211910029,True
19008,11,-2.9671059,-1.7224978,2,2,74.67092,218.0249,0.5855034,84.59208,-1.7230103,-2.9636538,34,16,1,11,0.012192213,0.015394517,6.7231984,0.0047384626,0.0024145541,-0.00051248074,0.0034520626068115234,0.0034898958052755535,True
19009,-11,0.7784276,2.4758995,1,2,30.334698,185.16388,0.695779,43.102184,2.4731052,0.76902103,51,27,1,9,0.033798754,0.025421016,14.369712,0.0057714344,0.003351408,-0.0027942657,0.009406566619873047,0.009812818995546603,True
19009,11,-2.3435917,-2.5151703,2,2,30.334698,185.16388,0.9002788,39.599957,-2.5156388,-2.3450003,48,18,1,11,0.027422572,0.026483659,8.2605505,0.0045836098,0.0031595975,-0.0004684925,0.0014085769653320312,0.0014844441037825634,True
19011,-11,-2.0229425,1.5337974,1,2,77.534515,188.81326,0.9874785,75.790276,1.5356184,-2.0137095,35,15,1,5,0.009845924,0.011905996,6.61856,0.004843627,0.0027653992,0.0018210411,0.00923299789428711,0.009410868229336828,True
19012,-11,2.2646654,2.7372892,1,2,50.533848,394.1653,0.89789486,69.409355,2.7155807,2.2531767,51,25,1,11,0.028667325,0.020013364,14.936605,0.003773937,0.0013883896,-0.021708488,0.011488676071166992,0.024561110635346325,True
19012,11,-0.86775327,-2.7490323,2,2,50.533848,394.1653,0.15526822,39.02709,-2.7418394,-0.8917905,51,24,1,7,0.024881061,0.013492524,13.965806,0.0033178583,0.0021391818,0.00719285,0.02403724193572998,0.025090358576081155,True
19013,11,1.5392042,2.0784652,2,2,34.393456,139.82092,0.12688886,45.588257,2.0779867,1.5331571,52,22,1,9,0.027375853,0.024355544,11.670159,0.007158847,0.002932729,-0.0004785061,0.0060471296310424805,0.0060660320516076095,True
19013,-11,-1.6288849,-2.0819173,1,2,34.393456,139.82092,0.58052266,41.01082,-2.0870378,-1.6297504,37,23,1,9,0.025467591,0.016525382,8.953571,0.00647491,0.003214198,-0.005120516,0.0008654594421386719,0.005193139969345584,True
19014,11,-0.37117997,-1.595396,2,2,4.320738,10.81998,0.7667095,7.450165,-1.5960133,-0.36199638,34,20,1,5,0.023705535,0.020583186,16.3804,0.010816375,0.0027643489,-0.0006172657,0.00918358564376831,0.009204306721444115,True
19016,-11,0.50406295,2.3348193,1,2,75.44821,387.32376,0.7688363,90.51513,2.3354673,0.5067214,45,19,1,9,0.020901812,0.019080667,11.649008,0.004183666,0.0028103448,0.0006480217,0.0026584267616271973,0.0027362684385878406,True
19016,11,-2.6281056,-2.3041127,2,2,75.44821,387.32376,0.08016333,92.840065,-2.3029985,-2.6311998,45,28,1,9,0.020996783,0.016159521,8.683919,0.0043363567,0.0031253821,0.00111413,0.003094196319580078,0.003288667892785802,True
19017,-11,2.8039103,1.9578055,1,2,52.540314,190.04974,0.8596865,63.995163,1.9578624,2.8045177,51,17,1,9,0.017007124,0.02360249,10.402592,0.0050499886,0.002813748,5.686283e-05,0.0006074905395507812,0.0006101459966321131,True
19017,11,-0.3180398,-1.9605745,2,2,52.540314,190.04974,0.73033035,66.47695,-1.9624226,-0.31069827,41,27,1,7,0.016214946,0.022536997,9.422653,0.0048429207,0.0024210538,-0.0018481016,0.007341533899307251,0.007570574586065457,True
19020,-11,-0.5829087,1.5909262,1,2,39.982933,103.20919,0.6847803,36.944065,1.5914309,-0.56240106,52,14,1,7,0.016600749,0.016018126,23.844496,0.0075415927,0.002747528,0.00050473213,0.020507633686065674,0.02051384395784677,True
19020,11,2.5964167,-1.612583,2,2,39.982933,103.20919,0.43801185,52.916763,-1.6119341,2.6030457,44,22,1,9,0.020484,0.02270163,12.8416815,0.009551909,0.0027280818,0.0006489754,0.006628990173339844,0.006660681628189933,True
19021,-11,2.6803167,1.9916158,1,2,88.09404,333.59412,0.21266207,105.01666,1.9935174,2.6803856,35,19,1,9,0.01458244,0.013953348,8.220027,0.0041913074,0.0032482964,0.0019016266,6.890296936035156e-05,0.001902874482262322,True
19021,11,-0.45012176,-2.0221708,2,2,88.09404,333.59412,0.8215451,113.5079,-2.023046,-0.44825482,48,22,1,11,0.021350555,0.02140228,8.043143,0.0058291466,0.0024216275,-0.0008752346,0.0018669366836547852,0.002061913720941815,True
19024,11,-0.22354902,2.1016474,2,2,54.264072,230.01888,0.068793274,77.66519,2.106105,-0.2207312,49,21,1,13,0.025028514,0.022903485,7.987744,0.0063954135,0.0026893578,0.004457712,0.0028178244829177856,0.005273645180576022,True
19024,-11,2.9020104,-2.1453588,1,2,54.264072,230.01888,0.7719835,65.428894,-2.1469798,2.907447,44,27,1,11,0.020544112,0.020306341,9.373532,0.0049270755,0.0028002602,-0.0016210079,0.00543665885925293,0.005673176021376441,True
22050,-11,1.1417322,1.9029665,1,2,15.297788,53.017925,0.63308704,7.545605,1.9039416,1.153883,40,12,1,7,0.023919154,0.016733047,10.389983,0.007439067,0.0035769425,0.000975132,0.012150764465332031,0.012189830166455196,True
22050,11,-1.9291823,-1.9267428,2,2,15.297788,53.017925,0.07933389,22.433567,-1.9276199,-1.9249065,40,16,1,9,0.024403406,0.019207215,8.246158,0.007458412,0.0028448317,-0.00087714195,0.004275798797607422,0.004364840588438745,True
22051,-11,-2.5047321,2.197807,1,2,32.082603,146.97743,0.14418669,38.459694,2.201405,-2.5032349,38,17,1,11,0.019692454,0.016088758,8.250116,0.0045348047,0.0032037029,0.0035979748,0.0014972686767578125,0.0038970804951690974,True
22051,11,0.6618624,-2.2082374,2,2,32.082603,146.97743,0.40117145,41.477047,-2.2069771,0.6570293,37,19,1,9,0.020499682,0.016236207,7.7097898,0.004728335,0.0022268246,0.0012602806,0.004833102226257324,0.004994715641876398,True
22052,11,-0.8016784,-2.8746433,2,2,79.0808,716.9009,0.54421496,93.74733,-2.8731408,-0.80197775,52,38,1,11,0.03134496,0.02655848,17.769726,0.0034189676,0.0025710657,0.0015025139,0.0002993345260620117,0.001532040839732155,True
22053,11,1.728208,1.7458699,2,2,91.45238,277.6466,0.87023383,114.25689,1.7464662,1.7236624,32,18,1,9,0.016184695,0.013158209,6.1605353,0.006149794,0.0035099054,0.00059628487,0.00454556941986084,0.004584512732296834,True
22054,-11,1.3162171,-2.0421693,1,2,21.44124,82.56552,0.8870865,28.518051,-2.038851,1.3284038,43,26,1,11,0.026330005,0.01705737,14.624142,0.0073243063,0.0036851713,0.0033183098,0.012186765670776367,0.012630456726072976,True
22055,-11,2.7629364,2.0723004,1,2,42.30487,170.43898,0.99637383,50.872482,2.0758593,2.7581778,38,24,1,9,0.021685898,0.012088404,7.5458956,0.0054712584,0.0027609388,0.0035588741,0.004758596420288086,0.005942207073915458,True
22055,11,-0.35693514,-2.0694435,2,2,42.30487,170.43898,0.07925592,50.52602,-2.0734239,-0.35647592,40,23,1,15,0.027643442,0.012937236,9.714206,0.0071647107,0.0033319625,-0.003980398,0.00045922398567199707,0.0040068013649161875,True
22056,-11,-0.9266916,1.755483,1,2,11.570876,34.338963,0.14336352,15.610319,1.7558634,-0.9354693,34,16,1,11,0.022534827,0.029264884,9.330499,0.008502041,0.003182047,0.00038039684,0.008777737617492676,0.00878597629405391,True
22056,11,2.325893,-1.7480304,2,2,11.570876,34.338963,0.64228773,2.9333668,-1.7401948,2.3352146,40,11,1,7,0.03066589,0.017420156,18.95601,0.012114946,0.0016743828,0.007835627,0.00932168960571289,0.012177476952762833,True
22057,11,2.4985492,-2.5624712,2,2,39.442886,255.61482,0.89877856,36.34791,-2.5581443,2.4946856,38,13,1,7,0.019404182,0.017040448,9.226357,0.0030474516,0.0014341077,0.0043268204,0.0038635730743408203,0.005800738792267376,True
22059,11,2.7020924,2.63302,2,2,8.833569,62.296387,0.59872156,13.12943,2.6358714,2.689213,44,22,1,5,0.023649205,0.030647632,17.166327,0.0033846,0.0025464755,0.0028514862,0.012879371643066406,0.013191254205099045,True
22059,-11,-0.49769342,-2.6501882,1,2,8.833569,62.296387,0.9682015,13.593101,-2.6435394,-0.4998751,49,25,1,7,0.04080936,0.029501282,18.9346,0.0059811785,0.0033094764,0.006648779,0.0021816790103912354,0.006997570016260315,True
22060,-11,-0.15305625,-2.031643,1,2,18.114447,71.381584,0.039734144,27.454834,-2.0409095,-0.15560503,38,20,1,9,0.03318822,0.03524164,14.328899,0.008764872,0.0033270377,-0.009266615,0.002548784017562866,0.009610746757606597,True
22066,11,-0.9606177,2.842464,2,2,31.279694,267.93225,0.8900363,26.68676,2.855959,-0.95138115,51,14,1,13,0.023084166,0.009617388,13.796759,0.002732341,0.0016207364,0.013494968,0.009236574172973633,0.016353240663109316,True
22066,-11,2.1674864,-2.832551,1,2,31.279694,267.93225,0.61181086,50.538116,-2.8226445,2.1606781,51,31,1,9,0.040074307,0.03429979,17.420254,0.004995795,0.0034622692,0.00990653,0.006808280944824219,0.0120204839902809,True
22067,11,-0.8670447,1.6583922,2,2,11.908145,32.83698,0.98329437,14.614719,1.6604083,-0.9042012,47,14,1,5,0.01345382,0.025730642,7.243115,0.00569687,0.0027174896,0.0020160675,0.037156522274017334,0.03721117675757904,True
22067,-11,2.1572714,-1.6886699,1,2,11.908145,32.83698,0.37358037,16.585497,-1.687943,2.1571574,40,17,1,7,0.024311146,0.02418225,8.482584,0.010359497,0.0022784916,0.00072693825,0.00011396408081054688,0.0007358172515346642,True
22069,-11,2.533956,2.2020452,1,2,84.38106,382.7894,0.25480333,104.989395,2.20178,2.5325596,45,29,1,11,0.023079878,0.020323772,8.618761,0.005350101,0.0033237569,-0.00026512146,0.0013964176177978516,0.001421362568744529,True
22069,11,-0.59802324,-2.183878,2,2,84.38106,382.7894,0.7388491,106.98279,-2.188922,-0.59281284,41,24,1,9,0.020780353,0.014504756,6.971575,0.004822593,0.0029791205,-0.0050439835,0.005210399627685547,0.0072518985452172955,True
22070,-11,-2.4933798,1.8932676,1,2,25.419832,87.56045,0.24769779,36.089237,1.8926486,-2.497228,42,22,1,9,0.01745154,0.022773989,15.483652,0.005625445,0.003517199,-0.00061905384,0.0038480758666992188,0.003897552503722017,True
22070,11,0.6910025,-1.9234947,2,2,25.419832,87.56045,0.83110404,33.132797,-1.9259231,0.6933611,31,17,1,11,0.022253264,0.031090202,9.824631,0.0069195786,0.003445347,-0.0024284124,0.0023586153984069824,0.0033852996080130176,True
22072,-11,-0.9428591,2.7953727,1,2,7.62022,63.437603,0.9775775,17.369783,2.7982657,-0.91327196,52,16,1,32,0.066798605,0.02498655,36.866123,0.007754145,0.00317441,0.002892971,0.029587149620056152,0.02972824757438045,True
22072,11,2.2557359,-2.8226285,2,2,7.62022,63.437603,0.13235554,18.45475,-2.7884526,2.2459326,52,28,1,7,0.05936046,0.02862678,41.41237,0.007494757,0.0035713245,0.034175873,0.009803295135498047,0.03555411175645432,True
22073,11,3.1161406,1.5782592,2,2,50.234894,127.06667,0.28640485,68.36108,1.5759329,3.1191492,48,16,1,9,0.013912883,0.015117942,12.235324,0.006841598,0.002461941,-0.0023263693,0.003008604049682617,0.0038031161539123274,True
22073,-11,-0.056198195,-1.580943,1,2,50.234894,127.06667,0.5248623,62.908947,-1.5815934,-0.056415044,41,17,1,9,0.014994111,0.015502916,6.1628637,0.006938429,0.0027544654,-0.0006504059,0.00021684914827346802,0.0006856029220870927,True
22074,-11,-1.9236715,2.3397927,1,2,68.144745,353.14676,0.18086538,88.99375,2.3476248,-1.9216654,45,31,1,11,0.027991083,0.021649158,13.910483,0.005325137,0.0025635334,0.00783205,0.002006053924560547,0.008084878974262522,True
22074,11,1.228313,-2.3182495,2,2,68.144745,353.14676,0.076458015,87.90949,-2.3185918,1.2350091,39,25,1,11,0.029239869,0.021571195,9.034336,0.0060968776,0.0032242702,-0.00034236908,0.006696105003356934,0.006704851885212749,True
22077,-11,-2.924412,1.9768876,1,2,29.788599,107.8024,0.28336468,32.76557,1.9734346,-2.9333148,36,15,1,9,0.014214521,0.01513671,5.645749,0.004213932,0.0025835226,-0.0034530163,0.008902788162231445,0.009548976850804847,True
22077,11,0.2518087,-1.9428564,2,2,29.788599,107.8024,0.76280147,27.588205,-1.9412796,0.23600052,40,18,1,7,0.022859382,0.015152484,11.906538,0.0072144503,0.003138619,0.0015767813,0.01580817997455597,0.015886623095861474,True
22080,-11,-1.7592641,-1.8359978,1,2,89.63945,286.19534,0.022386534,115.57431,-1.8399905,-1.7614392,39,23,1,11,0.01740007,0.012886787,7.1151977,0.0058179046,0.00275497,-0.0039926767,0.0021750926971435547,0.0045467015451593484,True
22081,11,-0.12035475,1.6425823,2,2,31.213923,82.29362,0.40278858,31.78369,1.6428444,-0.10824944,40,14,1,9,0.024737798,0.016574763,19.838251,0.010437456,0.002653484,0.00026214123,0.012105308473110199,0.01210814648294384,True
22081,-11,2.9741027,-1.6069783,1,2,31.213923,82.29362,0.537204,31.573812,-1.6074926,2.9669225,36,22,1,9,0.0123828985,0.009658542,7.0717363,0.0057314574,0.0027953952,-0.0005142689,0.007180213928222656,0.007198607124365237,True
22082,11,0.13045414,1.4879403,2,2,32.517334,75.46065,0.8923513,27.96683,1.48931,0.1309644,25,13,1,9,0.008161907,0.009264613,5.2483187,0.004218213,0.0026883204,0.0013697147,0.0005102604627609253,0.001461671694875431,True
22083,11,-0.116241485,2.4499624,2,2,61.04626,356.92828,0.59618795,83.63245,2.4529312,-0.114181384,47,26,1,9,0.033646084,0.029950984,13.477562,0.0059790676,0.0025963024,0.0029687881,0.0020601004362106323,0.003613546300918334,True
22084,11,-1.514924,2.2843244,2,2,72.376305,359.59244,0.9991677,89.396095,2.2878537,-1.5223399,48,26,1,11,0.02732596,0.016613316,10.88524,0.0056267437,0.0028078011,0.0035293102,0.007415890693664551,0.008212884137301672,True
22084,-11,1.6164875,-2.2875957,1,2,72.376305,359.59244,0.5951477,88.17487,-2.287048,1.6178601,52,22,1,11,0.016932802,0.015432412,9.827186,0.0035297202,0.0026181675,0.0005476475,0.0013725757598876953,0.0014777963238604462,True
22085,-11,2.1202948,2.8370974,1,2,19.585127,169.14345,0.98170066,15.449703,2.8302495,2.1064343,51,34,1,5,0.0555416,0.03413968,34.184395,0.006533565,0.0040132906,-0.0068478584,0.013860464096069336,0.015459806913220636,True
22085,11,-0.999934,-2.854528,2,2,19.585127,169.14345,0.18375929,29.02414,-2.8560572,-1.0169116,52,36,1,7,0.041621223,0.03486314,27.646147,0.0048545054,0.0037548956,-0.0015292168,0.01697760820388794,0.017046339320899127,True
22089,-11,0.08955583,2.1863832,1,2,38.92503,173.67622,0.3274568,48.12512,2.1802049,0.08263862,48,22,1,7,0.024140377,0.0182381,11.269344,0.00557504,0.0025774764,-0.006178379,0.006917208433151245,0.009274704410058631,True
22089,11,-3.0308325,-2.1655724,2,2,38.92503,173.67622,0.8332129,43.00025,-2.166405,-3.028954,39,20,1,9,0.02161864,0.024594678,7.9833264,0.0051967753,0.0027081133,-0.0008325577,0.001878499984741211,0.0020547297827792905,True
22095,-11,-1.3153431,2.2605567,1,2,52.697266,257.75543,0.4999388,69.95671,2.2629838,-1.3199669,42,28,1,7,0.027294703,0.018474476,17.23241,0.0058355783,0.00329962,0.0024271011,0.004623770713806152,0.0052220757879029535,True
22095,11,1.8405102,-2.27951,2,2,52.697266,257.75543,0.87019926,59.080944,-2.2781086,1.8300257,45,17,1,9,0.01894988,0.022569532,9.083432,0.004021895,0.0028088896,0.0014014244,0.010484576225280762,0.010577822507252888,True
22096,11,3.0238352,2.4926257,2,2,18.328554,112.17669,0.32494465,30.933983,2.4870682,3.016141,42,28,1,11,0.03406037,0.042285856,21.32203,0.005873746,0.0034702513,-0.005557537,0.007694244384765625,0.009491449563054042,True
22096,-11,-0.15018354,-2.503532,1,2,18.328554,112.17669,0.7569771,28.366758,-2.4920747,-0.146598,45,25,1,9,0.043114737,0.037975594,13.857209,0.007440342,0.003350738,0.011457205,0.0035855472087860107,0.012005152798540409,True
22099,-11,0.5785891,2.7983215,1,2,44.237934,363.08505,0.9239747,54.296997,2.8094058,0.58658856,51,29,1,7,0.028107785,0.02650441,15.400862,0.0033085486,0.0023977556,0.011084318,0.0079994797706604,0.013669447242394656,True
22099,11,-2.5530362,-2.7906406,2,2,44.237934,363.08505,0.1570426,51.200516,-2.7759666,-2.5363903,49,30,1,11,0.041854195,0.016260412,15.295456,0.005242426,0.0027822726,0.014673948,0.01664590835571289,0.02219033635122534,True
22100,-11,1.8231808,2.9788954,1,2,24.040361,235.59187,0.059672017,17.160172,2.94466,1.7873634,52,28,1,9,0.039279822,0.02488147,34.83898,0.0043088645,0.00351572,-0.034235477,0.03581738471984863,0.04954748222588149,True
22104,-11,-0.6204573,2.882533,1,2,46.076946,415.34314,0.5732331,50.095245,2.8867157,-0.62401366,51,14,1,11,0.026698342,0.0076544355,13.936778,0.0029384582,0.002639527,0.004182577,0.003556370735168457,0.00549014800652982,True
22104,11,2.5298066,-2.895211,2,2,46.076946,415.34314,0.3255461,61.115993,-2.9004538,2.5382433,52,38,1,11,0.030246988,0.04950884,21.157427,0.0032971306,0.0024993788,-0.0052428246,0.00843667984008789,0.009933014436989709,True
22106,-11,-2.522858,2.192934,1,2,30.788626,139.07326,0.06299774,38.18477,2.1946685,-2.5177953,38,20,1,9,0.01662831,0.01700698,8.764414,0.0038227397,0.0024598525,0.0017344952,0.005062580108642578,0.005351466226178124,True
22106,11,0.6451683,-2.1841807,2,2,30.788626,139.07326,0.9024573,41.503654,-2.1866775,0.64491355,49,21,1,9,0.02062728,0.021226093,14.064243,0.0048771733,0.0026146667,-0.0024967194,0.00025475025177001953,0.002509682301633257,True
22107,-11,-0.6362543,2.2033331,1,2,21.71481,101.02528,0.034295164,28.156261,2.2056532,-0.6337242,38,19,1,9,0.021326387,0.015127385,9.2672415,0.0049641435,0.0032121676,0.0023200512,0.0025300979614257812,0.0034327879597798225,True
22112,11,-0.47409993,1.5514245,2,2,49.58602,123.40281,0.64500856,65.21091,1.5522544,-0.4730801,41,19,1,7,0.010777458,0.014698448,7.360192,0.0051923892,0.0026999793,0.0008299351,0.0010198354721069336,0.001314859922949282,True
22112,-11,2.6357195,-1.5724683,1,2,49.58602,123.40281,0.3509273,58.16078,-1.5740271,2.6351004,44,15,1,9,0.012790291,0.016977277,6.148571,0.0059673106,0.0026005332,-0.0015587807,0.0006191730499267578,0.0016772514550414963,True
22113,-11,-1.5736737,-1.805258,1,2,10.770665,33.869324,0.60621274,10.166737,-1.8127731,-1.5418367,33,13,1,7,0.030399512,0.024701713,8.945156,0.010417193,0.0030825182,-0.007515073,0.03183698654174805,0.03271192494172067,True
22114,-11,-2.448752,1.9288163,1,2,84.37656,305.7179,0.05323554,99.04496,1.9358169,-2.448276,38,24,1,9,0.01895718,0.024033176,10.025508,0.005727984,0.0032885673,0.0070005655,0.00047588348388671875,0.007016721696665559,True
22114,11,0.70506185,-1.9942099,2,2,84.37656,305.7179,0.6361526,103.103516,-1.9944158,0.7050946,40,26,1,9,0.016066516,0.018162759,9.350695,0.004611014,0.003059442,-0.00020587444,3.272294998168945e-05,0.00020845881549692464,True
22121,11,-1.1888674,1.9585618,2,2,22.478521,82.02683,0.32117456,27.68087,1.9575088,-1.1739997,44,18,1,7,0.024484484,0.026563158,15.4536705,0.0073974263,0.002854452,-0.0010529757,0.014867782592773438,0.01490502321168775,True
22121,-11,1.9072417,-1.9783287,1,2,22.478521,82.02683,0.76948357,11.474681,-1.9809495,1.9101005,43,14,1,7,0.02647172,0.011624051,25.71617,0.0077596596,0.0023857616,-0.0026208162,0.002858757972717285,0.0038782953533545938,True
22123,11,-0.35244277,2.5033412,2,2,5.542785,33.91695,0.98194206,8.767372,2.5037766,-0.32852203,41,20,1,29,0.034309033,0.020654991,17.835983,0.005709481,0.0036098894,0.00043535233,0.02392074465751648,0.02392470598810712,True
22123,-11,2.6819782,-2.493277,1,2,5.542785,33.91695,0.1890162,12.037246,-2.4835477,2.6756992,45,25,1,7,0.037623893,0.029353444,20.015968,0.006583686,0.003843062,0.009729385,0.00627899169921875,0.011579579997355075,True
22125,-11,0.6299049,2.4008787,1,2,28.826973,157.76384,0.45208654,40.620106,2.3969007,0.6339947,43,29,1,13,0.03564756,0.024177223,13.993087,0.006563081,0.002970967,-0.003978014,0.004089772701263428,0.0057053339568704925,True
22125,11,-2.4885464,-2.3684053,2,2,28.826973,157.76384,0.35270265,36.92921,-2.3672428,-2.4904826,42,23,1,9,0.023461467,0.022398842,10.009067,0.0044538965,0.0034037554,0.001162529,0.001936197280883789,0.0022583918099043357,True
22127,11,-2.1710036,2.0809,2,2,43.46162,177.95059,0.536013,58.16257,2.0814111,-2.165247,50,22,1,9,0.022305107,0.023622815,9.871631,0.0058541656,0.002644685,0.00051116943,0.0057566165924072266,0.005779267149199693,True
22127,-11,0.9497865,-2.094218,1,2,43.46162,177.95059,0.1474425,50.38,-2.095734,0.95063806,44,18,1,11,0.01794342,0.018166041,6.6315556,0.0045552193,0.0028974856,-0.0015158653,0.0008515715599060059,0.0017386839298707355,True
22128,11,0.94127923,2.2873566,2,2,37.318245,185.16904,0.8954097,40.43601,2.2868402,0.92967755,40,17,1,9,0.022468366,0.0072169947,7.475367,0.00473516,0.0031668511,-0.00051641464,0.011601686477661133,0.011613174122898619,True
22128,-11,-2.2200878,-2.2819264,1,2,37.318245,185.16904,0.22231837,51.868618,-2.2786367,-2.2224617,52,21,1,11,0.025981558,0.02218914,11.879833,0.0054668044,0.002513153,0.0032896996,0.002373933792114258,0.004056807190448314,True
22129,-11,-0.7694053,2.5038836,1,2,57.375153,353.5034,0.461038,73.89819,2.5059485,-0.77319485,42,28,1,9,0.02329943,0.024287563,8.757439,0.0039019743,0.0026991079,0.0020649433,0.003789544105529785,0.004315626879062626,True
22129,11,2.3824024,-2.5056806,2,2,57.375153,353.5034,0.10401039,78.46325,-2.5041106,2.3814995,52,27,1,11,0.031998463,0.038356327,15.56333,0.0054731173,0.003276285,0.0015699863,0.0009028911590576172,0.00181109621684564,True
22130,11,-1.4481466,2.27134,2,2,96.87799,482.57578,0.12005995,122.37607,2.2706826,-1.4525917,41,27,1,11,0.02349203,0.019229744,7.935023,0.0049360245,0.003126223,-0.00065732,0.004445075988769531,0.0044934140870861155,True
22130,-11,1.6857892,-2.3061905,1,2,96.87799,482.57578,0.27589792,121.33416,-2.301822,1.6910015,41,23,1,9,0.021263868,0.01569064,7.4228396,0.004397578,0.0026175969,0.0043685436,0.005212306976318359,0.006800905594569584,True
22131,11,1.3476801,-1.495325,2,2,10.911679,24.964611,0.29800892,13.939734,-1.5025753,1.3441533,44,30,1,5,0.024768293,0.046333183,25.130844,0.012210672,0.0023177513,-0.007250309,0.0035268068313598633,0.008062589439798849,True
22133,-11,-0.5105117,2.648925,1,2,49.309124,349.37775,0.1206685,64.59701,2.641355,-0.5113512,52,25,1,13,0.025013806,0.0256795,11.234006,0.0036413192,0.0025349366,-0.0075700283,0.000839531421661377,0.00761643895793319,True
22136,11,-0.010376405,1.89908,2,2,5.8137794,19.893288,0.2955521,12.62214,1.8855394,0.020191077,40,26,1,9,0.035777505,0.03242667,18.086905,0.011494447,0.0033685905,-0.013540626,0.030567482113838196,0.033432312314911644,True
22138,11,-2.5938985,-2.7976854,2,2,96.58784,783.99023,0.5666364,108.4692,-2.794112,-2.5860841,52,25,1,11,0.023857862,0.011048502,7.8127065,0.002946588,0.0024306937,0.0035734177,0.007814407348632812,0.008592687356625443,True
22139,11,-2.6884103,2.58112,2,2,85.00182,565.9509,0.52938247,105.74735,2.5843678,-2.68349,45,27,1,9,0.023095233,0.022180047,11.932044,0.003600141,0.0029876437,0.003247738,0.004920244216918945,0.005895473203510193,True
22139,-11,0.4467721,-2.5854762,1,2,85.00182,565.9509,0.037839174,100.96371,-2.5812824,0.44719365,44,22,1,11,0.022322943,0.014769693,8.584735,0.0035074097,0.0026427617,0.004193783,0.0004215538501739502,0.00421491656482659,True
22141,11,-2.1712482,-2.730854,2,2,6.433847,50.362614,0.34762403,14.116854,-2.7272978,-2.167575,49,28,1,7,0.060972672,0.02159961,34.18902,0.008075046,0.0049295756,0.0035562515,0.0036733150482177734,0.005112745677107281,True
22141,-11,0.898582,2.7632818,1,2,6.433847,50.362614,0.81709754,17.296116,2.7286365,0.9337094,50,26,1,7,0.041419182,0.047152914,17.52858,0.0055894745,0.0037052203,-0.03464532,0.03512740135192871,0.049337940836239824,True
22142,-11,2.0034595,-2.3651931,1,2,81.506096,429.1393,0.33089435,101.03874,-2.360646,1.9999678,43,16,1,11,0.020013679,0.01468261,7.571574,0.0037989567,0.0022628948,0.004547119,0.003491640090942383,0.005733048316882945,True
22142,11,-1.1296532,2.3254461,2,2,81.506096,429.1393,0.6751552,110.8848,2.3279605,-1.1200693,52,27,1,9,0.025246624,0.025343519,12.033866,0.005061752,0.002536173,0.0025143623,0.00958395004272461,0.009908285227362265,True
22143,11,-0.29724443,-2.514908,2,2,78.15121,500.52182,0.028635902,99.32889,-2.5141678,-0.28993338,43,23,1,9,0.0287857,0.017852081,8.1669,0.0048852647,0.0029661327,0.0007402897,0.007311046123504639,0.007348430052898015,True
22143,-11,2.8370504,2.5740047,1,2,78.15121,500.52182,0.33286205,99.157104,2.5690079,2.832762,52,20,1,11,0.034150112,0.024431713,10.434931,0.0056161885,0.0024950856,-0.0049967766,0.004288434982299805,0.006584713400640592,True
22144,11,-2.2529144,2.579588,2,2,56.676632,373.80893,0.3498898,71.11265,2.5797007,-2.2616224,51,29,1,13,0.029742848,0.021870557,10.656961,0.004576965,0.0031716016,0.00011277199,0.008708000183105469,0.008708730373035049,True
22147,11,2.2508721,-1.6571826,2,2,40.819798,111.1567,0.6634267,54.12836,-1.6600198,2.2539473,35,15,1,7,0.013116185,0.025580587,6.2841606,0.0054738107,0.0028817432,-0.002837181,0.003075122833251953,0.004184014457965763,True
22147,-11,-0.92543995,1.6616411,1,2,40.819798,111.1567,0.6235394,48.476307,1.6617132,-0.9267153,35,13,1,9,0.011962757,0.018630508,5.705147,0.005122405,0.0025530069,7.212162e-05,0.0012753605842590332,0.001277398194761005,True
22148,11,0.6147553,2.3756459,2,2,29.65523,159.02849,0.7327868,41.727062,2.3793805,0.6158249,52,27,1,9,0.03789498,0.029413741,18.348095,0.007222954,0.00323262,0.0037345886,0.0010696053504943848,0.003884740376035105,True
22148,-11,-2.5497828,-2.3521094,1,2,29.65523,159.02849,0.48120737,37.819458,-2.353423,-2.552344,43,29,1,9,0.021789884,0.0199539,10.357885,0.004236151,0.0026763699,-0.0013136864,0.002561330795288086,0.0028785738350521977,True
22149,11,-0.7570147,1.8676605,2,2,96.66963,319.02798,0.50454193,114.596085,1.8672485,-0.7578001,40,16,1,11,0.010875457,0.010602312,6.54066,0.0035865041,0.002403608,-0.0004119873,0.0007854104042053223,0.0008869064450423385,True
22149,-11,2.3727918,-1.8590505,1,2,96.66963,319.02798,0.55612785,120.579185,-1.8596916,2.3719828,39,16,1,9,0.01145281,0.0121553745,6.015654,0.0038403806,0.002695885,-0.00064110756,0.0008089542388916016,0.0010321946827461044,True
22150,11,-2.5126338,2.4800885,2,2,22.943848,134.91939,0.565089,23.039652,2.4842706,-2.5397177,48,13,1,5,0.02912197,0.021593012,13.341246,0.0047484236,0.0022663388,0.0041821003,0.027083873748779297,0.02740485687836547,True
22150,-11,0.6019858,-2.4354234,1,2,22.943848,134.91939,0.51878965,34.909378,-2.4308643,0.6083213,51,22,1,9,0.035594735,0.02865018,16.010057,0.0065645226,0.0027878906,0.00455904,0.00633549690246582,0.007805342217341726,True
22151,11,1.8753281,2.8868432,2,2,36.743053,320.7884,0.29710165,32.293736,2.894433,1.9012975,52,21,1,9,0.036997896,0.019584147,29.097828,0.0041739466,0.0032581761,0.007589817,0.025969386100769043,0.02705576350523438,True
22151,-11,-1.2775621,-2.8274338,1,2,36.743053,320.7884,0.9099536,49.857655,-2.833352,-1.2694565,52,25,1,11,0.041579437,0.015747355,18.900467,0.0051191724,0.0027346958,-0.0059182644,0.008105635643005371,0.010036293219579493,True
22153,-11,0.96300054,-2.463221,1,2,79.85453,469.64246,0.88840485,106.49239,-2.469712,0.9573982,49,35,1,9,0.032930486,0.023357278,11.909718,0.0054961583,0.0029025744,-0.006490946,0.005602359771728516,0.008574311252298983,True
22153,11,-2.1708734,2.4520264,2,2,79.85453,469.64246,0.013495457,105.155914,2.4585037,-2.1732342,48,27,1,11,0.036390215,0.02560519,9.92895,0.0062040146,0.0031071224,0.006477356,0.002360820770263672,0.006894172532175023,True
22154,-11,1.8474255,1.6910077,1,2,49.884415,141.44855,0.93615335,63.181385,1.6915331,1.8455025,35,16,1,7,0.014045852,0.017455919,5.557589,0.005732919,0.0028454587,0.00052535534,0.0019229650497436523,0.001993437433328019,True
22154,11,-1.2670372,-1.7146614,2,2,49.884415,141.44855,0.57828104,63.198753,-1.7156205,-1.2648083,42,17,1,9,0.022079721,0.013684651,10.250549,0.008339315,0.0025612789,-0.00095915794,0.002228856086730957,0.0024264755132433397,True
22157,-11,2.0581865,2.5679526,1,2,15.345017,98.954185,0.14055163,27.446537,2.5560117,2.0483222,45,27,1,9,0.038215827,0.041420385,19.722393,0.006145666,0.0038136977,-0.011940956,0.009864330291748047,0.01548842936365136,True
22157,11,-1.0467387,-2.5343451,2,2,15.345017,98.954185,0.59478045,32.458782,-2.547708,-1.0544379,48,21,1,9,0.035332683,0.03766002,20.38428,0.0055553317,0.0033605222,-0.0133628845,0.007699131965637207,0.015422169619052416,True
22158,11,-2.12368,2.6240654,2,2,75.3302,536.53284,0.9798475,94.70367,2.6259377,-2.127463,49,26,1,9,0.027356636,0.027015423,11.13543,0.0039379215,0.0028152086,0.0018723011,0.003782987594604492,0.004220960376437727,True
22158,-11,1.0111533,-2.6795895,1,2,75.3302,536.53284,0.5126388,95.73536,-2.6698885,1.0093594,45,24,1,9,0.03444623,0.034175996,10.052533,0.0050344504,0.0024377424,0.009701014,0.001793980598449707,0.009865497064988947,True
22159,11,-3.1023602,-2.2987459,2,2,11.157171,57.29888,0.42438012,21.091703,-2.3112817,-3.095093,52,22,1,7,0.041109852,0.034922034,14.825891,0.008110768,0.002850526,-0.0125358105,0.0072672367095947266,0.014489971338758446,True
22159,-11,-0.024602493,2.3415318,1,2,11.157171,57.29888,0.37102562,20.486488,2.3530047,-0.019797418,46,28,1,7,0.044542983,0.02912204,16.98151,0.008409619,0.0034138432,0.01147294,0.004805075004696846,0.012438533091515222,True
22161,11,-1.97932,-1.9681222,2,2,56.297894,204.66492,0.29584205,67.42954,-1.9689333,-1.9761487,41,20,1,9,0.016989859,0.015740983,5.971761,0.0051287417,0.002441699,-0.0008111,0.0031713247299194336,0.0032734055297961007,True
22161,-11,1.1440526,1.9606948,1,2,56.297894,204.66492,0.32227337,70.74059,1.9622327,1.1466933,46,32,1,9,0.017752493,0.028469078,10.122177,0.005240957,0.0024448892,0.001537919,0.0026407241821289062,0.0030559154590687936,True
22162,11,2.9510808,-2.0720518,2,2,36.29361,143.62296,0.5398295,46.559105,-2.0776052,2.9539428,44,22,1,9,0.029032784,0.02836208,12.096289,0.0073413807,0.00276648,-0.005553484,0.0028619766235351562,0.00624756703121384,True
22162,-11,-0.21632624,2.0330918,1,2,36.29361,143.62296,0.100944124,47.690548,2.0354307,-0.2192357,38,24,1,11,0.014832424,0.017112272,7.1355224,0.004094413,0.0025136156,0.0023388863,0.0029094666242599487,0.003733012825070323,True
22164,-11,-2.414449,-2.14584,1,2,63.569984,274.33527,0.05143234,79.178085,-2.144436,-2.410919,48,26,1,9,0.015734885,0.0148220025,8.509298,0.0038596059,0.0024508275,0.001404047,0.0035300254821777344,0.0037990035352459205,True
22164,11,0.7405713,2.1375022,2,2,63.569984,274.33527,0.21246165,73.16716,2.137736,0.7459944,43,19,1,9,0.018552704,0.021366546,10.607239,0.004611804,0.003201228,0.00023388863,0.005423069000244141,0.005428110285433347,True
22166,-11,1.4719796,2.4603584,1,2,68.81348,412.4571,0.59480494,85.23729,2.4635415,1.480217,46,26,1,13,0.023976566,0.01801566,9.981936,0.004101261,0.0021699776,0.0031831264,0.008237361907958984,0.008830992307770267,True
22166,11,-1.6608207,-2.4936311,2,2,68.81348,412.4571,0.06837534,86.06343,-2.487431,-1.661187,46,18,1,11,0.029875346,0.015436832,6.842399,0.0049657836,0.002790303,0.006200075,0.0003663301467895508,0.006210888023000116,True
22167,11,-2.7191627,-2.1910775,2,2,66.89658,308.28693,0.16018032,79.72433,-2.1931922,-2.7187788,44,21,1,9,0.019035874,0.010870815,10.329892,0.004468595,0.0023090078,-0.0021147728,0.0003838539123535156,0.0021493272389343904,True
22167,-11,0.41049314,2.227378,1,2,66.89658,308.28693,0.90113443,81.08533,2.2249947,0.4154574,52,23,1,11,0.02060944,0.0157127,8.905412,0.0045237835,0.0023744898,-0.0023832321,0.004964262247085571,0.005506695468237346,True
22168,11,-2.7942398,1.5261843,2,2,24.366016,58.468285,0.17360885,26.692179,1.5283988,-2.7960992,42,28,1,5,0.016725188,0.023508016,13.762342,0.0081893,0.0029131253,0.0022144318,0.001859426498413086,0.0028915696316420634,True
22170,11,-1.7869561,2.4741411,2,2,66.8697,402.44244,0.16953057,93.350494,2.472583,-1.7757319,51,26,1,11,0.037296895,0.037403494,21.347225,0.0062148473,0.0030562948,-0.0015580654,0.011224150657653809,0.011331775049148562,True
22170,-11,1.345679,-2.4878721,1,2,66.8697,402.44244,0.09622171,89.451004,-2.4868848,1.3487272,49,27,1,9,0.03352292,0.02819176,11.945951,0.005723246,0.0029046854,0.0009872913,0.0030481815338134766,0.0032040840794985937,True
22171,11,2.7314968,-2.3228278,2,2,50.91098,262.15253,0.9387279,63.58692,-2.3217492,2.7330794,51,20,1,9,0.021234391,0.022341795,9.169658,0.0043462524,0.0025995665,0.0010786057,0.0015826225280761719,0.001915224325918187,True
22171,-11,-0.42408726,2.3220482,1,2,50.91098,262.15253,0.09130768,66.2631,2.3187628,-0.42509398,41,20,1,9,0.022811344,0.015590728,7.5503783,0.0046456163,0.0033050666,-0.003285408,0.0010067224502563477,0.0034361891609541524,True
22176,-11,2.988556,-2.1613164,1,2,70.03852,314.4779,0.9225769,89.467445,-2.1624286,2.9864314,43,29,1,15,0.022086931,0.016369399,9.2854,0.005145441,0.002927498,-0.0011122227,0.0021245479583740234,0.0023980707332366073,True
22177,-11,2.5719218,-1.4989791,1,2,16.01429,38.09572,0.9730941,18.491985,-1.5011852,2.5624194,51,14,1,7,0.014693281,0.018935507,8.399711,0.0073650847,0.0029156145,-0.002206087,0.009502410888671875,0.009755133673503497,True
22177,11,-0.46578366,1.5267735,2,2,16.01429,38.09572,0.036727022,18.075138,1.5266064,-0.46462625,40,12,1,7,0.01426331,0.012459467,8.559706,0.007120078,0.003991653,-0.00016701221,0.0011574029922485352,0.0011693907671568627,True
22179,11,-1.3843673,-2.7282884,2,2,23.39191,175.56122,0.88670874,21.594154,-2.711201,-1.4062707,52,21,1,7,0.049466576,0.012038212,19.666946,0.00665564,0.0032833696,0.01708746,0.021903395652770996,0.027780208958824673,True
22179,-11,1.7365454,2.6808765,1,2,23.39191,175.56122,0.47697985,28.78698,2.6983542,1.7327868,48,19,1,9,0.04649811,0.007651682,17.43233,0.006053224,0.0011033657,0.01747775,0.003758668899536133,0.017877342059212414,True
22182,11,1.3454986,2.7785802,2,2,72.16309,577.43164,0.917956,58.903595,2.7668743,1.3170136,52,31,1,13,0.045373518,0.020040222,31.833214,0.0056054113,0.0037463957,-0.011705875,0.02848494052886963,0.030796417812022095,True
22182,-11,-1.8023514,-2.7592802,1,2,72.16309,577.43164,0.33691168,85.68391,-2.7620387,-1.8030503,51,29,1,9,0.021701215,0.01666529,10.776582,0.0027842037,0.001979592,-0.002758503,0.0006989240646362305,0.002845669201121967,True
22184,-11,1.1120188,1.6962372,1,2,92.802376,262.46442,0.5354659,107.922745,1.69649,1.1113287,40,17,1,9,0.012136406,0.01250832,6.4038258,0.005043167,0.002692549,0.0002528429,0.0006901025772094727,0.0007349633329207704,True
22184,11,-2.0149226,-1.7037148,2,2,92.802376,262.46442,0.924172,102.93702,-1.7035285,-2.0054023,38,17,1,9,0.010430177,0.019240566,6.787208,0.0041998667,0.0024541535,0.00018632412,0.009520292282104492,0.009522115406475134,True
22185,-11,1.9339677,1.7286763,1,2,22.588877,65.483055,0.6886215,24.662706,1.7272904,1.9325339,40,16,1,7,0.018067183,0.01983024,11.754137,0.0072474536,0.0029516097,-0.0013859272,0.0014338493347167969,0.0019941710213529735,True
22185,11,-1.1492447,-1.7242179,2,2,22.588877,65.483055,0.049964458,30.046339,-1.7217681,-1.1500571,45,23,1,7,0.018107092,0.021290425,12.111394,0.0073184776,0.002730773,0.002449751,0.0008124113082885742,0.0025809478007813966,True
22188,11,-1.3412641,-1.9467708,2,2,92.27323,327.51343,0.91780293,110.91519,-1.944681,-1.3465438,43,16,1,13,0.016988305,0.014381113,9.052449,0.0051778504,0.0024183847,0.0020897388,0.005279660224914551,0.005678188133326701,True
22188,-11,1.7888895,1.9322187,1,2,92.27323,327.51343,0.79152536,115.64428,1.9364951,1.7877619,42,18,1,15,0.018988362,0.016095353,7.9413333,0.0057481537,0.0024083436,0.004276395,0.0011276006698608398,0.004422560008435855,True
22191,11,-0.97292626,1.885411,2,2,25.586336,86.840195,0.30705303,29.29339,1.8874891,-0.96377003,47,18,1,7,0.019431219,0.013976752,7.6687727,0.0062188995,0.0032070326,0.0020780563,0.009156227111816406,0.009389079457351634,True
22191,-11,2.1254158,-1.9002271,1,2,25.586336,86.840195,0.58859295,26.656116,-1.8992003,2.115059,41,14,1,9,0.025139064,0.024841001,9.135861,0.008119326,0.0036107346,0.0010267496,0.010356903076171875,0.01040767294252143,True
22192,-11,-2.5020866,2.475944,1,2,79.68451,466.81912,0.27993834,89.99695,2.4762297,-2.4855952,45,20,1,9,0.02199784,0.020517226,8.745872,0.0037815284,0.002871538,0.00028562546,0.016491413116455078,0.016493886397077835,True
22197,-11,1.2991164,2.285952,1,2,52.645977,261.20514,0.9990124,71.091774,2.2864418,1.2970487,52,23,1,7,0.031751566,0.032866962,10.685584,0.006485733,0.003203297,0.00048971176,0.0020676851272583008,0.0021248857368836895,True
22197,11,-1.828466,-2.2831652,2,2,52.645977,261.20514,0.28172636,62.89207,-2.2867088,-1.8271966,43,24,1,9,0.032934375,0.02144963,10.39599,0.0065812385,0.0029443402,-0.0035436153,0.0012694597244262695,0.0037641383637413597,True
22198,-11,1.8963889,2.057998,1,2,84.00988,339.6213,0.15603414,99.85525,2.0590744,1.8897325,42,20,1,9,0.020209072,0.022674002,8.429447,0.005358748,0.0028175835,0.0010764599,0.0066564083099365234,0.006742887913572003,True
22198,11,-1.2342923,-2.091078,2,2,84.00988,339.6213,0.67818105,110.37295,-2.09226,-1.2340571,42,19,1,9,0.024436569,0.022058282,8.039833,0.006253813,0.0034432092,-0.0011818409,0.0002351999282836914,0.001205017366809608,True
22203,-11,-2.7388952,1.9358525,1,2,10.278004,36.91632,0.7351816,19.514997,1.9373806,-2.7303255,47,23,1,7,0.036310986,0.03521969,26.522686,0.011107037,0.0029252586,0.0015280247,0.008569717407226562,0.008704878849564016,True
22205,11,3.035437,2.7312083,2,2,45.970345,352.60355,0.29129827,58.459717,2.735069,3.0412643,47,23,1,13,0.029792827,0.023029257,10.721433,0.0040032365,0.0029257203,0.003860712,0.005827188491821289,0.006990080343324489,True
22205,-11,-0.11641124,-2.7212625,1,2,45.970345,352.60355,0.23587023,54.54125,-2.7181716,-0.10327791,46,27,1,13,0.036440905,0.016739434,11.38129,0.004696927,0.0032253102,0.0030908585,0.013133332133293152,0.013492139153591773,True
22206,-11,-1.0467176,-1.5365887,1,2,17.71793,42.793613,0.38189024,24.49336,-1.5380592,-1.061325,43,24,1,5,0.020355988,0.028633205,21.140852,0.010683283,0.002202315,-0.0014705658,0.01460731029510498,0.014681147019819206,True
22207,11,-0.5132315,1.6981363,2,2,30.843977,86.925,0.08319074,37.868053,1.6954238,-0.5137068,33,15,1,7,0.012795599,0.012505532,6.009095,0.005280803,0.00284391,-0.0027124882,0.00047528743743896484,0.0027538137532905995,True
22207,-11,2.5841992,-1.6943718,1,2,30.843977,86.925,0.42694923,31.230722,-1.694804,2.5798104,46,16,1,5,0.016071206,0.015336238,11.138878,0.0067165126,0.0027837493,-0.00043213367,0.0043888092041015625,0.004410032397018025,True
22211,11,-2.3436313,2.6239412,2,2,46.76667,328.7851,0.2642918,59.779198,2.6306937,-2.3414054,43,25,1,9,0.03160396,0.025347082,11.521938,0.004470954,0.0033160883,0.006752491,0.0022258758544921875,0.007109898576003064,True
22211,-11,0.7869498,-2.6528518,1,2,46.76667,328.7851,0.9734154,58.10088,-2.6584764,0.78125775,49,16,1,9,0.023430908,0.020035205,12.156291,0.00336283,0.0031323002,-0.0056245327,0.0056920647621154785,0.00800218533886016,True
22213,-11,-0.90057397,2.8080518,1,2,34.8404,292.70404,0.8243369,54.335842,2.8109303,-0.89620394,52,35,1,9,0.061701845,0.0256621,22.007406,0.0075157704,0.0056481664,0.0028784275,0.0043700337409973145,0.005232832860410426,True
22213,11,2.253316,-2.8280041,2,2,34.8404,292.70404,0.42436293,34.71163,-2.8145595,2.2304156,51,23,1,9,0.037992243,0.030291045,23.836435,0.0047640894,0.0015885544,0.013444662,0.02290034294128418,0.026555313030428008,True
22215,-11,2.6106303,2.284232,1,2,67.627106,338.39975,0.34509563,77.27888,2.286146,2.6119146,41,21,1,11,0.024733758,0.011433284,8.705959,0.005074873,0.0031419226,0.0019140244,0.0012843608856201172,0.002305010218739308,True
22215,11,-0.52015126,-2.3023224,2,2,67.627106,338.39975,0.78161514,79.58635,-2.301853,-0.51828057,47,24,1,9,0.025695294,0.022818593,10.729352,0.0053824172,0.0036493097,0.00046944618,0.0018706917762756348,0.001928695787275771,True
22218,-11,-0.7376623,-2.8157413,1,2,74.88265,628.9835,0.6842324,72.660225,-2.8194292,-0.7431265,51,16,1,9,0.02667448,0.006881896,9.303475,0.0032503095,0.002890901,-0.0036878586,0.00546419620513916,0.006592248560674674,True
22218,11,2.409655,2.8198009,2,2,74.88265,628.9835,0.17561008,89.52194,2.8155074,2.4142075,52,29,1,13,0.025828823,0.025428634,8.712793,0.003131803,0.0029807142,-0.004293442,0.004552364349365234,0.006257608442758629,True
22219,-11,1.5523391,2.3533862,1,2,22.31927,120.908615,0.75135297,37.10747,2.3598442,1.5473665,52,21,1,7,0.031106936,0.03630951,15.445023,0.0058475775,0.0034635793,0.006458044,0.004972577095031738,0.00815063541739874,True
22219,11,-1.5590595,-2.395356,2,2,22.31927,120.908615,0.8648414,30.986351,-2.4001672,-1.5477159,40,24,1,5,0.035957824,0.033623554,13.533163,0.006561188,0.0029257478,-0.004811287,0.011343598365783691,0.012321757377160444,True
22222,11,-2.724565,-2.5415769,2,2,85.62343,548.0529,0.9128739,58.3269,-2.5536783,-2.7349885,52,23,1,7,0.027312074,0.020135194,10.250579,0.0043976135,0.0027172,-0.012101412,0.010423421859741211,0.015971596574704768,True
22222,-11,0.41038942,2.5452328,1,2,85.62343,548.0529,0.82885414,101.81192,2.550609,0.41643092,43,27,1,13,0.028225765,0.023093663,8.1148815,0.004438882,0.003014067,0.005376339,0.006041496992111206,0.008087317619432485,True
22224,-11,2.9088404,-2.1825957,1,2,48.98592,217.11803,0.27496392,66.9975,-2.1897583,2.909104,50,20,1,9,0.024025649,0.017028054,11.579743,0.005490518,0.0028187186,-0.007162571,0.0002636909484863281,0.007167423328503533,True
22224,11,-0.21583359,2.155781,2,2,48.98592,217.11803,0.62240994,65.46633,2.1543365,-0.20435946,39,21,1,9,0.023763208,0.02564086,7.116355,0.0057852133,0.0028778038,-0.0014445782,0.011474132537841797,0.011564710265743799,True
22226,-11,-1.1393992,-1.5119269,1,2,24.454334,59.20519,0.94263285,26.745953,-1.5132049,-1.1446389,48,13,1,5,0.011080747,0.030001769,17.11282,0.005661862,0.0032205468,-0.0012780428,0.005239725112915039,0.005393339654253298,True
22226,11,2.0687852,1.5522931,2,2,24.454334,59.20519,0.21839592,25.852034,1.5524453,2.0793686,52,18,1,9,0.015146893,0.023257181,14.5483055,0.0073047453,0.0026406052,0.00015223026,0.01058340072631836,0.01058449549986842,True
22228,11,-1.9992548,1.5968641,2,2,29.473251,75.705,0.75824356,36.764385,1.5963209,-1.9989376,39,15,1,7,0.016182024,0.023034621,8.75315,0.007605221,0.0026012387,-0.00054323673,0.0003172159194946289,0.0006290723908173662,True
22228,-11,1.0908507,-1.595864,1,2,29.473251,75.705,0.9594309,38.13485,-1.5972692,1.1167333,51,18,1,9,0.021419734,0.023534302,11.796531,0.01001695,0.0027712903,-0.0014051199,0.025882601737976074,0.02592071439501833,True
22229,-11,0.98487204,2.6312478,1,2,35.452934,244.38136,0.49627966,48.276234,2.6297398,0.9848576,49,30,1,9,0.029754113,0.033286568,12.401598,0.0044251992,0.003406992,-0.0015079975,1.4424324035644531e-05,0.001508066478290622,True
22229,11,-2.1419425,-2.605675,2,2,35.452934,244.38136,0.9146266,44.31868,-2.617999,-2.1331043,47,30,1,9,0.037356623,0.026866099,15.273856,0.005287527,0.002478621,-0.012324095,0.008838176727294922,0.015165641557691205,True
22232,-11,1.3728126,1.5842595,1,2,62.747005,161.30907,0.50804716,75.83079,1.5858876,1.3682206,29,15,1,9,0.009136382,0.010327591,4.993363,0.0042489604,0.0027753385,0.0016280413,0.0045920610427856445,0.004872118940953711,True
22232,11,-1.7446021,-1.6103666,2,2,62.747005,161.30907,0.7947135,73.6685,-1.6079934,-1.7454649,42,16,1,7,0.01231347,0.018611092,5.5961065,0.0057133785,0.0028920118,0.0023732185,0.0008628368377685547,0.002525203635875715,True
22236,11,1.5491704,2.3443537,2,2,63.487076,334.39197,0.08516307,79.461784,2.3472142,1.5553327,43,25,1,9,0.017542431,0.01220396,8.086341,0.003459412,0.002205958,0.002860546,0.006162285804748535,0.006793856796493162,True
22236,-11,-1.603305,-2.3466353,1,2,63.487076,334.39197,0.6504587,72.67628,-2.3432617,-1.6033417,49,25,1,9,0.023650972,0.01686242,9.3563175,0.004696431,0.003065907,0.003373623,3.6716461181640625e-05,0.0033738226544983304,True
22237,11,1.8957773,2.6201606,2,2,37.94156,264.63916,0.9877128,53.818535,2.617452,1.9018859,47,30,1,9,0.03399695,0.031657692,17.971758,0.0050868657,0.0027738826,-0.0027086735,0.006108522415161133,0.006682137236365492,True
22240,11,-1.1337012,-2.388104,2,2,71.09367,391.1126,0.25500888,90.69964,-2.3817716,-1.1356833,48,27,1,11,0.02930084,0.022997484,11.040292,0.0056459503,0.0024343817,0.0063323975,0.00198209285736084,0.00663535603404132,True
22240,-11,1.9985886,2.3914654,1,2,71.09367,391.1126,0.23656128,86.577614,2.3888264,1.9962264,42,21,1,9,0.026320564,0.030209526,13.709471,0.0049275802,0.0028207328,-0.0026390553,0.0023621320724487305,0.0035417905774273537,True
22241,-11,2.299965,-2.9846966,1,2,56.819744,571.2049,0.7751167,44.727272,-2.9842536,2.3287835,52,30,1,9,0.015210136,0.02392861,20.76058,0.0015550933,0.0004719091,0.00044298172,0.028818607330322266,0.028822011749070058,True
22242,11,-2.7285905,2.803744,2,2,31.848566,262.8855,0.966846,39.067673,2.7929122,-2.715099,52,27,1,9,0.038011458,0.016095031,17.935564,0.0047290777,0.0035809109,-0.010831833,0.013491392135620117,0.017301625986702505,True
22242,-11,0.39920342,-2.7966518,1,2,31.848566,262.8855,0.25449657,41.334805,-2.8007317,0.3882181,50,25,1,9,0.05438269,0.011058548,20.265942,0.0064658234,0.0033342098,-0.0040798187,0.010985314846038818,0.011718449688429035,True
22243,-11,-0.82923687,-2.0493073,1,2,73.12896,288.56757,0.6274925,87.86213,-2.050024,-0.83127445,43,17,1,9,0.01630113,0.01640801,6.9349213,0.0044151694,0.0031008776,-0.00071668625,0.0020375847816467285,0.00215995160167715,True
22243,11,2.3252087,2.0494967,2,2,73.12896,288.56757,0.59090436,78.25334,2.0494552,2.325375,42,18,1,9,0.01688341,0.014154448,8.064835,0.004629317,0.0026462248,-4.1484833e-05,0.00016641616821289062,0.000171508986330428,True
22245,11,2.4780066,-2.2329612,2,2,35.13001,168.10185,0.72184294,49.81427,-2.2397704,2.4876728,40,26,1,9,0.027383277,0.02035694,14.636335,0.005878056,0.0025561012,-0.0068092346,0.009666204452514648,0.011823755097950785,True
22245,-11,-0.6853732,2.2624297,1,2,35.13001,168.10185,0.95211834,51.294666,2.2577317,-0.6831419,41,27,1,11,0.03352243,0.030196168,13.075649,0.007230338,0.0031153173,-0.004698038,0.002231299877166748,0.005200986636666899,True
22249,-11,-0.79692894,-2.0890405,1,2,8.8827,36.174778,0.34437335,12.82066,-2.087017,-0.8210764,38,17,1,9,0.026121797,0.02460423,11.742042,0.0067895227,0.0027839267,0.0020234585,0.024147450923919678,0.024232081427106686,True
22249,11,2.446941,2.0758147,2,2,8.8827,36.174778,0.095599145,17.133133,2.0780673,2.450901,40,26,1,7,0.045636263,0.026437111,19.516474,0.011590873,0.003663706,0.0022525787,0.003960132598876953,0.004555958862813181,True
22250,-11,1.5338962,-1.747647,1,2,40.60491,119.944435,0.56547904,52.848564,-1.7481296,1.5344179,39,21,1,9,0.021406373,0.020794591,9.512422,0.008153421,0.0029271652,-0.0004825592,0.0005216598510742188,0.0007106281627447012,True
22250,11,-1.5758982,1.7450746,2,2,40.60491,119.944435,0.7690094,52.967865,1.7458363,-1.5720004,35,17,1,5,0.016225697,0.025113387,6.4259677,0.006111237,0.0029883783,0.00076162815,0.0038977861404418945,0.003971500248358831,True
22251,-11,1.0975364,-1.8852366,1,2,94.11134,324.6694,0.025538867,119.34577,-1.8869085,1.0970916,41,17,1,11,0.015989527,0.015606176,8.56814,0.005233422,0.0030123526,-0.0016719103,0.0004448890686035156,0.0017300896720738148,True
22251,11,-2.0325108,1.9350269,2,2,94.11134,324.6694,0.3580254,117.723495,1.9319226,-2.028842,45,25,1,11,0.016360404,0.018391058,7.8632708,0.0051134876,0.002867006,-0.003104329,0.0036687850952148438,0.00480591755091674,True
22252,11,-3.128134,-2.5770047,2,2,33.968575,225.33333,0.69755775,50.28652,-2.579985,-3.1258798,51,29,1,9,0.043847486,0.019119179,11.879651,0.0067969398,0.0044314777,-0.0029802322,0.0022542476654052734,0.0037367655444229277,True
22252,-11,-0.002670288,2.582147,1,2,33.968575,225.33333,0.19657935,41.669476,2.5817046,0.0013927404,48,25,1,9,0.028162995,0.018303946,10.134879,0.0042783865,0.002616396,-0.00044226646,0.004063028376549482,0.004087028164085958,True
22253,-11,0.76976305,-2.397839,1,2,9.068047,49.46136,0.084235065,15.244449,-2.4028134,0.7555699,42,22,1,7,0.03949204,0.023685751,12.117302,0.0070936484,0.0032439076,-0.0049743652,0.014193177223205566,0.015039633944158345,True
22253,11,-2.2980373,2.3650336,2,2,9.068047,49.46136,0.2617247,16.120464,2.36331,-2.2927856,45,28,1,7,0.0330748,0.024757674,18.13062,0.006358267,0.0036004928,-0.0017235279,0.005251646041870117,0.005527235705397634,True
22254,11,1.4224973,-1.5249207,2,2,18.975225,45.415184,0.5221565,12.333432,-1.5278966,1.4511505,29,10,1,3,0.015788209,0.019251918,5.445276,0.0076938844,0.0025555273,-0.0029759407,0.028653264045715332,0.028807390776012513,True
22254,-11,-1.8061332,1.5137932,1,2,18.975225,45.415184,0.9320968,22.121155,1.5157657,-1.7768316,47,33,1,5,0.020831952,0.020172162,23.626366,0.010728837,0.0032817577,0.001972437,0.02930152416229248,0.029367836582227275,True
22258,-11,-1.2865455,-1.7528262,1,2,46.701427,136.18214,0.5197553,60.18501,-1.753237,-1.2858689,50,22,1,9,0.016005766,0.0152486805,8.848354,0.006051876,0.003064259,-0.0004107952,0.0006766319274902344,0.0007915702567241758,True
22259,-11,2.3813062,-1.6716391,1,2,9.668843,26.626043,0.9371054,8.245254,-1.6694256,2.421499,49,12,1,5,0.024996892,0.019140607,22.310482,0.010700371,0.002600133,0.002213478,0.04019284248352051,0.040253746063600396,True
22259,11,-0.615637,1.6728076,2,2,9.668843,26.626043,0.84095544,5.9602046,1.715193,-0.5965681,45,17,1,9,0.040438123,0.04571471,16.718208,0.016053839,0.002312612,0.04238546,0.019068896770477295,0.046477413951916374,True
22263,-11,-1.6231337,-2.4862692,1,2,64.01829,396.736,0.82866627,76.56268,-2.4845755,-1.6305073,46,32,1,13,0.026570544,0.013949183,9.762605,0.0044125654,0.0027207164,0.0016937256,0.007373690605163574,0.007565713416534946,True
22263,11,1.5275716,2.5357246,2,2,64.01829,396.736,0.88732594,77.45216,2.5333774,1.5248308,52,21,1,9,0.024608374,0.029220596,9.55163,0.0040318714,0.0029261499,-0.002347231,0.0027407407760620117,0.003608483461992864,True
22264,11,-2.3457994,-2.503257,2,2,82.331184,507.1004,0.21612509,100.8656,-2.4984488,-2.345482,39,18,1,11,0.022737514,0.019238641,6.674403,0.0038798098,0.0030139645,0.0048081875,0.0003173351287841797,0.00481864808063774,True
22264,-11,0.7885855,2.5056489,1,2,82.331184,507.1004,0.975394,99.166245,2.5001965,0.7759395,52,35,1,11,0.026020903,0.016917547,14.282091,0.0043151435,0.0028429015,-0.0054523945,0.012645959854125977,0.013771307369138673,True
22265,-11,-1.7994443,-2.6800094,1,2,99.36882,716.7499,0.51195866,116.620804,-2.6933072,-1.7900978,44,22,1,9,0.033201545,0.017570289,8.711137,0.0044076187,0.0025769195,-0.013297796,0.009346485137939453,0.01625386618097929,True
22265,11,1.3472086,2.648637,2,2,99.36882,716.7499,0.42002603,109.539665,2.646117,1.370279,49,23,1,11,0.028223656,0.0134834675,9.24216,0.003883277,0.0018120155,-0.0025200844,0.023070335388183594,0.023207567730888657,True
22267,11,1.2856998,2.2328737,2,2,20.111584,95.449196,0.8582796,31.371689,2.2296238,1.2815437,35,19,1,19,0.032707144,0.026826112,10.880764,0.0074026682,0.0029912142,-0.0032498837,0.0041561126708984375,0.005275890088521854,True
22267,-11,-1.8943222,-2.2456045,1,2,20.111584,95.449196,0.18287563,29.943516,-2.247027,-1.8925976,47,18,1,7,0.01961869,0.030979548,15.56676,0.00431986,0.0025911285,-0.0014224052,0.0017246007919311523,0.0022355054387354196,True
22269,-11,2.7938359,-2.291874,1,2,20.610355,104.518906,0.99110496,29.248652,-2.2923982,2.7998302,37,23,1,9,0.02657978,0.022338409,10.202143,0.005520129,0.0038747229,-0.00052428246,0.005994319915771484,0.006017203947491011,True
22269,11,-0.31275007,2.322181,2,2,20.610355,104.518906,0.98925805,27.715874,2.3167548,-0.31952417,42,16,1,9,0.024326917,0.017505897,8.037599,0.0048447126,0.0025402424,-0.0054261684,0.006774097681045532,0.008679383860821292,True
22270,11,-0.22485076,1.9520922,2,2,43.51268,153.0157,0.66731054,58.983955,1.9500074,-0.21480474,48,23,1,11,0.024203593,0.036472406,13.509814,0.007371218,0.0029021897,-0.002084732,0.010046020150184631,0.010260050126672332,True
22270,-11,2.8922544,-1.908056,1,2,43.51268,153.0157,0.037924938,56.73489,-1.9089526,2.8892965,37,19,1,9,0.014538602,0.012315649,6.755169,0.0045299344,0.0022760495,-0.00089657307,0.0029578208923339844,0.003090719605669347,True
22271,11,-1.422152,2.3215172,2,2,27.538021,142.89668,0.39429563,32.821705,2.3269844,-1.4105866,49,24,1,7,0.032200333,0.030408166,10.974009,0.006226699,0.0035592013,0.0054671764,0.011565446853637695,0.012792559501919376,True
22271,-11,1.6938806,-2.3391893,1,2,27.538021,142.89668,0.6501735,37.959694,-2.3382108,1.7047493,44,30,1,7,0.034542665,0.028056182,18.090908,0.0067600426,0.0033131808,0.0009784698,0.01086878776550293,0.010912742585447055,True
22272,11,2.587697,2.8451605,2,2,46.21857,392.52548,0.0905103,54.758324,2.8323376,2.597029,52,33,1,11,0.03858095,0.012199154,15.849978,0.0045521194,0.0032106913,-0.012822866,0.009331941604614258,0.015859099497734334,True
22272,-11,-0.5631047,-2.812878,1,2,46.21857,392.52548,0.31329957,37.250805,-2.8083677,-0.54773015,50,16,1,11,0.027714659,0.0015787373,12.359941,0.0032262024,0.0020976262,0.0045101643,0.015374541282653809,0.01602242496346628,True
22274,11,-0.51098096,2.326914,2,2,71.240746,369.5502,0.8635761,89.469574,2.3264933,-0.51053184,43,26,1,11,0.025667043,0.02090595,9.418786,0.0049834494,0.002587812,-0.0004208088,0.00044912099838256836,0.0006154589431544687,True
22274,-11,2.6207216,-2.3329957,1,2,71.240746,369.5502,0.61795807,91.229126,-2.3403146,2.6190407,46,24,1,9,0.031039516,0.025269696,19.195965,0.005908189,0.002789476,-0.0073189735,0.0016808509826660156,0.007509503000545746,True
22278,-11,1.6179124,-2.8311677,1,2,67.08756,581.29504,0.92145556,82.80201,-2.8344674,1.615244,52,33,1,11,0.037230168,0.010756095,17.66456,0.0043780897,0.0030582333,-0.0032997131,0.0026683807373046875,0.004243626106405169,True
22282,11,0.5743084,2.972334,2,2,89.750435,888.5655,0.04145513,77.3955,2.9735034,0.5796199,52,12,1,9,0.012981486,0.016221555,15.119776,0.001324811,0.0005079978,0.0011694431,0.005311489105224609,0.005438705148611566,True
22282,-11,-2.5713885,-2.9941125,1,2,89.750435,888.5655,0.0013568375,42.765488,-2.9831538,-2.5842156,51,12,1,17,0.0127356425,0.0012954894,10.8208065,0.0012970917,2.497057e-10,0.010958672,0.012827157974243164,0.016870935461970354,True
22285,-11,2.1171381,1.9264743,1,2,31.826725,109.963486,0.05347909,43.651966,1.9261608,2.121159,44,22,1,11,0.020952547,0.01936864,11.179914,0.0065335627,0.0026539566,-0.00031352043,0.0040209293365478516,0.004033133743194085,True
22285,11,-0.9903819,-1.8965853,2,2,31.826725,109.963486,0.6012997,41.75553,-1.8925602,-0.9883488,41,16,1,9,0.017507724,0.020025391,7.065854,0.005743955,0.002678496,0.0040251017,0.0020331144332885742,0.004509434359201372,True
22287,-11,-1.7783209,2.700203,1,2,58.059486,430.9587,0.89184105,70.12065,2.7069786,-1.7769909,52,28,1,11,0.024595965,0.021783467,11.3255415,0.003288138,0.0030344443,0.0067756176,0.0013300180435180664,0.0069049215302547035,True
22287,11,1.3717215,-2.686099,2,2,58.059486,430.9587,0.4496487,80.86349,-2.6925862,1.365866,52,28,1,7,0.037018776,0.0344187,16.63026,0.0048416313,0.002442208,-0.006487131,0.005855560302734375,0.008739019146608613,True
22289,-11,-0.5795201,-1.503474,1,2,11.576137,27.329184,0.6683745,10.855019,-1.5081776,-0.58828837,51,14,1,3,0.026036585,0.021546144,14.891738,0.01274769,0.0022137512,-0.004703641,0.008768260478973389,0.00995020757543315,True
22291,-11,-2.524654,-2.9006796,1,2,10.104756,90.275856,0.30014434,12.868985,-2.908591,-2.524776,47,23,3,9,0.02699277,0.011093723,27.253038,0.0029597455,0.0022465386,-0.007911444,0.0001220703125,0.007912385627862449,True
22291,11,0.6569432,2.8596108,2,2,10.104756,90.275856,0.21321455,14.653407,2.888124,0.65483814,52,22,1,9,0.04092316,0.0401446,37.000145,0.0043400093,0.0031331645,0.028513193,0.0021050572395324707,0.028590792927727884,True
22292,11,0.40688738,-2.6194465,2,2,16.899368,118.73085,0.122021824,20.984543,-2.615051,0.3950835,50,21,1,11,0.03360178,0.012462959,10.890662,0.0049996516,0.0033786295,0.004395485,0.011803895235061646,0.012595722668061134,True
22294,-11,-1.3328619,-1.8208822,1,2,47.94015,154.15463,0.3788889,59.286884,-1.8217496,-1.3336625,46,19,1,9,0.015658244,0.011518742,9.32688,0.005605496,0.0029701015,-0.0008673668,0.0008006095886230469,0.0011803816599424053,True
22294,11,1.8332494,1.8515255,2,2,47.94015,154.15463,0.8158569,45.849686,1.8547729,1.8529927,40,18,1,7,0.028360505,0.024178496,7.179572,0.009228207,0.0029308954,0.0032473803,0.01974320411682129,0.02000848787610356,True
22297,11,2.8609436,1.8324949,2,2,19.11903,60.273575,0.81454784,29.414253,1.8354291,2.858593,45,18,1,13,0.025713736,0.025671642,9.594499,0.008820372,0.0035537567,0.0029342175,0.0023505687713623047,0.0037596284401938745,True
22297,-11,-0.34340927,-1.7985469,1,2,19.11903,60.273575,0.89484465,9.474163,-1.7963109,-0.32690477,36,12,1,9,0.02328959,0.02068572,8.275833,0.008348899,0.003601641,0.0022360086,0.016504496335983276,0.016655273460993342,True
22300,11,1.8064942,2.914761,2,2,69.81954,656.9315,0.6045537,90.73796,2.9170406,1.8116546,52,36,1,11,0.026831627,0.020210935,18.159996,0.0028993052,0.0025294502,0.00227952,0.005160331726074219,0.005641385916181758,True
32254,-11,2.7829556,2.0860186,1,2,45.432907,185.5634,0.14340627,61.98806,2.0855637,2.7793283,44,17,1,11,0.022606593,0.01515609,8.994783,0.0058276155,0.0026846821,-0.00045490265,0.003627300262451172,0.0036557138309744695,True
32255,-11,-1.0201824,2.0917006,1,2,52.26322,214.97119,0.07409145,60.570736,2.0944765,-1.0206722,43,20,1,11,0.017737167,0.015257578,7.606458,0.0045484807,0.0023823336,0.0027759075,0.0004898309707641602,0.0028187935926333864,True
32255,11,2.1386244,-2.09281,2,2,52.26322,214.97119,0.21534099,64.03978,-2.0961862,2.139078,40,18,1,11,0.0168347,0.016890645,8.392922,0.004269276,0.002618778,-0.0033762455,0.0004534721374511719,0.0034065628703730537,True
32258,-11,-2.2928731,2.7063155,1,2,25.198015,190.20782,0.6226478,33.36492,2.7026942,-2.3035004,48,27,1,7,0.036049053,0.01657386,24.432018,0.004984203,0.0036741977,-0.0036213398,0.010627269744873047,0.011227331141486194,True
32260,11,2.2503939,-2.8935056,2,2,5.2793083,47.50216,0.12176322,11.224458,-2.8988452,2.2018857,52,38,1,9,0.05310136,0.040747322,54.93705,0.005662617,0.004121541,-0.0053396225,0.0485081672668457,0.04880116657514675,True
32264,-11,-1.191815,-2.0671096,1,2,35.962395,146.3685,0.8804594,49.400497,-2.068476,-1.1856009,43,18,1,9,0.020762598,0.024769671,8.523755,0.005474437,0.003252979,-0.0013663769,0.006214141845703125,0.006362589456440971,True
32264,11,1.9750425,2.0958796,2,2,35.962395,146.3685,0.90482944,43.99305,2.0876293,1.9756451,51,21,1,31,0.044268228,0.019678148,14.976429,0.011801546,0.0026575108,-0.0082502365,0.0006026029586791992,0.008272214450046283,True
32265,-11,2.85953,-2.1327753,1,2,49.525837,212.8698,0.5304342,62.72949,-2.1348226,2.8603566,45,24,1,9,0.02567482,0.016227996,8.439407,0.0060975547,0.0030397605,-0.0020473003,0.0008265972137451172,0.0022078726353559537,True
32265,11,-0.26472354,2.1423092,2,2,49.525837,212.8698,0.22992334,60.287254,2.144096,-0.26463765,48,16,1,9,0.0138214035,0.011842212,8.275616,0.003366,0.0025882127,0.0017867088,8.589029312133789e-05,0.0017887720905801628,True
32269,-11,-0.79590446,2.28899,1,2,91.39536,456.7018,0.61426336,113.31852,2.286597,-0.7905066,47,23,1,9,0.019939333,0.012391948,6.2377133,0.004152406,0.0027277789,-0.0023930073,0.00539785623550415,0.005904518245971117,True
32269,11,2.3537445,-2.2946582,2,2,91.39536,456.7018,0.8651412,119.361534,-2.296297,2.3538713,52,20,1,9,0.024378689,0.020800503,8.77497,0.0050721373,0.0028587931,-0.0016388893,0.00012683868408203125,0.0016437902029172162,True
32279,-11,-1.5669436,1.799227,1,2,34.658173,107.016304,0.812894,35.99212,1.80198,-1.5576298,41,14,1,9,0.016733676,0.02048508,10.822808,0.0059777847,0.0025121712,0.0027530193,0.009313821792602539,0.00971217749913773,True
32279,11,1.6100849,-1.787469,2,2,34.658173,107.016304,0.8050588,30.59713,-1.786827,1.5966617,34,14,1,9,0.011709835,0.012597179,6.280646,0.0042538634,0.0025493312,0.00064206123,0.01342320442199707,0.013438551245663037,True
32282,-11,2.4063158,-1.8049664,1,2,76.252144,230.59853,0.94819266,90.856186,-1.8045439,2.407269,40,26,1,11,0.012700165,0.01785908,7.0802727,0.004488143,0.0028199207,0.00042259693,0.0009531974792480469,0.0010426761726068847,True
32282,11,-0.7187984,1.7388395,2,2,76.252144,230.59853,0.25193647,84.023926,1.7405676,-0.70943296,32,16,1,11,0.013108532,0.01089991,6.170738,0.0049538496,0.0026672406,0.0017280579,0.009365439414978027,0.00952353082673238,True
32288,-11,0.8466159,-1.6108693,1,2,42.748512,113.10345,0.43809354,50.22588,-1.6124101,0.8480568,43,22,1,7,0.012495938,0.02067007,8.579701,0.0054865824,0.0026715538,-0.0015407801,0.001440882682800293,0.0021095369684606194,True
32288,11,-2.2606685,1.6462512,2,2,42.748512,113.10345,0.6011812,51.722897,1.6462655,-2.2616482,33,16,1,9,0.011693811,0.02463552,7.100573,0.0050366474,0.0033559257,1.4305115e-05,0.0009796619415283203,0.000979766378269298,True
32289,11,0.96003884,-2.4614382,2,2,36.435097,218.31274,0.82091033,50.018883,-2.4655395,0.9514396,47,23,1,9,0.035678584,0.026224222,19.727158,0.006042854,0.0028665124,-0.0041012764,0.00859922170639038,0.009527175962406412,True
32289,-11,-2.198182,2.4918377,1,2,36.435097,218.31274,0.10525723,51.563145,2.4877663,-2.203353,52,30,1,11,0.040474143,0.026788665,14.533851,0.0071524135,0.0035765306,-0.004071474,0.0051708221435546875,0.006581360283722581,True
32290,-11,2.6033294,-2.8517838,1,2,24.333773,207.87183,0.7924964,22.60895,-2.8567266,2.6271274,51,10,1,9,0.031938713,0.006797377,13.964016,0.0038598834,0.0029525254,-0.004942894,0.023797988891601562,0.024305893838571995,True
32290,11,-0.5209043,2.818052,2,2,24.333773,207.87183,0.84902686,18.190254,2.7876859,-0.55635035,52,24,1,9,0.07908173,0.01018097,24.33071,0.010236424,0.0042517413,-0.030366182,0.03544604778289795,0.04667469706052038,True
32294,11,-0.18392009,-1.7566141,2,2,11.215796,33.938774,0.8014011,16.89801,-1.7596037,-0.2054406,39,25,1,7,0.024056723,0.019136397,13.142156,0.009056045,0.0031125215,-0.0029896498,0.02152051031589508,0.02172718043783023,True
32294,-11,2.8456254,1.7884568,1,2,11.215796,33.938774,0.13843377,12.484583,1.785693,2.8408997,27,11,1,7,0.012723297,0.008463717,4.7684646,0.0046281917,0.0026629695,-0.0027637482,0.00472569465637207,0.00547453138876855,True
32297,-11,-1.6944355,-1.5091245,1,2,57.983616,136.12006,0.90525395,66.17053,-1.5092866,-1.6939768,38,20,1,5,0.011144053,0.014996892,7.047312,0.005551219,0.002590116,-0.00016212463,0.00045871734619140625,0.0004865244090260262,True
32297,11,1.4763061,1.4865469,2,2,57.983616,136.12006,0.9525516,61.948273,1.4883592,1.469301,49,16,1,7,0.012625012,0.017640695,17.199213,0.0065958533,0.0028482627,0.0018123388,0.007005095481872559,0.007235740103187462,True
32298,-11,-2.465712,-2.5851521,1,2,37.705997,251.33723,0.13246632,49.494003,-2.5807297,-2.465828,50,20,1,9,0.029933717,0.019537825,13.329922,0.0047657224,0.0027086327,0.004422426,0.00011587142944335938,0.004423943974624911,True
32298,11,0.69029576,2.5837636,2,2,37.705997,251.33723,0.95517224,48.396698,2.5824482,0.6808888,47,33,1,9,0.027154747,0.02038852,16.614952,0.004288749,0.0029131817,-0.0013153553,0.009406983852386475,0.00949850012948523,True
32299,11,2.0463743,-1.7906647,2,2,28.613338,88.18054,0.99404895,37.087696,-1.7899575,2.0390987,41,22,1,11,0.013811396,0.016811704,8.884586,0.005052845,0.0025005557,0.0007071495,0.007275581359863281,0.007309866246880438,True
32299,-11,-1.1382322,1.7919495,1,2,28.613338,88.18054,0.005120405,39.98466,1.7916259,-1.1388898,44,18,1,9,0.020935869,0.015822347,7.5481076,0.007689236,0.0027804123,-0.00032365322,0.0006575584411621094,0.0007328946111765375,True
32300,-11,-2.084758,-1.6170253,1,2,51.425972,137.10867,0.7242718,69.594795,-1.6177006,-2.0853872,42,21,1,7,0.01260871,0.017824337,7.9746203,0.0057272348,0.0027265216,-0.0006753206,0.0006291866302490234,0.0009230025722801862,True
32300,11,1.0850827,1.6567059,2,2,51.425972,137.10867,0.9728379,53.861824,1.6550295,1.0884626,37,17,1,7,0.013306809,0.019804815,6.3702984,0.0056425026,0.0031358672,-0.001676321,0.0033799409866333008,0.003772804422544453,True
32302,-11,1.2034101,-1.9310523,1,2,7.5357776,26.473063,0.40185612,8.131664,-1.9309535,1.1768913,45,15,1,7,0.021467432,0.018291077,12.74531,0.006637622,0.0038516857,9.88245e-05,0.026518821716308594,0.02651900585435596,True
32302,11,-1.7968076,1.9279813,2,2,7.5357776,26.473063,0.0642602,12.470772,1.9249943,-1.7899565,40,24,1,5,0.018923195,0.029862516,13.066748,0.005896831,0.0038264226,-0.002986908,0.0068511962890625,0.007473988877882277,True
32303,-11,-3.0753565,-2.4943748,1,2,84.17412,505.02832,0.5002646,112.96483,-2.4944427,-3.0767355,50,26,1,9,0.035452824,0.021837171,12.427074,0.0060539255,0.0028703227,-6.7949295e-05,0.0013790130615234375,0.0013806861086246988,True
32303,11,0.073448345,2.4616208,2,2,84.17412,505.02832,0.5623345,102.30728,2.4682593,0.08409007,42,28,1,11,0.029232895,0.020918414,8.747101,0.0048532747,0.0025184054,0.006638527,0.010641723871231079,0.012542580502559334,True
32310,11,0.88758785,-1.8850021,2,2,76.46251,257.94434,0.6757765,89.31078,-1.8850596,0.8873905,41,25,1,11,0.013525098,0.014967775,7.9537396,0.004387761,0.002799157,-5.7458878e-05,0.00019735097885131836,0.00020554544865899633,True
32310,-11,-2.2686076,1.8877394,1,2,76.46251,257.94434,0.49747232,92.66899,1.8864305,-2.2680855,42,19,1,11,0.01913923,0.01450206,8.378807,0.006379759,0.0024357345,-0.001308918,0.0005221366882324219,0.0014092171763092306,True
32314,-11,1.1080583,-1.5999619,1,2,67.35715,171.52399,0.2822159,77.89561,-1.59994,1.1018922,40,17,1,9,0.012252288,0.017096143,7.403498,0.005771575,0.002689142,2.193451e-05,0.00616610050201416,0.006166139515421015,True
32314,11,-2.0107622,1.5740211,2,2,67.35715,171.52399,0.9570822,84.39771,1.5751147,-2.0031366,39,18,1,9,0.0119245155,0.013895784,6.4578595,0.005507795,0.0019137455,0.001093626,0.007625579833984375,0.007703602120071005,True
32315,11,2.641879,-1.5618079,2,2,6.865364,17.363476,0.9560581,4.1348553,-1.6031446,2.627514,34,17,1,7,0.02934851,0.040314402,16.897297,0.013608809,0.0027297898,-0.041336775,0.014365196228027344,0.04376171640205218,True
32315,-11,-0.7248405,1.6014807,1,2,6.865364,17.363476,0.9997521,2.1921034,1.6220232,-0.7258577,32,9,1,29,0.036309566,0.037576385,13.957844,0.015511974,0.002744577,0.020542502,0.001017153263092041,0.02056766869667519,True
32320,11,-1.900405,3.0074308,2,2,24.13748,245.15355,0.65105665,2.4525,2.9847689,-1.9180188,52,17,1,13,0.02344515,0.038159322,48.455513,0.0023731384,0.0018557025,-0.022661924,0.017613768577575684,0.028702049747353978,True
32322,-11,-1.8584639,-1.6242225,1,2,83.57984,217.75499,0.89577097,85.635506,-1.62502,-1.8515345,31,15,1,9,0.0111451065,0.008928651,5.8601027,0.004904211,0.0029106124,-0.00079751015,0.0069293975830078125,0.006975139661548976,True
32322,11,1.3009601,1.5993263,2,2,83.57984,217.75499,0.50538903,95.8632,1.6002666,1.2999474,36,15,1,7,0.011107226,0.015413872,5.8871264,0.0051625287,0.0023995235,0.0009403229,0.0010126829147338867,0.001381931183843376,True
32323,11,-0.33782995,-1.5580795,2,2,25.469774,64.04746,0.82702357,31.032799,-1.5534209,-0.35786954,43,14,1,7,0.02061838,0.0144918235,11.610449,0.01024602,0.0029688599,0.00465858,0.02003958821296692,0.02057395105362524,True
32323,-11,2.7426558,1.5888466,1,2,25.469774,64.04746,0.23268476,25.226646,1.5871935,2.7334692,46,14,1,11,0.019645447,0.01471204,11.666017,0.009549227,0.0029144557,-0.0016530752,0.009186506271362305,0.009334053527288355,True
32324,11,1.6942703,-1.6619995,2,2,19.97897,54.488777,0.36913806,26.46135,-1.6630912,1.6903769,37,20,1,9,0.024033673,0.029283386,10.585743,0.010143973,0.0031315899,-0.0010917187,0.0038933753967285156,0.004043540723861454,True
32324,-11,-1.5181247,1.6604304,1,2,19.97897,54.488777,0.067915365,24.462809,1.663059,-1.5138279,36,13,1,7,0.016229575,0.011544701,5.796213,0.0069558634,0.0028200222,0.0026285648,0.004296779632568359,0.005037029704466599,True
32325,-11,0.054081477,-1.6202742,1,2,26.765217,70.43532,0.15162292,33.77318,-1.6204673,0.05731379,40,16,1,7,0.013332924,0.012357884,6.1974616,0.0059971954,0.0033081013,-0.00019311905,0.0032323114573955536,0.0032380754044223775,True
32325,11,-3.0324132,1.6249917,2,2,26.765217,70.43532,0.9481739,32.428616,1.622827,-3.0291612,42,24,1,7,0.022935133,0.025633246,11.694172,0.01043264,0.002893768,-0.0021646023,0.0032520294189453125,0.003906558372015577,True
32331,-11,0.8669417,-2.3570032,1,2,79.1718,426.26944,0.5229894,93.98291,-2.3549256,0.8683142,52,26,1,11,0.029279858,0.022874003,10.223355,0.0057103303,0.0034209862,0.0020775795,0.00137251615524292,0.0024900074178098907,True
32331,11,-2.2660909,2.37885,2,2,79.1718,426.26944,0.49311224,100.82254,2.3810482,-2.2623448,40,21,1,11,0.029254807,0.018742554,6.8248925,0.0056935917,0.0029070324,0.0021982193,0.00374603271484375,0.004343377624449289,True
32332,11,2.1407309,2.5402927,2,2,50.85668,324.4606,0.8831446,70.185974,2.5526528,2.1412702,50,28,1,9,0.04345294,0.03273832,18.114855,0.0065638535,0.003131152,0.012360096,0.0005393028259277344,0.012371855959826419,True
32332,-11,-1.0119742,-2.539919,1,2,50.85668,324.4606,0.15770602,66.983444,-2.542202,-1.0067403,49,26,1,11,0.030335974,0.023141235,11.009985,0.004673798,0.0029316314,-0.0022830963,0.005233883857727051,0.005710172415329161,True
32333,11,-1.9492522,1.7161444,2,2,85.786,243.04652,0.51854163,107.13465,1.7155863,-1.9503781,43,15,1,9,0.015230556,0.014405226,7.2342434,0.005876475,0.0025106273,-0.0005581379,0.0011258125305175781,0.0012565714314070333,True
32333,-11,1.1765447,-1.6877848,1,2,85.786,243.04652,0.3035783,108.724365,-1.686843,1.1761609,39,25,1,9,0.01556996,0.01703358,9.313519,0.0062086154,0.0024457234,0.0009417534,0.00038373470306396484,0.001016932527315036,True
32340,-11,0.89148027,-2.1972795,1,2,66.19396,298.5089,0.10924564,71.67453,-2.1981084,0.89188963,49,18,1,9,0.01977164,0.012497938,10.055465,0.0045664487,0.002367658,-0.0008289814,0.0004093647003173828,0.0009245483322373288,True
32343,11,-2.7731237,2.4561195,2,2,19.846525,118.91471,0.7095427,28.21683,2.4662492,-2.7750304,40,22,1,5,0.046496,0.022506975,9.82574,0.007791166,0.00285519,0.01012969,0.0019066333770751953,0.010307564040657177,True
32343,-11,0.33787358,-2.4973757,1,2,19.846525,118.91471,0.817132,31.838814,-2.4973297,0.34495527,44,30,1,9,0.037681524,0.03430502,15.466191,0.0064891865,0.003224494,4.6014786e-05,0.0070816874504089355,0.007081836944309616,True
32345,-11,1.7051663,2.1144063,1,2,45.610023,190.90149,0.52994174,62.570427,2.117721,1.7114297,44,25,1,9,0.033480506,0.020688962,14.3675165,0.0082996255,0.0028393716,0.0033147335,0.006263375282287598,0.007086418565167337,True
32345,11,-1.4170759,-2.1060252,2,2,45.610023,190.90149,0.24017708,53.618874,-2.106024,-1.4128854,39,22,1,7,0.018064128,0.019319488,8.9097805,0.004670183,0.0025355325,1.1920929e-06,0.0041904449462890625,0.004190445115851658,True
32347,-11,-1.8561748,-2.409029,1,2,73.38,419.46832,0.96581316,83.3864,-2.4103186,-1.8489374,45,19,1,9,0.022647245,0.016088339,7.6007457,0.004053825,0.0025797002,-0.0012896061,0.007237434387207031,0.007351431175689177,True
32349,11,-1.6731192,2.615142,2,2,10.396091,72.66138,0.41928393,14.893017,2.6305435,-1.6654662,44,30,1,9,0.039901786,0.020300455,18.597689,0.00576459,0.0038370807,0.015401363,0.007652997970581055,0.01719797584805965,True
32349,-11,1.41857,-2.650118,1,2,10.396091,72.66138,0.9901448,16.497543,-2.6473277,1.412293,47,27,1,5,0.03976449,0.024433438,13.621352,0.0055444813,0.0029081213,0.002790451,0.0062770843505859375,0.0068693817047625885,True
32350,-11,1.9240587,2.3304036,1,2,25.102282,131.99744,0.5124204,31.432045,2.3266017,1.9139409,52,22,1,7,0.02628095,0.017305247,13.502292,0.0052388124,0.0026928207,-0.0038018227,0.010117769241333008,0.010808473978757381,True
32350,11,-1.1898195,-2.357461,2,2,25.102282,131.99744,0.0047169006,37.6073,-2.3531792,-1.1909113,42,20,1,9,0.027661886,0.037680347,16.057903,0.005418672,0.0027464516,0.0042817593,0.0010918378829956055,0.0044187750784404,True
32351,11,-1.4934376,2.671411,2,2,35.29075,253.96881,0.05976237,44.604626,2.654973,-1.4899464,51,37,1,11,0.043592192,0.025882542,15.045713,0.0064944387,0.0026753612,-0.016438007,0.0034912824630737305,0.016804675991103767,True
32351,-11,1.6338625,-2.6524487,1,2,35.29075,253.96881,0.79184014,49.006046,-2.6467993,1.6396812,48,21,1,9,0.027673678,0.02768644,9.982278,0.0040337713,0.0029621776,0.005649328,0.005818724632263184,0.008110022662051877,True
32352,-11,-0.76192915,-2.9268157,1,2,61.56757,568.8145,0.22834747,75.31414,-2.9260588,-0.7646981,52,38,1,13,0.027594844,0.027572982,31.33508,0.0029647215,0.0024887074,0.000756979,0.0027689337730407715,0.002870542009575811,True
32357,-11,2.6251194,-1.6052264,1,2,78.13282,204.25343,0.20989685,101.65676,-1.6058836,2.6238642,52,24,1,9,0.013436068,0.014637149,9.790429,0.0059986925,0.002797038,-0.0006572008,0.0012552738189697266,0.0014169069325024734,True
32359,-11,1.2105057,2.6032438,1,2,98.04824,681.50305,0.20102347,122.1628,2.6044137,1.2099025,51,32,1,9,0.03328047,0.02558859,10.576492,0.004776487,0.0021104289,0.00116992,0.0006031990051269531,0.0013162681009779517,True
32359,11,-1.9257574,-2.6508896,2,2,98.04824,681.50305,0.25266507,88.6855,-2.6548643,-1.9143897,39,22,1,11,0.019282078,0.013571503,6.6879106,0.0027174705,0.0024334195,-0.003974676,0.01136767864227295,0.012042515020253974,True
32360,11,2.5647774,2.9348178,2,2,40.604973,392.14145,0.25551748,35.86922,2.9359007,2.5489626,52,23,1,13,0.02913977,0.020087903,20.35847,0.0030871206,0.0022059747,0.0010828972,0.015814781188964844,0.0158518128417821,True
32360,-11,-0.58596253,-2.982134,1,2,40.604973,392.14145,0.009929389,41.655827,-2.9793499,-0.61532915,52,23,1,9,0.015958145,0.012958168,16.047327,0.0016348122,0.00091984274,0.0027842522,0.029366612434387207,0.029498304794889026,True
32362,11,-2.9226537,1.5105848,2,2,20.982683,50.31854,0.9282502,20.866009,1.5126227,-2.9501715,52,11,1,5,0.009073696,0.023281986,8.272301,0.0046080286,0.0029387248,0.0020378828,0.02751779556274414,0.027593152034019804,True
32364,11,0.8486596,2.7554045,2,2,76.44665,590.8245,0.29573447,84.49658,2.7358832,0.84786147,49,18,1,9,0.02311576,0.009423893,9.598263,0.0030943856,0.0021505887,-0.019521236,0.0007981061935424805,0.019537544162172064,True
32364,-11,-2.2990701,-2.7127867,1,2,76.44665,590.8245,0.8026455,98.941986,-2.7146306,-2.305221,52,27,1,9,0.026068743,0.02077756,11.60624,0.0035539938,0.0024333466,-0.0018439293,0.006150960922241211,0.006421401365457814,True
32367,-11,-2.5623515,2.8747408,1,2,71.8915,626.66174,0.35582474,74.22616,2.8815877,-2.5435193,52,20,1,9,0.034682706,0.012106959,21.984072,0.003940219,0.0026714841,0.0068469048,0.01883220672607422,0.020038266258968488,True
32367,11,0.58503413,-2.835827,2,2,71.8915,626.66174,0.7134837,83.3258,-2.8372023,0.60004234,52,27,1,9,0.028456407,0.015021705,9.059716,0.0035092356,0.0020736556,-0.0013751984,0.015008211135864258,0.015071083970296804,True
32372,11,-1.840058,2.7512374,2,2,76.92414,608.3057,0.9345855,92.04825,2.739358,-1.8428487,52,28,1,9,0.031983238,0.011740557,8.328865,0.004262857,0.003517994,-0.011879444,0.002790689468383789,0.012202833581292647,True
32372,-11,1.29553,-2.7627654,1,2,76.92414,608.3057,0.23086116,63.210358,-2.7399962,1.317097,50,26,1,13,0.05105361,0.012710382,12.853954,0.0071675386,0.0029951213,0.022769213,0.02156698703765869,0.03136195142836237,True
32374,11,-2.8987832,1.5283473,2,2,50.547935,122.05451,0.15088761,55.898964,1.5293504,-2.8978515,32,18,1,5,0.010603234,0.016478252,6.8029084,0.005245416,0.0028636646,0.0010031462,0.0009317398071289062,0.0013691023685294507,True
32374,-11,0.2104872,-1.5292534,1,2,50.547935,122.05451,0.99248,60.26765,-1.5322642,0.22465721,37,17,1,7,0.010080215,0.014755996,5.914785,0.004956535,0.0022614354,-0.003010869,0.014170005917549133,0.014486352189375613,True
32375,-11,1.603763,2.7051454,1,2,87.6795,661.03986,0.9102426,90.21198,2.7124603,1.5885265,49,26,1,9,0.026372343,0.015962785,10.641336,0.0035888772,0.003054247,0.0073149204,0.015236496925354004,0.016901446690716374,True
32375,11,-1.5323792,-2.7125626,2,2,87.6795,661.03986,0.8781672,103.224525,-2.7094958,-1.5517873,52,15,1,9,0.033638854,0.014374328,10.055878,0.0042467625,0.0021883084,0.0030667782,0.019408106803894043,0.019648911880257844,True
32376,11,0.47183695,2.444304,2,2,22.01723,126.897354,0.00946711,30.32574,2.4305012,0.47319114,46,23,1,9,0.025678372,0.013927334,13.2418785,0.0047428044,0.0021568437,-0.013802767,0.0013541877269744873,0.013869037121371634,True
32376,-11,-2.6984746,-2.4299934,1,2,22.01723,126.897354,0.62704384,32.27995,-2.4299147,-2.7008877,47,20,1,9,0.030466348,0.02242481,13.709048,0.0055880323,0.003608767,7.867813e-05,0.002413034439086914,0.0024143167672311438,True
32377,-11,2.565952,2.1538796,1,2,27.077984,116.79071,0.5293889,36.57614,2.1539376,2.5610585,46,25,1,9,0.02666296,0.015379583,11.952951,0.006756723,0.0022385116,5.7935715e-05,0.00489354133605957,0.004893884280892224,True
32377,11,-0.5440751,-2.1285594,2,2,27.077984,116.79071,0.86262685,33.483562,-2.1276832,-0.54790336,36,22,1,9,0.020582212,0.021651888,7.182419,0.0050587016,0.0034303556,0.0008761883,0.003828287124633789,0.00392727490857068,True
32380,11,1.0818315,2.7866309,2,2,74.76757,615.9466,0.6623522,71.85617,2.7881746,1.0591948,52,17,1,11,0.026230082,0.0066643455,12.105893,0.0032581685,0.0023666497,0.0015437603,0.02263665199279785,0.022689231129526442,True
32380,-11,-2.0655403,-2.809949,1,2,74.76757,615.9466,0.8584192,66.43632,-2.8108056,-2.0536013,47,22,1,9,0.026658788,0.019621506,10.291117,0.0032809044,0.0022507086,-0.00085663795,0.011939048767089844,0.011969741603242842,True
32381,-11,-2.957621,2.2312841,1,2,71.49391,342.1564,0.60519624,84.56765,2.2344215,-2.9608815,36,22,1,15,0.027883826,0.018517738,7.9317684,0.0059815063,0.0025928135,0.00313735,0.003260374069213867,0.004524710438677609,True
32381,11,0.1947007,-2.2644274,2,2,71.49391,342.1564,0.13119094,84.42061,-2.26148,0.19849391,47,28,1,11,0.021348273,0.01973831,16.243351,0.0046349997,0.0027197297,0.0029473305,0.0037932097911834717,0.004803664977968044,True
32383,-11,1.6971977,1.5317669,1,2,11.486811,27.907093,0.10254791,12.682054,1.5338528,1.6916975,37,23,1,7,0.016195817,0.018046286,11.86166,0.007988271,0.0032606132,0.0020859241,0.005500197410583496,0.005882452809168123,True
32384,11,2.2515428,2.6935792,2,2,66.56387,484.13245,0.02911006,77.84983,2.6953971,2.2583501,51,31,1,11,0.022610782,0.023460664,13.039662,0.0031267,0.0024582923,0.0018179417,0.0068073272705078125,0.00704589358496565,True
32384,-11,-0.89749074,-2.6520371,1,2,66.56387,484.13245,0.7822966,49.59287,-2.6469057,-0.91171473,51,21,1,11,0.022118563,0.012677751,8.427543,0.0032246148,0.0027929654,0.005131483,0.014223992824554443,0.01512131244109505,True
32387,-11,-2.8571687,1.8312285,1,2,83.68836,264.73264,0.20252346,103.39551,1.833427,-2.8586638,41,17,1,9,0.017947743,0.014782678,9.843663,0.0060472223,0.0026253113,0.0021984577,0.0014951229095458984,0.0026586855389797224,True
32387,11,0.2987261,-1.8065484,2,2,83.68836,264.73264,0.72395325,103.48261,-1.8079104,0.29758918,37,19,1,9,0.01743741,0.017827662,7.237356,0.006253424,0.0026498814,-0.0013620853,0.0011369287967681885,0.0017742275818163672,True
32388,11,-0.84277993,1.8275692,2,2,98.11866,312.8417,0.998344,119.09164,1.8255693,-0.84651333,35,16,1,9,0.018663142,0.011448489,5.923892,0.006724508,0.0027894,-0.0019999743,0.003733396530151367,0.004235344952698178,True
32388,-11,2.286745,-1.8266723,1,2,98.11866,312.8417,0.7815523,111.89329,-1.8272979,2.2828176,42,16,1,9,0.01348044,0.011261051,6.7510004,0.0048349285,0.0025041162,-0.00062561035,0.003927469253540039,0.003976984165103566,True
32393,11,-3.0812023,1.8587306,2,2,17.532558,58.74957,0.07324907,23.922256,1.8566817,-3.080362,48,21,1,9,0.027778454,0.023933042,11.779218,0.009369494,0.0029148224,-0.00204885,0.0008401870727539062,0.00221443011984489,True
32393,-11,-0.003612873,-1.9007488,1,2,17.532558,58.74957,0.0,23.706837,-1.8985294,0.00013539896,41,15,1,9,0.022455,0.01842911,8.528783,0.0072438004,0.003187399,0.0022194386,0.0037482718471437693,0.004356081871722874,True
32394,11,0.8020165,-2.351639,2,2,58.889404,311.53992,0.20072426,73.87702,-2.352456,0.8015303,48,23,1,11,0.024164174,0.022055125,9.732307,0.0045954483,0.0031036146,-0.00081706047,0.00048619508743286133,0.0009507751972101409,True
32397,11,-0.36036783,2.454004,2,2,49.2184,285.57562,0.26844454,62.844795,2.4450543,-0.36331892,50,26,1,11,0.03397941,0.017371675,11.666158,0.0062538697,0.0026868351,-0.008949757,0.0029510855674743652,0.0094237492219309,True
32397,-11,2.7684631,-2.4338682,1,2,49.2184,285.57562,0.28224733,65.10695,-2.4347472,2.7720757,43,23,1,11,0.0268101,0.020162264,11.223915,0.004920694,0.0029365614,-0.0008790493,0.003612518310546875,0.003717931712375079,True
32398,11,2.7643166,1.5568993,2,2,96.11477,238.3514,0.837762,107.41412,1.5571301,2.7628038,45,14,1,7,0.01189778,0.018842034,8.420716,0.0058831526,0.0027827243,0.00023078918,0.001512765884399414,0.0015302693451537776,True
32398,-11,-0.39374378,-1.5590589,1,2,96.11477,238.3514,0.9211423,120.2358,-1.5594451,-0.39188096,43,16,1,9,0.010953703,0.01320524,7.4867544,0.005381369,0.0025786096,-0.0003862381,0.0018628239631652832,0.001902443950869806,True
32400,11,0.5411348,1.6295791,2,2,99.73753,266.1386,0.31647354,122.38409,1.632025,0.5450502,48,24,1,7,0.017939728,0.019458836,8.407478,0.007902946,0.0025811102,0.0024459362,0.00391542911529541,0.0046166209514340644,True
32400,-11,-2.6149921,-1.6455224,1,2,99.73753,266.1386,0.31147894,106.95959,-1.6435384,-2.6112242,32,16,1,11,0.013082571,0.01419227,5.707376,0.005738216,0.0027861951,0.0019840002,0.0037679672241210938,0.004258383929560131,True
32401,11,-3.0935504,2.6587496,2,2,36.217434,255.39177,0.87687886,47.90429,2.652462,-3.100564,46,27,1,9,0.03310067,0.027888931,12.561641,0.004893252,0.0031141234,-0.006287575,0.007013559341430664,0.009419321110902842,True
32401,-11,0.033860262,-2.6242523,1,2,36.217434,255.39177,0.88163114,50.11221,-2.6251974,0.03885226,44,28,1,9,0.029198127,0.023652375,11.497906,0.0044184886,0.0028196296,-0.00094509125,0.00499199703335762,0.005080672381414013,True
32403,-11,-2.069837,2.0202954,1,2,71.60738,274.08783,0.6930466,87.49161,2.019812,-2.069512,37,18,1,11,0.015426112,0.015389769,6.827432,0.004394917,0.0027746095,-0.00048327446,0.00032520294189453125,0.0005825042119585117,True
32406,11,-2.6065385,1.5743903,2,2,3.6524162,9.299207,0.16374193,5.5513024,1.5765444,-2.57996,42,10,1,5,0.03168601,0.028699892,22.100695,0.015937857,0.00227597,0.0021541119,0.026578426361083984,0.02666557604270938,True
32406,-11,0.11525388,-1.6131494,1,2,3.6524162,9.299207,0.4690894,3.2088556,-1.5992384,0.15679966,46,21,1,3,0.038886722,0.035908125,25.849188,0.018189808,0.0021259785,0.013911009,0.04154577851295471,0.04381287348584132,True
32407,11,0.35417673,2.7518892,2,2,9.629589,76.38942,0.2201194,16.706394,2.7558682,0.34410086,51,29,1,9,0.03499092,0.028324535,20.614616,0.004608368,0.0020399778,0.0039789677,0.010075867176055908,0.010833064339545501,True
32407,-11,-2.834703,-2.768679,1,2,9.629589,76.38942,0.693759,22.176476,-2.7968485,-2.8186698,52,26,1,9,0.08138618,0.033580232,41.503067,0.0093233045,0.0037075472,-0.028169632,0.016033172607421875,0.03241281821858475,True
32412,11,1.6645368,2.4874678,2,2,48.443367,292.0112,0.63835275,72.57388,2.4769015,1.6571074,52,25,1,11,0.0410339,0.035390336,13.051757,0.007279302,0.0032044037,-0.010566235,0.00742948055267334,0.012916752472544781,True
32412,-11,-1.4894372,-2.477753,1,2,48.443367,292.0112,0.068361655,54.177967,-2.4808378,-1.476775,46,18,1,9,0.028155234,0.016969161,17.361917,0.004716956,0.0030982895,-0.003084898,0.012662172317504883,0.013032544027764334,True
32415,11,-0.5562184,2.8538275,2,2,80.20698,702.51733,0.9250231,86.64871,2.8540409,-0.5647778,52,23,1,11,0.032815468,0.010659156,11.586313,0.0038671107,0.0033253424,0.00021338463,0.00855940580368042,0.008562065213000368,True
32415,-11,2.580249,-2.866077,1,2,80.20698,702.51733,0.116586804,62.510662,-2.8678336,2.6256773,52,17,1,9,0.022925386,0.00871014,15.473051,0.002618201,0.001584608,-0.0017566681,0.04542827606201172,0.04546222771430865,True
32416,-11,-1.0699617,2.260421,1,2,43.449356,208.38931,0.09748201,54.184925,2.2575467,-1.0636696,36,20,1,7,0.021004552,0.017514331,6.435974,0.0046729385,0.0027349673,-0.0028743744,0.006292104721069336,0.0069175580917524545,True
32416,11,2.0892272,-2.2395396,2,2,43.449356,208.38931,0.67896664,62.313343,-2.2408512,2.0931718,49,22,1,9,0.028171798,0.037900478,11.839332,0.00624358,0.0032082538,-0.0013115406,0.0039446353912353516,0.004156956466927863,True
32418,-11,0.20963782,2.94702,1,2,38.350708,370.5843,0.14581035,49.373047,2.9280407,0.21737352,52,38,1,9,0.033892892,0.023954203,19.529636,0.0037385614,0.003270887,-0.018979311,0.007735699415206909,0.020495250283809045,True
32418,11,-2.9222271,-2.9706638,2,2,38.350708,370.5843,0.075538844,35.374153,-2.9844775,-2.9020782,49,9,1,11,0.026142573,0.012072599,15.010251,0.0025746776,0.00012656988,-0.013813734,0.02014899253845215,0.024429513915595204,True
32419,-11,3.1409183,2.0749543,1,2,67.278885,272.17035,0.8629208,77.59824,2.076794,-3.1410825,44,20,1,9,0.016800435,0.013226403,8.929713,0.0044028717,0.0029260789,0.0018396378,-0.0011847654925745132,0.0021881353584673794,True
32419,11,0.012926947,-2.0752416,2,2,67.278885,272.17035,0.23858923,81.19872,-2.075031,0.009656309,45,21,1,9,0.01797613,0.015427115,7.207044,0.0047831535,0.00313974,0.0002105236,0.0032706381753087044,0.0032774066366862103,True
32426,-11,-3.1130435,1.7951068,1,2,71.475266,221.77057,0.21707448,89.03777,1.7931554,-3.1195197,35,21,1,9,0.014502301,0.018758858,6.1536937,0.0052665,0.0027205683,-0.0019513369,0.006476163864135742,0.0067637573821570825,True
32426,11,0.04565396,-1.8017223,2,2,71.475266,221.77057,0.9423234,81.704926,-1.801856,0.043776736,35,17,1,9,0.013438573,0.01890913,6.4379025,0.0046992186,0.0023246831,-0.00013375282,0.001877225935459137,0.0018819848645479922,True
32427,-11,1.0058298,1.9629579,1,2,24.340084,87.94568,0.17869473,31.534388,1.9641663,1.001679,44,15,1,9,0.018188812,0.016290946,7.5882473,0.005435476,0.0028267852,0.0012084246,0.004150867462158203,0.004323192178375237,True
32427,11,-2.0933433,-1.9532504,2,2,24.340084,87.94568,0.67623425,24.34844,-1.9582727,-2.112454,39,22,1,13,0.026146201,0.013778715,9.953059,0.0075955614,0.0034362355,-0.0050222874,0.019110679626464844,0.019759591267346114,True
32430,11,-0.33504513,1.5035409,2,2,54.739048,129.73398,0.98734885,54.69946,1.5060605,-0.3353134,30,13,1,5,0.008556171,0.017653544,5.0881133,0.0043441155,0.0023903616,0.0025196075,0.0002682805061340332,0.0025338501545035495,True
32430,-11,2.7760108,-1.5130489,1,2,54.739048,129.73398,0.7739745,59.646435,-1.5159317,2.777102,43,14,1,3,0.0132881515,0.019587371,10.074366,0.006820749,0.0026815957,-0.0028828382,0.0010912418365478516,0.003082460847332216,True
32431,11,-1.4579362,2.1273303,2,2,87.786446,375.931,0.8453761,106.94932,2.1240125,-1.454997,49,27,1,9,0.021418931,0.017687831,11.45606,0.0054172976,0.00259543,-0.003317833,0.0029392242431640625,0.004432499815490643,True
32431,-11,1.6738434,-2.1401734,1,2,87.786446,375.931,0.8185797,103.10574,-2.140201,1.6726351,50,20,1,9,0.015104358,0.0134056825,6.234873,0.0037084145,0.0027148358,-2.7656555e-05,0.0012083053588867188,0.0012086218289268787,True
32433,-11,-1.7095633,2.1259675,1,2,90.72996,382.26007,0.31544667,107.9323,2.1273224,-1.7106273,37,16,1,9,0.017668135,0.011267633,5.7302203,0.004366942,0.0033902728,0.0013549328,0.0010640621185302734,0.0017228090396814713,True
32433,11,1.4416685,-2.1080663,2,2,90.72996,382.26007,0.983294,104.40436,-2.1091158,1.4346888,37,16,1,11,0.017785035,0.013039949,6.0852275,0.004585978,0.0029818346,-0.0010495186,0.006979703903198242,0.007058169439522662,True
32434,-11,-0.101926565,2.1027727,1,2,83.53662,356.32574,0.010821617,99.175125,2.1013513,-0.10832629,51,23,1,11,0.017863812,0.017113384,7.0058966,0.004652608,0.002827116,-0.0014214516,0.006399728357791901,0.006555688187780991,True
32434,11,3.0500162,-2.1573951,2,2,83.53662,356.32574,0.15100989,107.23015,-2.1529095,3.0500264,51,20,1,9,0.021548359,0.017668888,12.203836,0.005248178,0.0026229122,0.004485607,1.0251998901367188e-05,0.004485618837492794,True
32435,11,0.07177081,1.5445716,2,2,10.865023,26.31037,0.6386919,14.801028,1.5479054,0.07392814,51,14,1,5,0.023202531,0.047949053,11.661778,0.011101902,0.0030215082,0.003333807,0.0021573305130004883,0.003970937413579847,True
32435,-11,3.063499,-1.5211544,1,2,10.865023,26.31037,0.84353864,1.2718017,-1.5525362,3.0963423,44,8,1,5,0.027342035,0.018644448,22.19871,0.013378965,0.0029782716,-0.031381845,0.03284335136413574,0.04542582874149053,True
32438,-11,1.1691955,1.6932454,1,2,3.879277,11.010446,0.0,8.846733,1.6905196,1.1695676,44,17,1,29,0.029371811,0.0514323,17.443277,0.012042517,0.0027597246,-0.0027258396,0.0003720521926879883,0.0027511132988710485,True
32438,11,-1.6241173,-1.7241389,2,2,3.879277,11.010446,0.28320202,6.2072887,-1.7179027,-1.5931809,38,22,1,7,0.026759394,0.029616134,13.7123375,0.010738673,0.0031417396,0.0062361956,0.030936360359191895,0.031558652182923835,True
32440,-11,-0.32673305,-2.957276,1,2,22.031126,212.32028,0.18496758,28.281727,-2.9568522,-0.30018237,49,19,3,9,0.030970471,0.016083598,17.418955,0.0033597474,0.002764831,0.00042390823,0.02655068039894104,0.026554064243299216,True
32440,11,2.8317842,2.954918,2,2,22.031126,212.32028,0.003146242,20.580267,2.9682755,2.808409,52,22,1,11,0.018715167,0.033745456,23.915928,0.0019234862,0.0016441039,0.013357639,0.023375272750854492,0.02692266534754319,True
32441,-11,0.46113977,-2.328966,1,2,78.82417,411.4174,0.041724954,103.48722,-2.333272,0.4642671,44,27,1,11,0.029270075,0.017534858,8.927901,0.0056140954,0.0030837571,-0.004306078,0.0031273365020751953,0.005321892563618967,True
32441,11,-2.6715808,2.3435566,2,2,78.82417,411.4174,0.2115736,102.229324,2.3398907,-2.6728208,42,28,1,9,0.025515806,0.0221968,8.528087,0.005033317,0.002530357,-0.003665924,0.0012400150299072266,0.0038699659660018206,True
32443,-11,2.2085617,-2.9338706,1,2,5.0140834,46.313877,0.13363577,11.332099,-2.929777,2.1892178,51,31,1,51,0.030597784,0.014515971,73.6241,0.0032898462,0.0015782302,0.004093647,0.019343852996826172,0.019772268315042692,True
32444,-11,-1.9485825,-2.0476866,1,2,78.45196,309.83783,0.20223676,102.26889,-2.0460842,-1.9531714,52,22,1,9,0.022668486,0.018783683,7.9194546,0.0062768767,0.00303534,0.0016024113,0.0045888423919677734,0.004860575719002217,True
32444,11,1.2049648,2.052897,2,2,78.45196,309.83783,0.73788345,96.40782,2.0539165,1.204793,43,21,1,11,0.016580127,0.018226642,8.611846,0.004488593,0.003057103,0.0010194778,0.00017178058624267578,0.0010338489467531563,True
32447,11,2.4156904,-2.2061248,2,2,84.9704,387.60178,0.9581797,100.79255,-2.198602,2.4051075,49,21,1,11,0.02679837,0.014407714,11.626235,0.0063767764,0.0025106296,0.0075228214,0.010582923889160156,0.012984264330345784,True
32447,-11,-0.7353613,2.191115,1,2,84.9704,387.60178,0.29296023,106.03168,2.1955714,-0.740818,41,21,1,11,0.02032887,0.018534802,11.771057,0.0046070437,0.002744043,0.00445652,0.005456745624542236,0.0070453277517769,True
32449,11,-0.74911034,-2.012667,2,2,51.538002,195.0913,0.6450529,65.544075,-2.012539,-0.74534506,40,19,1,9,0.018169906,0.01814814,9.628553,0.005174723,0.002963508,0.00012803078,0.003765285015106201,0.003767461097985854,True
32453,11,-0.16671,-2.3259568,2,2,12.828833,64.52816,0.94099116,19.276796,-2.3346462,-0.19004722,52,27,1,5,0.039471023,0.03147834,16.59025,0.007925294,0.0046748677,-0.0086894035,0.023337215185165405,0.024902436550404312,True
32453,-11,2.918204,2.272123,1,2,12.828833,64.52816,0.07599016,24.604939,2.2815707,2.912106,49,28,1,7,0.03980885,0.034663063,17.050264,0.008214717,0.0038341035,0.009447575,0.006098031997680664,0.01124467260312131,True
32455,-11,-2.2145174,2.8390048,1,2,31.479168,266.96005,0.6779581,53.535892,2.8189206,-2.2168174,52,38,1,9,0.046054672,0.03237706,25.446594,0.0052783987,0.0033039988,-0.020084143,0.0023000240325927734,0.020215412069745805,True
32457,11,2.520588,-1.9951149,2,2,38.687893,144.62344,0.9979546,46.6689,-1.9952407,2.5124755,43,24,1,13,0.024878765,0.017730357,8.249233,0.007148379,0.003158095,-0.0001257658,0.008112430572509766,0.008113405378160302,True
32457,-11,-0.6467178,1.99167,1,2,38.687893,144.62344,0.18617828,50.63311,1.9915359,-0.6523268,41,27,1,9,0.021954184,0.017813722,10.135021,0.0061776345,0.0026814328,-0.00013411045,0.005609035491943359,0.0056106385343273725,True
32458,11,1.5116624,2.857842,2,2,50.49511,443.4898,0.7890878,46.056286,2.8342628,1.5291077,51,21,1,11,0.046846487,0.022293424,18.26793,0.0058924435,0.0020706854,-0.02357912,0.01744532585144043,0.029331115718086997,True
32462,-11,-1.655472,1.7545905,1,2,6.357549,18.917461,0.8477736,3.952333,1.7956244,-1.6460272,43,11,1,13,0.028009437,0.03425433,18.670637,0.0100660585,0.0031291316,0.041033864,0.009444832801818848,0.04210680324789598,True
32467,11,2.1061268,-2.660972,2,2,73.94385,528.1058,0.74200547,95.290344,-2.660085,2.1191816,52,26,1,9,0.037070844,0.025902923,11.854818,0.005265858,0.0032041457,0.00088715553,0.013054847717285156,0.013084956777190692,True
32467,-11,-1.0422703,2.6474793,1,2,73.94385,528.1058,0.321615,94.782814,2.6423187,-1.0329593,45,27,1,11,0.03165427,0.026126338,10.009586,0.0047603794,0.0025346694,-0.00516057,0.00931096076965332,0.010645443821669417,True
32470,-11,-0.80286735,-2.6825557,1,2,38.112465,281.11633,0.35107738,27.577848,-2.699323,-0.7895877,51,25,1,9,0.035924423,0.02668304,13.087234,0.004689334,0.0032666335,-0.016767263,0.01327967643737793,0.021389037302892305,True
32470,11,2.3516312,2.6909702,2,2,38.112465,281.11633,0.4442844,50.27548,2.684863,2.3553724,51,28,1,9,0.0341107,0.0257852,11.631439,0.004762161,0.0030416956,-0.006107092,0.0037412643432617188,0.007161957286132123,True
32471,-11,2.8269126,-2.0974522,1,2,92.41454,382.95868,0.6819053,113.28368,-2.0925071,2.827713,47,19,1,11,0.01832545,0.016011937,7.433087,0.0047820397,0.003152913,0.0049450397,0.0008003711700439453,0.005009392431060928,True
32471,11,-0.3050215,2.1023676,2,2,92.41454,382.95868,0.76848924,111.19984,2.1025333,-0.3055593,37,23,1,9,0.019020293,0.016351068,6.191908,0.0049793916,0.0025494737,0.00016570091,0.0005378127098083496,0.0005627604314685263,True
32475,-11,2.6457238,-1.5919559,1,2,7.717363,19.286125,0.87928,8.218849,-1.5992236,2.6475763,50,16,1,5,0.02065063,0.020131048,32.073933,0.0094734095,0.004033297,-0.0072677135,0.0018525123596191406,0.007500097569205107,True
32475,11,-0.29272312,1.5447232,2,2,7.717363,19.286125,0.21758004,10.126593,1.5496552,-0.25429055,49,15,1,9,0.01765635,0.054674406,11.971637,0.008389372,0.0023028695,0.004932046,0.038432568311691284,0.03874774038489204,True
32476,11,-0.64648366,-1.7053398,2,2,42.37439,120.33003,0.92844206,42.68367,-1.7062774,-0.6515954,42,16,1,9,0.016154865,0.011103833,7.115549,0.0066237147,0.0027155362,-0.00093758106,0.005111753940582275,0.005197026706037102,True
32476,-11,2.463245,1.7033188,1,2,42.37439,120.33003,0.3557775,51.25475,1.7046071,2.4617443,35,17,1,7,0.012901468,0.01963498,5.8125,0.0051818937,0.0030667598,0.0012882948,0.0015006065368652344,0.0019777571731175187,True
32477,-11,2.64966,2.8746648,1,2,18.455437,165.90463,0.8640466,23.70028,2.8706756,2.6648717,52,28,1,7,0.0512564,0.01656217,23.993534,0.005848467,0.0033097283,-0.0039892197,0.01521158218383789,0.01572596913280672,True
32477,11,-0.47018105,-2.8976965,2,2,18.455437,165.90463,0.20782632,23.812143,-2.8889675,-0.48981428,51,15,1,7,0.030752974,0.016247666,23.787863,0.0032519842,0.0014719769,0.008728981,0.019633233547210693,0.02148625067859882,True
32479,-11,-2.9502156,-2.5385213,1,2,63.25867,399.8133,0.44467184,79.17774,-2.5392015,-2.9519584,45,26,1,11,0.023843491,0.022710538,10.048517,0.0038854387,0.0028981054,-0.0006802082,0.0017428398132324219,0.001870875147715161,True
32481,-11,-0.4398791,1.7885134,1,2,73.43453,227.80507,0.13403802,95.39822,1.7879056,-0.4385584,40,26,1,13,0.014417313,0.017935798,6.6981544,0.005365769,0.002611863,-0.00060784817,0.0013206899166107178,0.0014538573644830271,True
32481,11,2.7183542,-1.8079987,2,2,73.43453,227.80507,0.23914991,87.47579,-1.8072406,2.7195096,31,17,1,11,0.017263688,0.0151821645,5.8945923,0.0060186842,0.0028256066,0.0007580519,0.0011553764343261719,0.0013818600984948934,True
32484,11,0.1330176,2.7053456,2,2,43.19734,326.7992,0.4845718,55.269535,2.7136874,0.13613516,49,29,1,11,0.027651722,0.040378228,20.258493,0.00369023,0.00237128,0.008341789,0.0031175613403320312,0.00890531502078041,True
32487,-11,-2.9478211,2.3927743,1,2,23.147121,128.22504,0.4837476,32.98768,2.398392,-2.9532685,45,24,1,9,0.028020762,0.020156695,13.692678,0.0051330253,0.0038789932,0.0056176186,0.0054473876953125,0.007825066938320814,True
32487,11,0.22223957,-2.4009404,2,2,23.147121,128.22504,0.9035834,28.76583,-2.4002793,0.23229995,50,23,1,9,0.033672053,0.020494543,16.404148,0.0060370825,0.002700243,0.0006611347,0.0100603848695755,0.010082085242734908,True
32488,11,2.3429127,2.1190794,2,2,78.49207,330.0791,0.5738371,98.12218,2.1232433,2.3421557,45,31,1,9,0.01999022,0.020299142,9.707454,0.004940762,0.0029528826,0.0041639805,0.0007569789886474609,0.00423222772462814,True
32488,-11,-0.80983406,-2.1110194,1,2,78.49207,330.0791,0.65768224,100.68113,-2.116032,-0.8087104,51,22,1,9,0.018504508,0.019953024,9.911212,0.004636966,0.0022136215,-0.005012512,0.001123666763305664,0.0051369159639413145,True
32489,-11,2.1485765,1.6469469,1,2,82.110756,216.23096,0.010157939,97.72899,1.6495954,2.1487625,34,18,1,11,0.014021616,0.016153779,6.2639356,0.005956833,0.0026267753,0.0026484728,0.00018596649169921875,0.0026549937565112916,True
32489,11,-0.97505695,-1.6002585,2,2,82.110756,216.23096,0.88607603,101.98215,-1.6012281,-0.97723895,34,18,1,11,0.012229497,0.012703328,6.1280456,0.005595109,0.0028864914,-0.00096964836,0.0021820068359375,0.0023877545469473127,True
32490,-11,0.15829305,-2.9403675,1,2,86.89263,803.6166,0.41533524,107.49894,-2.9382052,0.15456316,52,38,1,9,0.028631547,0.025163637,18.017899,0.0031664062,0.001985124,0.002162218,0.003729894757270813,0.004311299331865122,True
32491,11,-0.14421412,2.2842534,2,2,34.09854,166.65704,0.011803084,46.170593,2.2866325,-0.14563023,40,26,1,7,0.02394731,0.022825614,13.844548,0.0049682315,0.0035907961,0.002379179,0.0014161020517349243,0.0027687249199209777,True
32491,-11,2.9753723,-2.2544165,1,2,34.09854,166.65704,0.5409847,46.56813,-2.2513094,2.9780574,39,22,1,9,0.03143938,0.022416988,8.9770565,0.006737714,0.0028156962,0.003107071,0.002685070037841797,0.0041065180905172464,True
32492,11,0.6288113,2.622061,2,2,21.276495,150.3611,0.41014227,25.21695,2.6125922,0.59246784,49,29,1,7,0.049271446,0.03175125,29.687498,0.007527727,0.0025342633,-0.009468794,0.03634345531463623,0.03755668788201792,True
32492,-11,-2.5368822,-2.6655552,1,2,21.276495,150.3611,0.8940056,26.30829,-2.6542623,-2.5587754,50,26,1,7,0.044061463,0.031719495,21.317263,0.006517332,0.0032980905,0.011292934,0.02189326286315918,0.02463423074731685,True
32493,-11,0.12089693,2.302777,1,2,33.050842,169.1503,0.90272653,43.25646,2.2977693,0.12667751,44,28,1,11,0.02953871,0.02382454,9.780718,0.0063192183,0.0028513665,-0.005007744,0.0057805851101875305,0.007648049530965835,True
32493,11,-2.999062,-2.3298626,2,2,33.050842,169.1503,0.6515288,42.4073,-2.3308823,-3.0040073,42,23,1,11,0.03013986,0.021850195,12.167584,0.006055264,0.002765513,-0.0010197163,0.004945278167724609,0.005049316523647978,True
32494,11,-2.2315757,1.8267287,2,2,84.41954,270.82806,0.1108195,103.218506,1.8275925,-2.23029,38,22,1,11,0.014427055,0.01332576,7.4218836,0.005035615,0.002722368,0.0008637905,0.0012857913970947266,0.001548997600259861,True
32494,-11,0.8960831,-1.8405535,1,2,84.41954,270.82806,0.9936549,111.88372,-1.8419096,0.9017997,37,16,1,9,0.013686472,0.02091276,7.6189575,0.0046497216,0.0027994881,-0.0013561249,0.005716562271118164,0.005875215645753905,True
32495,11,2.5742757,2.7926133,2,2,56.04277,461.17075,0.2924678,69.1263,2.7926168,2.5971625,51,16,1,9,0.024453167,0.01925287,11.538696,0.002980389,0.0013849178,3.5762787e-06,0.02288675308227539,0.022886753361689625,True
32495,-11,-0.57510567,-2.801588,1,2,56.04277,461.17075,0.8300626,49.481407,-2.7949219,-0.5968122,48,31,1,13,0.038314592,0.01667942,16.839092,0.0048421836,0.0029644421,0.0066661835,0.02170652151107788,0.02270707110547246,True
32496,-11,-2.703414,-2.8145783,1,2,41.87487,344.81467,0.0,51.843697,-2.8131526,-2.6986856,49,19,1,9,0.0200257,0.023818608,10.154379,0.0024432738,0.0019789145,0.0014257431,0.0047283172607421875,0.004938595702632737,True
32497,-11,1.3349411,1.9740982,1,2,44.85897,165.49728,0.99248946,57.827778,1.9752746,1.335506,49,20,1,11,0.017038288,0.020817129,8.802615,0.0050909803,0.0029300929,0.0011763573,0.0005648136138916016,0.001304925608393795,True
32497,11,-1.7841288,-1.9853436,2,2,44.85897,165.49728,0.13981791,57.467533,-1.990793,-1.7812827,43,18,1,11,0.025373872,0.01502468,9.179745,0.006985365,0.0025632381,-0.0054494143,0.0028461217880249023,0.006147887805309328,True
32498,11,-2.1563876,2.6259081,2,2,15.061471,105.14826,0.5688162,22.890934,2.6287482,-2.1468246,47,24,1,7,0.026710112,0.028226929,10.952403,0.0038888736,0.002800767,0.002840042,0.009562969207763672,0.009975781637515635,True
32498,-11,0.9507192,-2.6366382,1,2,15.061471,105.14826,0.7910019,31.637787,-2.6480136,0.9446467,52,28,1,5,0.048968792,0.038092483,25.388271,0.0068929936,0.0033544917,-0.011375427,0.0060724616050720215,0.012894771613962222,True
32499,11,0.79723775,2.0966818,2,2,61.45566,256.01862,0.9887475,70.85476,2.0962858,0.78706557,52,31,1,11,0.02337101,0.018128961,13.616019,0.006042219,0.0028077888,-0.00039601326,0.01017218828201294,0.010179893955573812,True
32499,-11,-2.3588037,-2.1141272,1,2,61.45566,256.01862,0.3514462,73.65209,-2.1138878,-2.358224,39,21,1,9,0.020222062,0.021711342,7.9455385,0.0051043807,0.0028474913,0.00023937225,0.000579833984375,0.0006273009844903673,True
34269,11,1.9072301,2.2752335,2,2,98.46026,484.6574,0.59586495,113.987236,2.2722464,1.9108807,44,30,1,11,0.024343159,0.017816668,9.306924,0.005143224,0.0032869237,-0.0029871464,0.0036505460739135742,0.0047169407524276785,True
34269,-11,-1.2419575,-2.2776828,1,2,98.46026,484.6574,0.018524503,127.024734,-2.280831,-1.2512481,41,27,1,11,0.031743065,0.020773118,15.130095,0.006413639,0.0028756252,-0.0031483173,0.009290575981140137,0.009809521115422722,True
34271,11,-2.9870777,2.6772552,2,2,8.789984,63.115574,0.9658518,26.568764,2.640917,-3.0026112,50,24,1,7,0.054171737,0.042055994,16.57906,0.008101382,0.0039730845,-0.03633809,0.015533447265625,0.03951891745848275,True
34271,-11,0.0970967,-2.642561,1,2,8.789984,63.115574,0.3786617,19.095072,-2.645119,0.08317576,43,25,1,7,0.042487875,0.027878711,19.363445,0.0060714427,0.0040815356,-0.002557993,0.01392093300819397,0.014153999562604741,True
34272,-11,-0.9594576,2.3287117,1,2,68.630486,345.67984,0.9735116,81.27626,2.3347578,-0.95077044,51,27,1,11,0.025502957,0.016700616,11.199141,0.005048328,0.002775656,0.0060460567,0.008687138557434082,0.010584005870719584,True
34272,11,2.19271,-2.2719908,2,2,68.630486,345.67984,0.12476636,58.35785,-2.2717428,2.1770296,40,20,1,9,0.03033391,0.014902512,9.814976,0.006585669,0.0025471316,0.00024795532,0.015680313110351562,0.015682273466576933,True
34274,-11,1.2286494,1.7558513,1,2,14.860395,44.709957,0.547288,20.852516,1.7526885,1.2212434,40,23,1,9,0.016301751,0.032191053,19.233286,0.006237178,0.0030528079,-0.0031627417,0.007405996322631836,0.00805305632773158,True
34274,11,-1.8278284,-1.7764602,2,2,14.860395,44.709957,0.6859807,16.89201,-1.779535,-1.8021901,34,16,1,7,0.02092118,0.025551518,6.7441645,0.00767366,0.0026411128,-0.0030748844,0.025638341903686523,0.02582207369048975,True
34275,-11,2.680162,1.9206016,1,2,27.617424,96.11307,0.7292199,38.846233,1.9175482,2.6822958,49,22,1,9,0.026406169,0.023082837,11.802011,0.008580875,0.003074384,-0.0030534267,0.0021338462829589844,0.003725146275597325,True
34275,11,-0.42245466,-1.9173516,2,2,27.617424,96.11307,0.8016329,38.64434,-1.9154154,-0.42328233,38,18,1,9,0.02405344,0.023955213,8.197526,0.007711158,0.0029659006,0.0019361973,0.0008276700973510742,0.0021056822276182834,True
34276,-11,-0.15119357,-1.7686768,1,2,96.36099,290.9291,0.38404176,112.660995,-1.7711289,-0.15353444,43,17,1,11,0.014630242,0.02295341,6.851239,0.0053338623,0.0030563734,-0.002452135,0.00234086811542511,0.003390078163885733,True
34277,-11,1.0457587,2.2802176,1,2,25.252575,128.1757,0.6023247,33.039593,2.2920763,1.0506262,40,26,1,7,0.03496969,0.028377192,11.667772,0.007001193,0.0030778411,0.011858702,0.004867434501647949,0.012818764572923006,True
34277,11,-2.067301,-2.3362262,2,2,25.252575,128.1757,0.6763665,33.04971,-2.341927,-2.0653028,37,23,1,7,0.03514428,0.01605457,9.304088,0.0066808276,0.003078074,-0.0057008266,0.0019981861114501953,0.006040875186909309,True
34279,-11,-0.48286036,2.2062254,1,2,10.113876,46.526844,0.35195088,18.261131,2.204889,-0.48666215,43,24,1,5,0.03736692,0.027994592,13.883147,0.008420815,0.0037665942,-0.0013363361,0.003801792860031128,0.004029816765283114,True
34279,11,2.7377298,-2.2087662,2,2,10.113876,46.526844,0.540504,5.9001126,-2.222555,2.7133975,42,16,1,5,0.046897557,0.02450774,27.801535,0.010429844,0.0056422567,-0.0137887,0.024332284927368164,0.0279676302523054,True
34285,11,-2.8377142,1.6395792,2,2,41.2191,111.56391,0.7470909,52.11615,1.6393722,-2.8373315,40,26,1,7,0.020667208,0.019008216,13.369164,0.009195457,0.002547085,-0.00020694733,0.0003826618194580078,0.00043503708357184724,True
34285,-11,0.26926425,-1.6663828,1,2,41.2191,111.56391,0.5282463,51.343548,-1.6670455,0.27118832,39,19,1,7,0.017988661,0.024009611,7.167938,0.0079711145,0.0029029895,-0.00066268444,0.001924067735671997,0.0020349907383261975,True
34286,-11,2.328278,2.6230896,1,2,97.919716,676.2452,0.6620912,118.42639,2.6344082,2.3324642,52,28,1,9,0.027590465,0.0179756,8.855016,0.0039187716,0.0027298522,0.011318684,0.004186153411865234,0.012067994149175707,True
34286,11,-0.80798614,-2.6174643,2,2,97.919716,676.2452,0.20318064,126.06954,-2.6180851,-0.7995914,47,26,1,9,0.025913116,0.026607864,10.722662,0.0037699286,0.0027862778,-0.000620842,0.008394718170166016,0.0084176444401401,True
34290,11,-0.011143091,-2.0894673,2,2,32.676502,134.8854,0.98024464,47.68462,-2.0899181,-0.025106264,52,20,1,11,0.026951836,0.023304095,11.26178,0.007162846,0.0028847863,-0.00045084953,0.013963173143565655,0.013970449868872246,True
34290,-11,3.1030362,2.1024618,1,2,32.676502,134.8854,0.6218722,39.834717,2.1053681,3.1064432,45,17,1,9,0.018939272,0.016767992,11.742474,0.004817544,0.0031709124,0.0029063225,0.003407001495361328,0.004478210503694882,True
34292,11,-2.8687177,2.1929626,2,2,59.114155,273.00098,0.9205033,78.516914,2.1895869,-2.8625007,46,22,1,9,0.0174018,0.017054427,8.113927,0.0040135463,0.0027902639,-0.0033757687,0.006217002868652344,0.007074386098308952,True
34295,11,-0.1794644,-2.8406796,2,2,57.242123,480.81146,0.5897342,39.023315,-2.8382592,-0.15619895,52,15,1,9,0.03922036,0.009078517,23.31184,0.004694623,0.0025741423,0.0024204254,0.023265451192855835,0.023391017044945353,True
34295,-11,2.9545667,2.7953887,1,2,57.242123,480.81146,0.9979982,74.847824,2.8009932,2.955179,51,37,1,11,0.04110197,0.018685913,16.250814,0.0047227317,0.0020834708,0.0056045055,0.0006122589111328125,0.0056378492900816465,True
34297,-11,2.8366358,-2.6467938,1,2,57.391327,408.80957,0.50167024,77.07501,-2.6430209,2.8424308,48,32,1,9,0.028292015,0.028811127,13.261114,0.0041019483,0.003008643,0.003772974,0.005795001983642578,0.006915011268684016,True
34297,11,-0.2960748,2.656315,2,2,57.391327,408.80957,0.013409384,80.31169,2.6502874,-0.28358096,52,20,1,11,0.02519922,0.026909387,12.129415,0.0037311711,0.0025259634,-0.0060276985,0.01249384880065918,0.013871892698415132,True
34299,-11,1.847447,-2.9785533,1,2,29.07371,294.04166,0.025370186,34.154842,-2.9478679,1.8496531,51,31,1,13,0.03759497,0.017383907,24.843704,0.004146555,0.0027283486,0.030685425,0.002206087112426758,0.030764624421431613,True
34304,-11,2.823106,-2.3416378,1,2,88.93643,464.6761,0.96400046,115.15104,-2.3411376,2.8316016,43,25,1,11,0.021751689,0.024339939,7.4160094,0.004291879,0.0023516272,0.0005002022,0.008495569229125977,0.008510281942844405,True
34304,11,-0.3106129,2.3329463,2,2,88.93643,464.6761,0.7715612,115.11696,2.3373065,-0.3119402,48,22,1,9,0.024632959,0.015658544,7.1897273,0.0050413706,0.0024928877,0.004360199,0.0013273060321807861,0.0045577490498324,True
34305,11,-2.8561516,-1.6384106,2,2,48.3991,125.484955,0.27354592,59.01149,-1.6381444,-2.8479793,48,15,1,11,0.0133060645,0.013532138,10.835503,0.0058638197,0.002565322,0.00026619434,0.008172273635864258,0.008176607842375042,True
34305,-11,0.254427,1.5756816,1,2,48.3991,125.484955,0.05621614,62.509956,1.5773674,0.25390127,40,21,1,11,0.010333048,0.016041178,8.60778,0.004884589,0.0024402235,0.0016858578,0.0005257129669189453,0.0017659248276597208,True
34307,11,1.0565512,-1.8906269,2,2,64.7611,221.31418,0.9958351,83.633736,-1.8930867,1.053979,46,16,1,9,0.01920086,0.018630432,8.087995,0.006250098,0.0028257202,-0.0024597645,0.002572178840637207,0.0035590090237809986,True
34307,-11,-2.1020212,1.909288,1,2,64.7611,221.31418,0.7260465,75.01551,1.9090867,-2.1024194,38,16,1,11,0.015265754,0.01565453,7.01113,0.004850093,0.0028844671,-0.00020134449,0.0003981590270996094,0.0004461728527543033,True
34308,-11,-2.6911385,2.9721792,1,2,99.88742,966.7019,0.12176147,85.23369,2.99026,-2.7149746,46,7,3,11,0.01378084,0.0055368287,8.735888,0.0014011769,0.00022401703,0.018080711,0.023836135864257812,0.02991777891965113,True
34309,11,2.1477222,-1.6862592,2,2,32.04771,88.930336,0.68323964,16.162683,-1.6922413,2.1866665,40,14,1,5,0.016568579,0.015429701,7.2080917,0.006749488,0.0029364931,-0.0059821606,0.038944244384765625,0.039401020484918045,True
34309,-11,-1.0371578,1.6731445,1,2,32.04771,88.930336,0.22157294,38.37351,1.6743916,-1.0399588,51,17,1,9,0.018478785,0.016979527,15.490358,0.007774132,0.0027165124,0.0012471676,0.002801060676574707,0.003066165006612044,True
34310,11,-1.1211606,2.9684923,2,2,34.525078,343.4816,0.0,55.818066,2.946885,-1.1313456,52,38,1,9,0.046727423,0.052182347,37.123417,0.0050955736,0.0038223823,-0.02160716,0.010185003280639648,0.023887312095265945,True
34311,-11,2.5379248,-2.9543755,1,2,54.068905,516.919,0.011093435,49.16087,-2.9561446,2.5660417,52,23,1,11,0.020884331,0.018525807,19.041952,0.002222582,0.0016961474,-0.0017690659,0.028116941452026367,0.02817253965518279,True
34313,11,0.35589167,-1.8306533,2,2,77.83603,249.3718,0.73703474,93.48504,-1.8307037,0.35078335,39,21,1,9,0.022575075,0.025860723,7.985172,0.007919997,0.002966693,-5.042553e-05,0.00510832667350769,0.0051085755487506965,True
34313,-11,-2.8008363,1.8337487,1,2,77.83603,249.3718,0.26043257,102.453384,1.8332822,-2.805065,36,18,1,9,0.015182618,0.011402506,6.786621,0.0052541825,0.0023985782,-0.00046646595,0.0042285919189453125,0.0042542425999806815,True
34315,-11,-0.6440397,-2.894856,1,2,37.855564,348.79272,0.36168802,44.640495,-2.896494,-0.66469854,52,18,1,11,0.037317064,0.024921995,24.55851,0.0041828835,0.00326233,-0.0016379356,0.02065885066986084,0.020723680757897264,True
34315,11,2.5078778,2.9271975,2,2,37.855564,348.79272,0.4882744,44.581577,2.921411,2.4887273,52,36,1,7,0.023818012,0.020756396,24.665575,0.0025717418,0.0021610695,-0.005786419,0.019150495529174805,0.020005602281437742,True
34317,11,0.25016043,-2.9126658,2,2,69.96577,658.7985,0.9588796,69.31192,-2.8932896,0.28034604,52,38,1,15,0.045397367,0.038136255,24.776728,0.005217184,0.0029725046,0.019376278,0.030185610055923462,0.03586936290117088,True
34317,-11,-2.8968892,2.9532092,1,2,69.96577,658.7985,0.17588332,77.5965,2.9402096,-2.897146,52,20,1,9,0.026372137,0.00593226,12.450353,0.0029221268,0.0013348388,-0.012999535,0.0002567768096923828,0.013002070351192737,True
34318,-11,1.3489362,-2.883629,1,2,61.00484,548.5326,0.9940047,60.377354,-2.8927817,1.3290964,52,38,1,9,0.028896522,0.029553412,31.48424,0.003153947,0.0015748246,-0.009152651,0.019839763641357422,0.021849193097595733,True
34318,11,-1.785997,2.88905,2,2,61.00484,548.5326,0.36889365,63.108105,2.8928835,-1.7645453,52,25,1,9,0.027671073,0.028169831,21.507477,0.0030393188,0.0017281504,0.0038335323,0.021451711654663086,0.021791555773027972,True
34319,11,-1.6025124,2.449687,2,2,7.8498993,45.940067,0.6079771,18.862865,2.4251924,-1.620079,42,18,1,19,0.033266716,0.03141886,14.494266,0.0060382728,0.0026739298,-0.024494648,0.017566680908203125,0.030142595824187192,True
34321,-11,2.7131991,-2.1802099,1,2,70.128456,322.82086,0.98295885,96.2268,-2.1824715,2.7183948,52,20,1,9,0.02722144,0.023461467,7.936693,0.006230081,0.00251013,-0.0022616386,0.00519561767578125,0.005666520285818972,True
34321,11,-0.4170094,2.2364566,2,2,70.128456,322.82086,0.19210735,80.19992,2.2369041,-0.41639662,41,15,1,9,0.0128252115,0.014303542,6.8718743,0.0028095627,0.0022184204,0.00044751167,0.000612795352935791,0.0007588048774404132,True
34322,-11,-1.4567509,-2.32053,1,2,88.0204,453.3752,0.48429036,109.46538,-2.3173213,-1.4570054,42,15,1,11,0.017248306,0.01604473,8.602927,0.0035352446,0.00249913,0.0032086372,0.00025451183319091797,0.0032187154220349305,True
34322,11,1.6929562,2.3249598,2,2,88.0204,453.3752,0.4925468,108.9424,2.3285096,1.6971488,45,26,1,11,0.028029215,0.017616259,11.930765,0.0053639347,0.002787643,0.0035498142,0.0041925907135009766,0.00549354146800862,True
34323,11,-3.0867813,-1.7333388,2,2,52.847958,153.2392,0.120193645,67.93466,-1.7328132,-3.0844324,41,15,1,7,0.016359186,0.014666241,9.059086,0.0063524283,0.0029175482,0.00052559376,0.0023488998413085938,0.0024069855106227103,True
34323,-11,0.029864138,1.7199097,1,2,52.847958,153.2392,0.8859417,58.98916,1.7216263,0.03789115,52,16,1,9,0.013311448,0.011866732,13.144715,0.0052006254,0.0025370975,0.0017166138,0.008027011528611183,0.008208512466592295,True
34324,-11,1.9537116,-2.7641213,1,2,17.276264,137.74051,0.7829099,21.673264,-2.7457542,1.9292854,47,22,1,7,0.037889834,0.03892144,16.134893,0.0050516035,0.0041292994,0.018367052,0.02442622184753418,0.03056123237654778,True
34324,11,-1.1615973,2.7663944,2,2,17.276264,137.74051,0.9869682,24.618778,2.7720659,-1.1584843,51,21,1,7,0.041296273,0.035256743,20.034525,0.0049788933,0.0032171889,0.005671501,0.0031129121780395508,0.006469632657485845,True
34325,11,2.9146354,-2.5077038,2,2,91.85958,567.611,0.5370042,111.164154,-2.5035126,2.9129624,51,26,1,11,0.025776077,0.0188845,8.601816,0.0042846864,0.0029043346,0.00419116,0.001672983169555664,0.004512726107639389,True
34328,-11,2.4143224,-1.7491553,1,2,49.637753,146.92592,0.99532336,63.98828,-1.747891,2.4101691,38,24,1,11,0.016419623,0.012135182,7.8607836,0.006261743,0.0029597548,0.0012643337,0.004153251647949219,0.004341432823672402,True
34328,11,-0.7013362,1.7478681,2,2,49.637753,146.92592,0.21781342,62.50965,1.7473679,-0.7005268,43,21,1,7,0.016600544,0.023396881,9.613944,0.006400804,0.0029188013,-0.0005002022,0.0008094310760498047,0.000951515048071523,True
34331,-11,-0.98359156,-2.5630593,1,2,75.46354,490.48492,0.86898035,94.568436,-2.5691695,-0.98199445,52,38,1,11,0.03038685,0.025402643,14.611793,0.0048438497,0.0025646205,-0.0061101913,0.0015971064567565918,0.006315471985517573,True
34331,11,2.165355,2.5548053,2,2,75.46354,490.48492,0.71561825,93.955475,2.5545275,2.159616,42,23,1,11,0.02433478,0.023412298,9.458526,0.003844463,0.0028352684,-0.00027775764,0.005738973617553711,0.005745691210998107,True
34333,-11,-0.3226519,-1.5215795,1,2,70.68465,167.89531,0.3489968,74.55677,-1.5212088,-0.32199204,37,13,1,5,0.00948097,0.012298791,6.8439274,0.004722637,0.0029281806,0.0003707409,0.0006598532199859619,0.0007568719044968888,True
34333,11,2.8425221,1.4999634,2,2,70.68465,167.89531,0.7358141,77.22474,1.5021257,2.842626,48,16,1,5,0.0137287,0.016374648,10.300082,0.00718331,0.0026311055,0.0021623373,0.00010395050048828125,0.002164834501450866,True
34334,11,1.0920229,2.6953156,2,2,74.84268,554.1602,0.6699013,96.89689,2.6974514,1.0928736,52,33,1,11,0.04415601,0.023992026,15.582698,0.0056101633,0.0028836543,0.0021357536,0.000850677490234375,0.0022989335657811706,True
34336,-11,-1.0029453,-2.0357363,1,2,54.183086,209.8309,0.009649208,71.456276,-2.037007,-1.0061884,39,20,1,7,0.024723947,0.016929526,8.224742,0.0065774485,0.002757631,-0.001270771,0.003243088722229004,0.0034831714661101255,True
34336,11,2.1563876,2.0242803,2,2,54.183086,209.8309,0.18642037,64.879295,2.0225413,2.157039,40,18,1,9,0.01777437,0.017066807,7.168878,0.005066244,0.0027349151,-0.0017390251,0.0006513595581054688,0.0018570077080881174,True
34337,11,1.5481461,-2.6775491,2,2,45.83435,337.49014,0.55497646,62.16986,-2.684685,1.5540743,51,20,1,9,0.022611635,0.018379578,14.11713,0.0030790176,0.0024140181,-0.007135868,0.005928158760070801,0.009277051310868348,True
34337,-11,-1.60408,2.6925316,1,2,45.83435,337.49014,0.013391787,55.082985,2.697899,-1.5879906,49,15,1,13,0.04465425,0.016803501,13.361313,0.0057927663,0.0026659057,0.0053675175,0.016089320182800293,0.016961027907903367,True
34338,11,-0.669788,-2.7846286,2,2,40.690437,329.5208,0.12715133,40.846138,-2.7984676,-0.63397324,52,27,1,7,0.049693972,0.034652907,30.164808,0.005714149,0.0022215773,-0.013839006,0.035814762115478516,0.038395511338629375,True
34338,-11,2.4608746,2.7773147,1,2,40.690437,329.5208,0.759764,48.23944,2.7832227,2.436745,50,35,3,9,0.03659769,0.017408371,17.438805,0.0044094636,0.0022441507,0.0059080124,0.024129629135131836,0.024842375323054708,True
34339,11,-1.2424835,-2.8969226,2,2,46.242176,421.55695,0.33526126,38.04973,-2.9072936,-1.2656466,52,17,1,9,0.028629545,0.009881269,24.539537,0.003179419,0.0019557304,-0.01037097,0.0231630802154541,0.025378835588857358,True
34340,-11,0.9326085,2.4774628,1,2,38.553265,228.59842,0.3982033,55.04869,2.4845927,0.9468467,49,31,1,9,0.036219314,0.04937303,15.6004925,0.0060082306,0.0032682538,0.0071299076,0.014238238334655762,0.01592366211446609,True
34341,-11,-1.6181778,-2.0622575,1,2,36.877357,149.75967,0.25630936,45.650032,-2.0633688,-1.6182464,35,18,1,9,0.015645046,0.016382085,6.383524,0.0042259456,0.0029494248,-0.001111269,6.866455078125e-05,0.0011133883185176392,True
34341,11,1.5481392,2.096239,2,2,36.877357,149.75967,0.9029034,44.186344,2.0961845,1.5546937,38,24,1,9,0.026029985,0.03234531,8.27641,0.0067496537,0.0030044941,-5.4597855e-05,0.0065544843673706055,0.006554711759325053,True
34343,11,0.5620945,-2.1951926,2,2,66.4784,303.2213,0.8524815,84.932175,-2.19359,0.57105327,43,18,1,9,0.022174532,0.020446014,7.8398957,0.0051858043,0.002447991,0.0016026497,0.008958756923675537,0.009100978609043147,True
34343,-11,-2.591628,2.2018187,1,2,66.4784,303.2213,0.09300701,80.575134,2.2056277,-2.6005948,51,19,1,9,0.024329348,0.01894809,9.709633,0.005670569,0.0025784255,0.0038089752,0.008966684341430664,0.009742161993282029,True
34344,11,-0.17690192,-1.8361068,2,2,23.135483,73.77064,0.62584746,30.645464,-1.8362992,-0.1683854,48,18,1,5,0.020791957,0.031171974,10.900178,0.0072475467,0.0029605774,-0.0001924038,0.008516520261764526,0.008518693361586354,True
34344,-11,2.91347,1.8185766,1,2,23.135483,73.77064,0.3655535,25.01392,1.8206503,2.8998036,39,15,1,7,0.019823655,0.017812854,6.0016475,0.0069077755,0.0028422282,0.0020737648,0.013666391372680664,0.013822834491300208,True
34345,11,-1.3122442,-1.9915113,2,2,39.057087,146.70284,0.9914316,52.052826,-1.990479,-1.3199252,42,20,1,9,0.018965745,0.023159688,10.184989,0.005488934,0.0024266366,0.0010323524,0.007681012153625488,0.00775007737251841,True
34345,-11,1.8039296,2.0052352,1,2,39.057087,146.70284,0.66406167,46.453854,2.0071898,1.7987105,29,15,1,9,0.012631691,0.011637516,5.270722,0.0035899954,0.0029547228,0.0019545555,0.005219101905822754,0.005573088167562469,True
34347,11,-2.2918544,-2.3006577,2,2,88.954056,447.49164,0.57293785,106.78591,-2.3016288,-2.288327,37,23,1,9,0.0228832,0.017405096,7.110887,0.0046933093,0.002803602,-0.0009710789,0.003527402877807617,0.00365862887422764,True
34347,-11,0.84153193,2.296665,1,2,88.954056,447.49164,0.4759193,108.24816,2.2969906,0.83823043,49,21,1,11,0.020421362,0.016158551,7.619194,0.004281895,0.0028575512,0.00032567978,0.0033015012741088867,0.0033175258825556193,True
34353,11,1.8429852,-2.2857785,2,2,14.324416,72.13064,0.5760243,22.612644,-2.2917647,1.8505138,49,17,1,7,0.03051776,0.030007511,12.96569,0.0061595286,0.0037050706,-0.0059862137,0.00752866268157959,0.009618498590476865,True
34353,-11,-1.3493474,2.3139474,1,2,14.324416,72.13064,0.35223845,26.668884,2.321044,-1.3607469,42,20,1,9,0.039603118,0.030273575,14.446246,0.0077367397,0.0028912728,0.007096529,0.011399507522583008,0.013427937082178243,True
34355,11,-1.3208338,-1.5906352,2,2,21.458673,55.40938,0.6181549,15.810183,-1.5945759,-1.2969862,41,15,1,7,0.016718043,0.016958958,9.082809,0.0075676,0.0032737085,-0.0039407015,0.023847579956054688,0.024170978442071098,True
34355,-11,1.7504559,1.6138513,1,2,21.458673,55.40938,0.82533723,22.93431,1.6124563,1.7816483,46,17,1,9,0.014601109,0.01708418,7.879026,0.0067069703,0.0031352697,-0.0013949871,0.031192421913146973,0.031223599628770162,True
34356,-11,-3.0877714,-2.715457,1,2,24.318012,185.0681,0.18485986,32.99776,-2.7189147,-3.079408,48,25,1,9,0.03320605,0.016438324,18.569323,0.004427686,0.0031380951,-0.0034577847,0.008363485336303711,0.009050091801647115,True
34356,11,0.073307805,2.7212021,2,2,24.318012,185.0681,0.18568255,30.22773,2.717056,0.03354447,47,27,1,9,0.04974794,0.040232837,16.10343,0.006879415,0.0027682215,-0.004146099,0.03976333513855934,0.03997890642304878,True
34358,-11,-0.31324095,-2.5388336,1,2,82.011795,518.03784,0.59713775,100.353134,-2.5487318,-0.29865527,51,26,1,9,0.028129194,0.018719936,10.223017,0.004426328,0.00300166,-0.009898186,0.014585673809051514,0.017627137042065158,True
34360,11,2.9694717,-2.8639393,2,2,49.293,436.96524,0.7944072,67.79587,-2.863684,2.9724061,52,38,1,11,0.039471406,0.026371123,26.143436,0.0045386027,0.0033502085,0.0002553463,0.0029344558715820312,0.0029455446006257957,True
34360,-11,-0.18036379,2.880178,1,2,49.293,436.96524,0.9537249,59.948696,2.887821,-0.18029799,52,26,1,11,0.03159996,0.029851807,30.35825,0.0034746497,0.00271709,0.0076429844,6.580352783203125e-05,0.007643267713920921,True
34361,11,1.0267736,-2.24438,2,2,63.091698,305.8544,0.83727837,79.859535,-2.2437916,1.0229719,42,22,1,11,0.01914466,0.01452869,10.689219,0.0042313533,0.0026470975,0.00058841705,0.003801703453063965,0.003846970726891707,True
34361,-11,-2.126812,2.2776372,1,2,63.091698,305.8544,0.9590352,79.38681,2.271327,-2.1277428,39,25,1,9,0.02441157,0.021073204,7.0162425,0.005015155,0.0028234418,-0.0063102245,0.0009307861328125,0.006378502643359435,True
34365,11,2.7802446,-2.282489,2,2,10.851573,54.100708,0.9143986,22.022987,-2.2916942,2.7614496,51,24,1,9,0.046003543,0.034533683,16.695206,0.009423508,0.0039296686,-0.009205103,0.018795013427734375,0.020928125755797472,True
34365,-11,-0.42904204,2.2968836,1,2,10.851573,54.100708,0.7039676,11.853858,2.2965403,-0.39313394,46,22,1,7,0.04882742,0.030584596,18.316517,0.009769548,0.004079005,-0.00034332275,0.03590810298919678,0.03590974423183925,True
34366,11,2.5079439,-2.1067758,2,2,25.255484,105.16394,0.44357553,32.840645,-2.1069012,2.5035331,50,14,1,7,0.027620783,0.019948095,10.353171,0.00705372,0.002760029,-0.00012540817,0.004410743713378906,0.004412526182910224,True
34366,-11,-0.6687436,2.1030967,1,2,25.255484,105.16394,0.7177047,28.416933,2.1088812,-0.68117666,46,18,1,9,0.02816886,0.027067788,8.871161,0.0071734283,0.0035390113,0.0057845116,0.012433052062988281,0.013712817334583587,True
34367,11,-2.2537897,-2.8750517,2,2,99.110344,885.0864,0.7663615,113.0248,-2.852257,-2.255318,49,28,1,9,0.029164586,0.020866588,10.817426,0.0035201246,0.0022420017,0.022794724,0.0015282630920410156,0.022845896882628586,True
34368,-11,2.9473932,-1.7123557,1,2,12.373238,35.447533,0.27615577,12.28833,-1.7163372,2.9249458,35,15,1,7,0.016961832,0.015593694,11.7473,0.0066795037,0.0029356848,-0.003981471,0.02244734764099121,0.02279770884537809,True
34368,11,-0.086140685,1.71599,2,2,12.373238,35.447533,0.72843933,16.243813,1.7100272,-0.13404034,40,17,1,7,0.0174563,0.021472743,14.632191,0.0069855666,0.0034914254,-0.0059627295,0.04789965599775314,0.04826936073958074,True
34371,11,-2.638386,1.8081305,2,2,49.857082,155.41342,0.5767308,62.003323,1.8077796,-2.6332264,34,18,1,9,0.016814008,0.014377958,6.326749,0.0059758835,0.0028339291,-0.00035095215,0.005159616470336914,0.005171538410518175,True
34371,-11,0.47881567,-1.7985291,1,2,49.857082,155.41342,0.15792511,61.515553,-1.7965531,0.4767536,32,16,1,9,0.015672205,0.0108176805,5.594338,0.005815502,0.0028275682,0.0019760132,0.002062082290649414,0.0028560132134054007,True
34372,11,-2.8021688,-2.8476899,2,2,47.529125,414.84064,0.07500967,40.498146,-2.8301408,-2.7841542,49,28,1,7,0.045193408,0.014845165,12.513672,0.005656661,0.0014573038,0.017549038,0.01801466941833496,0.02514949392317216,True
34372,-11,0.3307138,2.8651965,1,2,47.529125,414.84064,0.93697435,42.897,2.8849332,0.32658428,52,14,1,9,0.020254815,0.0072607547,19.286762,0.00222215,0.001149512,0.019736767,0.004129528999328613,0.02016415052934227,True
34373,11,0.014715196,-2.8501482,2,2,38.7408,333.16074,0.12285855,63.808197,-2.8274374,0.022572214,52,32,1,9,0.055235296,0.037371043,20.41901,0.0068858326,0.0038381706,0.0227108,0.007857018150389194,0.024031504407420634,True
34375,-11,-1.9759377,-2.2583733,1,2,87.42276,426.95682,0.5608071,101.6244,-2.2546675,-1.9784127,39,17,1,9,0.02078887,0.016536418,8.795706,0.0046166712,0.002497962,0.00370574,0.0024750232696533203,0.004456259517870795,True
34375,11,1.1742581,2.27859,2,2,87.42276,426.95682,0.004170363,104.73648,2.280972,1.1757649,50,23,1,11,0.023435049,0.017051468,7.4516177,0.004901725,0.0027938695,0.00238204,0.001506805419921875,0.0028186126359727587,True
34377,11,1.2312238,2.2924056,2,2,37.434284,188.56418,0.27402887,50.182163,2.2889113,1.2406269,45,22,1,7,0.022063361,0.021619458,10.112291,0.0046115415,0.0031555092,-0.0034942627,0.009403109550476074,0.010031367852995271,True
34378,-11,0.49593836,-2.5107765,1,2,75.29986,465.29736,0.14056766,92.532364,-2.5105553,0.5070173,48,22,1,11,0.036076408,0.01673278,8.926176,0.00630249,0.0032069068,0.00022125244,0.011078953742980957,0.011081162785643932,True
34378,11,-2.6378646,2.5047045,2,2,75.29986,465.29736,0.79787797,61.723953,2.505778,-2.6542044,52,20,1,7,0.022507517,0.01170621,12.321159,0.0038502947,0.0025998477,0.0010735989,0.016339778900146484,0.01637501111342097,True
34379,-11,-2.4291534,-2.7941048,1,2,90.49595,741.0206,0.59764194,112.421814,-2.7940962,-2.425352,52,28,1,9,0.023845267,0.02665466,11.681716,0.0029097372,0.002632557,8.583069e-06,0.0038013458251953125,0.0038013555150499504,True
34379,11,0.71731216,2.7901428,2,2,90.49595,741.0206,0.8224649,114.79849,2.7903686,0.71382046,49,29,1,11,0.028960416,0.022521991,10.737758,0.0035526252,0.0026538847,0.0002257824,0.003491699695587158,0.0034989919196518012,True
34381,-11,0.23343624,2.8615599,1,2,19.869112,175.57146,0.98145807,23.12039,2.8433502,0.22295882,52,15,1,7,0.03817407,0.0050229747,31.917078,0.004435619,0.0020057054,-0.018209696,0.010477423667907715,0.021008793747625657,True
34384,11,2.1340292,1.6230088,2,2,23.686184,62.783836,0.2548794,31.082325,1.6242706,2.1365943,46,17,1,7,0.02146328,0.017614227,12.910438,0.009777524,0.0026008806,0.0012617111,0.002565145492553711,0.002858651141679958,True
34384,-11,-1.0693173,-1.6379685,1,2,23.686184,62.783836,0.5866077,24.81641,-1.6378384,-1.091511,33,14,1,7,0.011008193,0.013559981,5.2668567,0.0048127817,0.0029505168,0.00013017654,0.02219367027282715,0.022194052043546006,True
34385,11,2.5075912,1.9777093,2,2,16.961594,63.11681,0.40576664,23.81841,1.9709344,2.5037246,44,14,1,9,0.02936354,0.021381984,12.991413,0.008961414,0.0027955025,-0.0067749023,0.0038666725158691406,0.007800670363009005,True
34385,-11,-0.69301254,-1.9999474,1,2,16.961594,63.11681,0.33076927,23.72011,-1.9927766,-0.69323236,46,25,1,9,0.02356041,0.01881895,10.766974,0.0068632104,0.0024297729,0.0071707964,0.00021982192993164062,0.007174164893124728,True
34386,-11,0.62757844,2.4712734,1,2,98.68955,599.9122,0.9702407,116.859505,2.4779391,0.6197227,49,23,1,9,0.022509176,0.005941311,10.33464,0.0037475328,0.0024232613,0.0066657066,0.007855713367462158,0.010302615155427436,True
34386,11,-2.5079565,-2.5113804,2,2,98.68955,599.9122,0.2534945,116.84236,-2.508073,-2.505767,46,24,1,9,0.020796854,0.017603114,7.9744277,0.0034905612,0.0028594928,0.0033073425,0.0021893978118896484,0.003966355680571654,True
34391,11,-2.3079555,-2.0188766,2,2,84.56331,322.715,0.8217567,106.089836,-2.0185506,-2.3080049,50,20,1,11,0.01879047,0.016271502,7.191941,0.00546302,0.0022530735,0.0003259182,4.935264587402344e-05,0.00032963366818689993,True
34391,-11,0.82210046,2.010734,1,2,84.56331,322.715,0.2504215,104.116684,2.0084765,0.8192826,44,30,1,11,0.021737628,0.015790973,10.458084,0.006347363,0.0025788604,-0.0022575855,0.002817869186401367,0.0036106895601576323,True
34392,-11,-0.6289703,-2.2936642,1,2,45.531322,232.09143,0.34060705,58.264305,-2.2981155,-0.6298436,47,23,1,9,0.02120379,0.022177732,9.78243,0.004359528,0.0027303265,-0.004451275,0.000873267650604248,0.004536126557622626,True
34392,11,2.528386,2.3309538,2,2,45.531322,232.09143,0.501451,57.408337,2.3296344,2.533777,52,25,1,9,0.034478642,0.02520817,12.252016,0.006673724,0.0029985772,-0.0013194084,0.00539088249206543,0.005549995730939184,True
34395,-11,-2.82661,-1.6716814,1,2,20.195063,55.701206,0.32456404,24.896906,-1.6701235,-2.8308754,30,14,1,7,0.015515908,0.02071798,5.566021,0.0065876725,0.0030909628,0.0015579462,0.004265308380126953,0.00454093074767329,True
34395,11,0.3841351,1.6748945,2,2,20.195063,55.701206,0.9327577,19.115547,1.6707344,0.38262528,41,14,1,5,0.0187786,0.019656055,10.979862,0.007986718,0.0028298043,-0.0041600466,0.0015098154544830322,0.004425554175944649,True
34396,11,-0.74859476,-2.6489131,2,2,59.105705,421.4344,0.06374532,77.43949,-2.6466005,-0.7698209,46,25,1,9,0.02754086,0.024278112,16.174946,0.0039980244,0.0028570483,0.0023126602,0.021226167678833008,0.021351781930568428,True
34396,-11,2.38441,2.656166,1,2,59.105705,421.4344,0.7089027,75.2711,2.6535606,2.377138,50,26,1,9,0.02662107,0.029272228,9.792764,0.003772517,0.0030953214,-0.0026054382,0.007272005081176758,0.0077246596225093445,True
34397,11,1.0530767,2.7991934,2,2,64.27059,531.5421,0.95181686,84.59,2.7920163,1.0489367,47,33,1,9,0.019520825,0.023173448,14.069881,0.0023965568,0.0014876411,-0.0071771145,0.004140019416809082,0.008285573737547436,True
34397,-11,-2.0953312,-2.805124,1,2,64.27059,531.5421,0.9854669,89.388405,-2.790112,-2.0893183,52,27,1,9,0.043520413,0.027390406,13.862583,0.005570375,0.0021908071,0.015012026,0.006012916564941406,0.01617145875774514,True
34398,-11,-0.7985432,-2.9056017,1,2,81.10368,743.325,0.016417217,84.908264,-2.9181967,-0.7780686,52,28,1,11,0.027422022,0.026011467,15.574332,0.00300315,0.0022336948,-0.012594938,0.020474612712860107,0.024038349171982915,True
34398,11,2.3479114,2.9055252,2,2,81.10368,743.325,0.38563806,65.3891,2.9029372,2.3621035,49,12,1,13,0.018881507,0.003952097,11.2365675,0.0020608772,0.0010390355,-0.0025880337,0.01419210433959961,0.014426147920984034,True
34404,-11,0.14810683,-2.435021,1,2,14.060152,82.103516,0.5368821,17.113283,-2.4471445,0.13210997,44,22,1,9,0.026265468,0.016213099,11.446649,0.0046278066,0.003216414,-0.012123585,0.015996858477592468,0.02007189067641665,True
34404,11,-2.9491482,2.4661338,2,2,14.060152,82.103516,0.32867786,23.353106,2.4574733,-2.9485238,42,22,1,7,0.04181971,0.017833963,10.426893,0.0072552003,0.004397568,-0.008660555,0.0006244182586669922,0.00868303583487465,True
34405,11,-1.9267178,-2.5819964,2,2,96.01483,648.1229,0.7619442,118.66949,-2.5806415,-1.932761,52,30,1,9,0.025677906,0.021503352,12.625286,0.0040019383,0.0030851837,0.0013549328,0.006043195724487305,0.006193226732453665,True
34405,-11,1.2092814,2.6126337,1,2,96.01483,648.1229,0.08710445,108.29827,2.6080222,1.2040224,51,20,1,9,0.0238105,0.020845622,8.7909155,0.0035218704,0.0027052176,-0.004611492,0.005259037017822266,0.006994521430474112,True
34406,11,2.814243,-2.8915763,2,2,4.277201,38.102604,0.7480056,4.6727424,-2.903626,2.818648,50,10,1,13,0.04565927,0.014898145,42.950176,0.00479073,0.0033438357,-0.012049675,0.004405021667480469,0.0128296098759424,True
34406,-11,-0.42205644,2.8633056,1,2,4.277201,38.102604,0.041741926,12.005851,2.8430803,-0.4113857,52,27,1,5,0.05243619,0.03384368,48.825417,0.006248649,0.0041632517,-0.020225286,0.010670751333236694,0.022867600622348175,True
34408,-11,-2.0395846,1.9294754,1,2,58.761307,205.51105,0.6520485,77.21254,1.9272951,-2.0436091,41,27,1,7,0.021468073,0.024063516,11.434505,0.006800396,0.0026721398,-0.002180338,0.004024505615234375,0.0045771736665810815,True
34409,11,0.78140855,2.92394,2,2,43.247623,401.20084,0.6857529,36.62513,2.8979404,0.76135635,52,31,1,11,0.038772292,0.04316183,30.239214,0.0042176764,0.0030403729,-0.025999546,0.020052194595336914,0.03283392911154993,True
34410,11,0.91527516,1.7335843,2,2,42.68854,124.56603,0.6710245,52.046425,1.7356427,0.91895634,43,17,1,7,0.016047586,0.018475749,7.065321,0.00610055,0.0026397505,0.0020583868,0.003681182861328125,0.004217589757202329,True
34410,-11,-2.2570024,-1.7331052,1,2,42.68854,124.56603,0.4768097,42.66367,-1.736576,-2.2631712,37,14,1,7,0.018270575,0.016357912,8.138969,0.006903376,0.00305176,-0.0034707785,0.006168842315673828,0.007078200217242061,True
34411,11,0.011465513,2.242578,2,2,51.297897,245.51353,0.4217342,68.865204,2.2426348,0.017678702,51,22,1,9,0.024345066,0.018238472,12.481145,0.0053044762,0.0032904034,5.6743622e-05,0.006213189102709293,0.006213448210506262,True
34411,-11,3.1381104,-2.2529736,1,2,51.297897,245.51353,0.34106967,73.76728,-2.2512717,3.1397438,41,27,1,9,0.029618947,0.025431134,16.552979,0.006537458,0.0029069171,0.0017018318,0.0016334056854248047,0.002358865335000185,True
34412,-11,-0.7721664,-2.173859,1,2,61.064705,272.63654,0.711393,76.99635,-2.1701932,-0.7751258,48,18,1,11,0.017163785,0.016625427,9.640185,0.004036163,0.002318122,0.0036656857,0.00295943021774292,0.004711207750512567,True
34412,11,2.3829114,2.179301,2,2,61.064705,272.63654,0.32555148,75.063675,2.1811855,2.3841248,44,19,1,11,0.021077592,0.014144133,10.258219,0.0048695337,0.0031829248,0.0018844604,0.0012133121490478516,0.0022412758767489664,True
34415,11,-0.47401673,-2.5224977,2,2,9.80867,61.84302,0.5036932,10.450072,-2.5244434,-0.45504212,43,12,1,9,0.049074102,0.016616048,16.32267,0.0077416394,0.0024924534,-0.001945734,0.018974602222442627,0.019074103133186072,True
34415,-11,2.6087947,2.5340831,1,2,9.80867,61.84302,0.41968355,18.398197,2.5287373,2.6030054,46,23,1,9,0.04860737,0.038546834,16.71468,0.007889403,0.0038468144,-0.0053458214,0.005789279937744141,0.007879947220866147,True
34418,-11,0.35015026,1.9646657,1,2,27.444107,100.09808,0.06938435,37.443863,1.965858,0.35254264,42,21,1,7,0.020060278,0.022712361,8.342506,0.0059368685,0.0026182423,0.0011923313,0.002392381429672241,0.0026730399942293055,True
34418,11,-2.7541807,-1.9710592,2,2,27.444107,100.09808,0.96183836,43.028202,-1.969002,-2.7532618,38,22,1,29,0.029671522,0.021264438,12.6915655,0.008237006,0.0025044724,0.0020571947,0.0009188652038574219,0.0022530786825942545,True
34419,-11,1.885464,-2.8800907,1,2,99.03123,896.9986,0.10131716,98.635155,-2.8829546,1.8992105,51,33,1,11,0.038608577,0.01656153,16.254297,0.004489754,0.0032438661,-0.002863884,0.013746500015258789,0.014041655674298187,True
34419,11,-1.2521343,2.9075122,2,2,99.03123,896.9986,0.3439952,111.822525,2.909872,-1.2604462,52,18,1,11,0.02301323,0.022426898,16.090706,0.0025333914,0.0018866812,0.002359867,0.008311867713928223,0.00864037715478921,True
34420,-11,2.4035254,2.3685606,1,2,71.21878,384.84204,0.26926777,88.24842,2.3700335,2.4030135,40,21,1,9,0.026368165,0.019744165,8.267778,0.0050793258,0.0028617792,0.00147295,0.0005118846893310547,0.001559361274282041,True
34426,11,2.6486404,2.0642204,2,2,90.74095,365.64536,0.26575214,110.28329,2.060954,2.6542997,50,22,1,11,0.017157074,0.017269365,7.5471916,0.0046733473,0.0024819102,-0.0032663345,0.005659341812133789,0.006534301112785576,True
34426,-11,-0.5030638,-2.077914,1,2,90.74095,365.64536,0.23291564,116.33419,-2.0784984,-0.503421,51,23,1,13,0.023928609,0.016538255,13.069247,0.006233482,0.003093447,-0.00058436394,0.000357210636138916,0.0006848946268431414,True
34427,11,-0.2593339,-2.7843623,2,2,87.23017,717.5246,0.81971693,79.132835,-2.7928026,-0.2701896,50,29,1,11,0.047444336,0.011939808,15.05292,0.005690248,0.003025754,-0.008440256,0.010855704545974731,0.013750790784956553,True
34430,11,3.0425775,2.2412887,2,2,89.660034,430.14325,0.5210664,114.64347,2.2383509,3.0409453,40,22,1,9,0.02099051,0.020266235,8.058019,0.004651842,0.0027125613,-0.0029377937,0.0016322135925292969,0.0033607667271349792,True
34430,-11,-0.10754892,-2.2591963,1,2,89.660034,430.14325,0.4859372,113.23449,-2.2511528,-0.10778151,41,21,1,9,0.019179307,0.016791739,7.35651,0.0042462954,0.0026453976,0.008043528,0.00023258477449417114,0.008046889750182598,True
34431,11,3.1054668,2.4836326,2,2,58.92251,353.15744,0.7132535,72.696045,2.4822865,3.108684,52,24,1,9,0.02753177,0.024514513,14.988659,0.0047608092,0.0030314112,-0.0013461113,0.0032172203063964844,0.0034874807706188468,True
34431,-11,-0.046452254,-2.470034,1,2,58.92251,353.15744,0.02246,82.0128,-2.4774396,-0.036330752,40,26,1,11,0.03115469,0.031313248,14.026767,0.005286669,0.003188411,-0.007405758,0.010121501982212067,0.01254153316389101,True
34432,11,0.5414109,-2.6629188,2,2,68.59265,495.02634,0.75701565,91.00863,-2.6505394,0.54589045,51,35,1,11,0.035969917,0.03095286,14.341907,0.0054090754,0.0026361917,0.012379408,0.004479527473449707,0.013164949951245819,True
34432,-11,-2.6075459,2.6665647,1,2,68.59265,495.02634,0.9274988,87.0075,2.657151,-2.6076849,45,31,1,11,0.043319426,0.031363234,12.0168915,0.006495754,0.0012106176,-0.009413719,0.00013899803161621094,0.009414745258972722,True
34433,-11,-0.0176636,-1.5451838,1,2,63.642086,155.66522,0.9264761,69.145294,-1.5452799,-0.012436512,30,16,1,9,0.010043707,0.010064782,5.595245,0.0048957947,0.0028090812,-9.608269e-05,0.005227087996900082,0.005227971003185717,True
34433,11,-3.13398,1.5406709,2,2,63.642086,155.66522,0.9547495,45.236485,1.5407856,3.1338544,40,15,1,7,0.01093054,0.0087026125,6.1317687,0.0053702355,0.0028258169,0.00011467934,-0.01535064378847295,0.015351072147274086,True
34434,-11,1.7905407,-2.0392456,1,2,42.96738,169.44592,0.7207056,56.41181,-2.0406008,1.7929709,52,21,1,7,0.020034349,0.016304646,25.205742,0.0054202806,0.002672617,-0.0013551712,0.0024302005767822266,0.0027825103475989693,True
34434,11,-1.3291233,2.058419,2,2,42.96738,169.44592,0.37946483,52.84418,2.057572,-1.3280019,44,15,1,9,0.019587895,0.014598725,11.016636,0.0052761086,0.003236786,-0.0008471012,0.0011214017868041992,0.001405390490238741,True
34437,11,-1.5255713,1.8120769,2,2,54.52423,173.42635,0.73816377,59.529453,1.8132548,-1.5231655,34,18,1,7,0.016102448,0.018635187,10.590986,0.005665686,0.002628422,0.001177907,0.002405881881713867,0.002678755773070745,True
34437,-11,1.5942168,-1.8372935,1,2,54.52423,173.42635,0.69244003,65.84274,-1.8366342,1.5970918,40,18,1,9,0.016297216,0.015700141,6.5393844,0.005451356,0.0026405181,0.0006593466,0.0028749704360961914,0.0029496089414429833,True
34441,-11,-2.282045,-2.4963112,1,2,83.323074,506.71683,0.5023601,104.91263,-2.496467,-2.2818983,44,30,1,9,0.025249697,0.020218806,9.708627,0.0041702557,0.0029003068,-0.00015592575,0.00014662742614746094,0.00021403841206684953,True
34441,11,0.8667383,2.4868057,2,2,83.323074,506.71683,0.71454513,110.09969,2.4881206,0.8559015,52,27,1,11,0.027523436,0.023720613,11.833788,0.0047870716,0.0021957047,0.0013148785,0.01083683967590332,0.0109163180367196,True
34444,11,-0.6386118,2.4223902,2,2,38.762905,217.71358,0.790029,50.2893,2.4229262,-0.65096074,50,23,1,9,0.030656047,0.0155103,10.025137,0.0056760637,0.0030479215,0.00053596497,0.012348949909210205,0.012360575322563652,True
34444,-11,2.4862359,-2.3994563,1,2,38.762905,217.71358,0.5256745,53.758804,-2.414557,2.4896717,46,18,1,7,0.048892196,0.029253788,18.050083,0.008525817,0.0022190923,-0.015100718,0.003435850143432617,0.015486663152604536,True
34445,-11,1.0736271,-2.3856928,1,2,73.15881,394.25745,0.1663023,92.03977,-2.3819695,1.0778253,47,17,1,11,0.022378594,0.014990832,7.8410916,0.004310863,0.002996326,0.003723383,0.004198193550109863,0.005611453431903245,True
34445,11,-2.0587664,2.3522038,2,2,73.15881,394.25745,0.9895696,86.273796,2.3519263,-2.0621285,46,21,1,9,0.018999578,0.016860334,6.8325305,0.00373741,0.0026872957,-0.00027751923,0.0033621788024902344,0.003373612784650233,True
34447,11,-2.1430857,2.5406625,2,2,79.786156,501.56592,0.16775766,104.85081,2.5360749,-2.1372912,42,28,1,11,0.03336577,0.024361992,15.092468,0.0053482186,0.0026692755,-0.0045876503,0.005794525146484375,0.0073907412830137645,True
34447,-11,0.9913021,-2.5098786,1,2,79.786156,501.56592,0.7160525,100.117004,-2.5068064,0.9907736,41,27,1,11,0.02922981,0.027232584,8.058614,0.004969516,0.0026260796,0.0030722618,0.0005284547805786133,0.0031173798066304577,True
34448,11,-2.6408467,-2.1201322,2,2,36.114986,154.80948,0.8460916,43.751675,-2.1287084,-2.6562252,51,18,1,9,0.033253327,0.027192265,10.003748,0.007896359,0.0028452436,-0.008576155,0.015378475189208984,0.01760817787915225,True
34448,-11,0.47694084,2.149635,1,2,36.114986,154.80948,0.12090897,44.452953,2.1483696,0.47943082,45,19,1,9,0.018629406,0.013761898,8.679344,0.0045029134,0.002679466,-0.0012655258,0.0024899840354919434,0.0027931301603582753,True
34454,-11,-3.0864897,2.6168454,1,2,56.59919,406.62732,0.7982311,84.47399,2.6169732,-3.0887737,43,29,1,11,0.032929074,0.026327413,13.879382,0.004989136,0.0032193828,0.00012779236,0.0022840499877929688,0.002287622178945224,True
34454,11,0.06400183,-2.7055254,2,2,56.59919,406.62732,0.9220094,72.24031,-2.7000408,0.05687591,48,25,1,9,0.029108798,0.023995312,11.3656,0.0038873493,0.0029007413,0.005484581,0.007125917822122574,0.008992181747166922,True
34456,-11,-0.08186254,-2.5205188,1,2,90.437,574.06537,0.11040825,124.49915,-2.5304182,-0.086127,50,31,1,9,0.039659817,0.036994573,16.033634,0.006089642,0.0022817377,-0.009899378,0.004264459013938904,0.010778835453042201,True
34456,11,3.0660882,2.549652,2,2,90.437,574.06537,0.97381914,111.09602,2.5481982,3.0705383,50,25,1,11,0.029126203,0.02083473,11.083375,0.0047783083,0.0033662561,-0.0014538765,0.004450082778930664,0.004681558886001478,True
34458,11,0.14234582,-1.8767865,2,2,47.69999,157.6138,0.3386736,62.50917,-1.8764584,0.1413883,39,18,1,9,0.014255059,0.01859708,6.9789205,0.004691114,0.002777199,0.00032806396,0.0009575188159942627,0.0010121601889088781,True
34458,-11,-3.0231283,1.8526999,1,2,47.69999,157.6138,0.46016824,58.78419,1.8525782,-3.0244036,38,15,1,7,0.017022584,0.01783671,6.763837,0.0058647594,0.002828996,-0.000121712685,0.0012753009796142578,0.001281095845830926,True
34467,11,-2.388946,-1.5758929,2,2,42.61063,107.7513,0.60033053,38.07713,-1.5745232,-2.378739,38,14,1,7,0.010540753,0.014876755,5.712193,0.0050200215,0.0026731805,0.0013697147,0.010206937789916992,0.010298431795714267,True
34467,-11,0.7163798,1.5827407,1,2,42.61063,107.7513,0.76869637,54.300617,1.5826933,0.71661466,49,14,1,11,0.014481091,0.014261982,15.031673,0.006965484,0.0024383564,-4.7326088e-05,0.00023484230041503906,0.00023956348775436488,True
34469,-11,0.04852073,1.8516657,1,2,10.858186,34.90903,0.9040294,16.33321,1.8490585,0.09415093,36,20,1,7,0.02957249,0.025158409,10.97898,0.010139468,0.0030289683,-0.0026072264,0.04563020169734955,0.04570462707735638,True
34469,11,-2.9849243,-1.8212546,2,2,10.858186,34.90903,0.6778636,11.390951,-1.8241341,-3.0304935,52,20,1,7,0.024936624,0.024265524,15.155535,0.008716808,0.0031273623,-0.0028795004,0.04556918144226074,0.04566006810609497,True
34472,-11,2.813856,1.6084477,1,2,85.35732,223.51535,0.669538,100.94875,1.6098402,2.8158906,47,15,1,7,0.011137272,0.017785877,5.7118855,0.0050606667,0.002516332,0.0013924837,0.0020346641540527344,0.0024655362685737257,True
34472,11,-0.31036547,-1.6259692,2,2,85.35732,223.51535,0.53692853,104.863174,-1.6272509,-0.30953905,35,15,1,9,0.0141743645,0.019168895,7.124503,0.0061553526,0.0028451122,-0.0012817383,0.000826418399810791,0.0015250640619880636,True
34473,11,-2.096139,2.876102,2,2,74.66987,670.25616,0.35544696,79.37083,2.889169,-2.1115818,52,20,1,11,0.023420934,0.014938047,16.366848,0.0025627143,0.0020436072,0.013067007,0.015442848205566406,0.020229390335990503,True
34473,-11,1.0399705,-2.8932009,1,2,74.66987,670.25616,0.2032516,73.06087,-2.8838978,1.062321,50,16,1,11,0.021740086,0.013630225,12.656927,0.0024552222,0.0015210484,0.009303093,0.022350430488586426,0.024209280878905063,True
34476,11,2.5699873,2.4114852,2,2,8.448012,46.973385,0.8020017,15.680075,2.410252,2.5442486,42,17,1,9,0.044837072,0.0291669,19.232904,0.007986642,0.0035632083,-0.0012331009,0.02573871612548828,0.025768237145682566,True
34477,-11,-2.963368,1.8442521,1,2,75.82738,244.50377,0.03121389,95.22231,1.8428857,-2.9668307,37,18,1,11,0.018463288,0.012166265,6.483179,0.0062470958,0.002425496,-0.0013663769,0.0034627914428710938,0.0037226214271016654,True
34477,11,0.19364418,-1.8337132,2,2,75.82738,244.50377,0.29529417,95.01022,-1.8349043,0.19593948,41,23,1,9,0.016413094,0.016369257,9.777187,0.0056498633,0.002849828,-0.0011911392,0.0022953003644943237,0.0025859652757738733,True
34478,-11,-2.3907402,-1.9212164,1,2,79.05752,278.10242,0.66233915,72.048965,-1.9205825,-2.393267,42,28,1,7,0.026177803,0.022900507,21.228642,0.008282188,0.0036469735,0.0006338358,0.0025267601013183594,0.002605045951093805,True
34478,11,0.76431936,1.939122,2,2,79.05752,278.10242,0.64994043,98.57824,1.9380083,0.7610845,43,21,1,11,0.015390851,0.016043918,8.116062,0.0047557955,0.0027630033,-0.0011136532,0.00323486328125,0.00342119333033156,True
34479,11,1.3131812,-2.0511515,2,2,78.67984,311.659,0.009220558,101.900314,-2.0493197,1.3165274,47,21,1,9,0.020043423,0.020028774,7.6170063,0.0054546297,0.0027393582,0.00183177,0.0033462047576904297,0.00381476963242792,True
34479,-11,-1.8403496,2.0555482,1,2,78.67984,311.659,0.22340247,102.68265,2.0599916,-1.8408983,40,26,1,9,0.018609919,0.01783387,10.045018,0.004974471,0.0023622536,0.004443407,0.0005487203598022461,0.00447715979289508,True
34481,-11,-2.88093,2.8879664,1,2,99.84825,893.284,0.72096044,87.7522,2.8768787,-2.8915277,51,15,1,11,0.035040453,0.005507438,9.964799,0.003923625,0.00261302,-0.011087656,0.010597705841064453,0.015337779873436343,True
34481,11,0.26471707,-2.8746042,2,2,99.84825,893.284,0.18623734,107.79888,-2.8878996,0.2673076,52,26,1,19,0.02207983,0.009134458,11.717475,0.002448758,0.0014010358,-0.013295412,0.0025905370712280273,0.013545436907616375,True
34482,11,-0.8211989,2.0841439,2,2,92.22708,383.82935,0.7609773,121.20354,2.0854511,-0.82055384,41,20,1,9,0.01858682,0.017527144,6.547327,0.004833807,0.002626897,0.0013072491,0.0006450414657592773,0.0014577306214338711,True
34482,-11,2.3107555,-2.1249876,1,2,92.22708,383.82935,0.30401853,114.68458,-2.1231482,2.309256,52,27,1,9,0.017625079,0.017474974,8.489468,0.004357411,0.0023973694,0.0018393993,0.0014994144439697266,0.0023731063064525836,True
34483,-11,-2.0542371,2.8252554,1,2,36.0866,308.06436,0.67805797,34.750072,2.8154483,-2.0763235,52,22,1,7,0.058070417,0.017417667,26.685022,0.0072572385,0.0027921377,-0.00980711,0.022086381912231445,0.024165836891269447,True
34483,11,1.0991228,-2.843008,2,2,36.0866,308.06436,0.575426,51.525875,-2.848779,1.0875038,51,17,1,9,0.039666407,0.039034173,29.10732,0.0044613723,0.0033205089,-0.0057709217,0.011618971824645996,0.012973204882349217,True
34484,11,0.4470693,1.8077472,2,2,48.481308,156.16629,0.8649332,63.144173,1.8083881,0.45075968,39,25,1,9,0.013197005,0.018225057,7.527611,0.0046938905,0.0028309617,0.00064086914,0.003690391778945923,0.003745624745955884,True
34484,-11,-2.7186759,-1.8691372,1,2,48.481308,156.16629,0.5959462,60.714314,-1.8681918,-2.7195976,44,28,1,9,0.01524741,0.020014081,8.329038,0.004952719,0.0022939097,0.00094532967,0.0009217262268066406,0.0013203133775218719,True
34486,-11,-0.47415397,2.8382504,1,2,10.902943,90.38429,0.063087784,17.868357,2.8334575,-0.458235,51,26,1,7,0.049716707,0.03958842,26.573036,0.0057294597,0.0036712291,-0.0047929287,0.015918970108032227,0.01662485415379441,True
34486,11,2.7073534,-2.7720575,2,2,10.902943,90.38429,0.8350038,11.581832,-2.7735481,2.6921601,48,22,1,7,0.04932665,0.0050711664,22.961649,0.0060109375,0.0030552973,-0.001490593,0.01519322395324707,0.01526616918076097,True
34488,-11,-0.82396585,1.8990297,1,2,50.607136,170.27443,0.032941584,67.2028,1.8968244,-0.8270118,42,15,1,11,0.01760158,0.017101066,7.590998,0.0056812395,0.0027824496,-0.0022053719,0.003045976161956787,0.0037605366077347537,True
34488,11,2.3397028,-1.8685008,2,2,50.607136,170.27443,0.82597715,68.37673,-1.8710213,2.3417172,45,17,1,11,0.016153676,0.014229355,7.139585,0.005296512,0.0028092796,-0.002520442,0.0020143985748291016,0.0032265197585057484,True
34489,-11,2.1181693,2.6071916,1,2,83.19658,566.83215,0.94701296,119.593,2.6060739,2.104844,47,26,1,11,0.035011496,0.01981198,11.467473,0.0051084426,0.0029635732,-0.0011177063,0.013325214385986328,0.013372008293556246,True
34489,11,-1.0170034,-2.605961,2,2,83.19658,566.83215,0.4524391,108.19634,-2.59167,-1.0222666,47,27,1,11,0.03719211,0.022546895,11.5539055,0.005897974,0.0027267411,0.014291048,0.005263209342956543,0.015229426184004313,True
34491,-11,-2.7255127,2.2135582,1,2,7.1075788,32.432396,0.97747797,14.635001,2.2165825,-2.687498,42,22,1,7,0.032664258,0.03489122,14.721051,0.0072298604,0.0040317164,0.0030243397,0.03801465034484863,0.038134764608087554,True
34491,11,0.5294111,-2.1855357,2,2,7.1075788,32.432396,0.90036243,8.284071,-2.1776907,0.50780743,40,26,1,11,0.03686859,0.023278981,16.510172,0.008757471,0.0035421601,0.007844925,0.021603643894195557,0.02298391335207519,True
34492,-11,-2.1880767,1.705817,1,2,64.19192,184.9256,0.1294576,79.534424,1.7082846,-2.1888235,38,16,1,9,0.013341808,0.012814648,6.128339,0.005314136,0.0026846768,0.0024676323,0.0007467269897460938,0.0025781408236864203,True
34492,11,0.9742108,-1.7337291,2,2,64.19192,184.9256,0.70866674,75.532364,-1.7321925,0.97828823,32,14,1,11,0.010363572,0.015348725,5.8329043,0.0040396457,0.0024308392,0.0015366077,0.004077434539794922,0.004357365686191018,True
34497,-11,1.1105813,-2.4765325,1,2,24.260292,144.97816,0.5379329,38.37414,-2.483787,1.1058328,44,27,1,7,0.024443155,0.027284078,12.028493,0.0041705417,0.0030268808,-0.0072546005,0.0047484636306762695,0.00867047488424215,True
34497,11,-2.0059326,2.471156,2,2,24.260292,144.97816,0.477276,40.286327,2.4643896,-2.0051484,42,28,1,9,0.036685947,0.029451158,13.166338,0.006495351,0.0029304093,-0.0067663193,0.0007841587066650391,0.006811606308181563,True
34498,11,-1.8996594,-2.694284,2,2,32.269253,238.80951,0.6434469,42.718563,-2.7030838,-1.8888766,52,30,1,9,0.03154877,0.023564324,15.622467,0.0043752445,0.0031269477,-0.008799791,0.010782837867736816,0.013917827465071076,True
34498,-11,1.2267848,2.6859574,1,2,32.269253,238.80951,0.40194255,36.236053,2.6709886,1.2188637,45,25,1,9,0.02314093,0.024151832,10.176808,0.0033544155,0.0018956696,-0.014968872,0.007921099662780762,0.016935493819935903,True
34501,-11,2.2960331,-2.564502,1,2,90.618866,595.62213,0.77362436,96.78068,-2.5625672,2.30675,48,20,1,13,0.024185028,0.020490617,9.877304,0.0038216203,0.0032036914,0.0019347668,0.010716915130615234,0.01089016034372205,True
34501,11,-0.8394514,2.5760427,2,2,90.618866,595.62213,0.8227733,109.13072,2.5778909,-0.8499227,52,25,1,9,0.023388566,0.02905196,9.902063,0.003607786,0.0025265298,0.0018482208,0.010471343994140625,0.010633201082567309,True
34502,11,-1.6352808,-2.884108,2,2,60.13977,536.7562,0.02213707,63.57382,-2.8988519,-1.6333395,51,32,1,9,0.020690933,0.02117486,16.056898,0.0022598128,0.0017041449,-0.014743805,0.0019413232803344727,0.014871063174535942,True
34504,-11,0.80556923,1.7801212,1,2,64.850235,194.1519,0.38610098,74.891975,1.7817104,0.80156136,39,22,1,9,0.021113813,0.014617027,9.031697,0.007673506,0.0027041158,0.001589179,0.004007875919342041,0.004311445175613325,True
34504,11,-2.3164136,-1.7414901,2,2,64.850235,194.1519,0.9089568,73.92351,-1.7435031,-2.3175414,40,17,1,9,0.012902835,0.017645778,6.608913,0.004859454,0.0028136082,-0.002012968,0.0011277198791503906,0.0023073344996061337,True
34505,-11,-0.7147227,2.013143,1,2,15.804616,60.293022,0.9825872,19.817392,2.011517,-0.67509216,34,16,1,7,0.020139832,0.012771236,6.468344,0.0057742274,0.0037998774,-0.0016260147,0.03963053226470947,0.039663875395876284,True
34505,11,2.4885197,-2.0160136,2,2,15.804616,60.293022,0.939331,22.028294,-2.0104258,2.4634202,42,18,1,7,0.026624884,0.014760337,10.854724,0.007790624,0.0028545542,0.0055878162,0.025099515914916992,0.025713992120725514,True
34506,11,1.4781764,-2.1808984,2,2,18.962776,85.87159,0.11556951,25.902899,-2.1755786,1.4771318,35,21,1,7,0.019988729,0.025347931,10.237528,0.004608754,0.0024927605,0.0053198338,0.0010445117950439453,0.0054214054385114665,True
34506,-11,-1.7061987,2.2015715,1,2,18.962776,85.87159,0.040854458,25.66186,2.2038596,-1.701439,42,23,1,7,0.024438968,0.019044071,12.8984995,0.0057094065,0.0030601094,0.002288103,0.004759669303894043,0.005281085838960037,True
34508,-11,0.1608817,-1.8570532,1,2,33.972454,109.71749,0.25836363,46.182396,-1.8534768,0.16057253,34,15,1,7,0.016236538,0.01623481,6.3629627,0.0055461377,0.002479596,0.003576398,0.00030916929244995117,0.003589736480733101,True
34508,11,-2.9463184,1.8245983,2,2,33.972454,109.71749,0.42262977,42.397064,1.8238566,-2.9459558,33,19,1,7,0.019223377,0.020198977,7.0764933,0.0068695555,0.0028496615,-0.0007417202,0.00036263465881347656,0.0008256226439755155,True
34509,11,3.1117368,-2.1985726,2,2,36.18959,164.6155,0.6604517,48.75214,-2.20007,3.1182592,41,27,1,7,0.027364355,0.021787785,10.290557,0.006340504,0.0028812515,-0.0014972687,0.006522417068481445,0.006692065294482577,True
34510,11,-0.570179,-2.155871,2,2,44.080307,192.82036,0.31832123,55.64899,-2.1557758,-0.5672401,40,17,1,9,0.018026775,0.014627164,9.182103,0.0043275836,0.0025099982,9.512901e-05,0.00293886661529541,0.0029404058413123792,True
34510,-11,2.5523252,2.1552868,1,2,44.080307,192.82036,0.41805676,62.793724,2.157203,2.5532696,46,25,1,9,0.026827658,0.028291823,10.944571,0.006573579,0.002599942,0.0019161701,0.0009443759918212891,0.002136247618321143,True
34512,-11,-2.148394,-2.7113407,1,2,11.175756,84.338715,0.14881448,24.82807,-2.708458,-2.1662397,51,27,1,7,0.048586164,0.033399995,18.584066,0.0067108655,0.003433429,0.002882719,0.017845630645751953,0.01807696331261435,True
34513,11,-2.0279307,-1.5330416,2,2,57.122356,134.80504,0.69608885,65.57706,-1.5319223,-2.026569,41,14,1,9,0.010078009,0.015150835,7.813075,0.005044229,0.002441824,0.001119256,0.001361846923828125,0.0017627708492946093,True
34520,11,-0.85446185,-2.8397298,2,2,48.49941,408.35245,0.0011170222,51.003784,-2.8369527,-0.8601511,52,17,1,11,0.040222917,0.020144863,17.933435,0.0046925503,0.00356648,0.0027770996,0.005689263343811035,0.006330876687759974,True
34520,-11,2.278267,2.801021,1,2,48.49941,408.35245,0.36713636,60.318157,2.8114383,2.2854695,52,26,1,15,0.0416785,0.021072432,18.694698,0.004960565,0.0030139326,0.010417223,0.007202625274658203,0.012664767929200627,True
42269,-11,-2.5565844,-2.9032226,1,2,86.57088,790.9018,0.24953255,71.19526,-2.9151673,-2.5237513,52,11,1,13,0.034356467,0.0074533983,12.1254635,0.0039602374,0.00191637,-0.011944771,0.032833099365234375,0.03493837388987406,True
42269,11,0.5894634,2.9014773,2,2,86.57088,790.9018,0.8632671,117.791916,2.9031615,0.5879655,52,38,1,11,0.02693335,0.035226732,17.526234,0.00296279,0.0023876505,0.0016841888,0.0014979243278503418,0.002253945285513477,True
42270,-11,-0.2330948,-2.3032587,1,2,57.943684,298.89948,0.2805809,75.9906,-2.301237,-0.22990793,41,25,1,11,0.020458069,0.02159659,10.098094,0.0041591683,0.0022682268,0.0020215511,0.0031868666410446167,0.0037739618322218584,True
42270,11,2.9207242,2.3457355,2,2,57.943684,298.89948,0.39814612,75.99496,2.3453894,2.922267,44,22,1,11,0.025995756,0.020598376,13.752357,0.0051532825,0.0027775096,-0.00034618378,0.001542806625366211,0.0015811690265850116,True
42271,11,-0.22601464,-2.353069,2,2,51.83555,272.51257,0.13830376,67.14715,-2.346516,-0.23121011,37,20,1,11,0.028315717,0.02131177,8.55103,0.005696001,0.002610167,0.006553173,0.0051954686641693115,0.008362832751841024,True
42271,-11,2.902176,2.3342104,1,2,51.83555,272.51257,0.942759,63.029472,2.3405726,2.909452,47,18,1,9,0.029246721,0.015912654,7.8167796,0.0056680343,0.0027867293,0.0063622,0.007276058197021484,0.009665330230147127,True
42272,11,1.7937428,-1.6830726,2,2,44.18683,124.19303,0.9196918,52.57042,-1.6849991,1.7796015,43,18,1,7,0.014228591,0.016406482,8.322209,0.005886078,0.0028167095,-0.0019265413,0.014141321182250977,0.014271948929824503,True
42272,-11,-1.3788134,1.7037165,1,2,44.18683,124.19303,0.5549528,51.078724,1.7034792,-1.3792337,51,14,1,7,0.010792715,0.016219223,6.357596,0.0043061706,0.00250075,-0.0002373457,0.0004203319549560547,0.0004827130944230449,True
42273,-11,-2.1212344,2.7543578,1,2,74.220184,600.60394,0.12864123,81.79934,2.7446895,-2.1082764,50,28,1,11,0.028574144,0.014560692,8.451141,0.003830924,0.0023618818,-0.00966835,0.012958049774169922,0.016167499691763506,True
42273,11,1.026333,-2.8067617,2,2,74.220184,600.60394,0.13537946,95.000015,-2.8058703,1.0320978,51,29,1,11,0.041200183,0.031412143,17.521145,0.005114697,0.003081455,0.00089144707,0.0057648420333862305,0.005833359370347799,True
42276,11,1.8254765,2.1114652,2,2,62.387,263.63513,0.21323416,77.08983,2.1144636,1.8240595,47,17,1,11,0.020462733,0.017750492,10.559903,0.005031473,0.003092039,0.002998352,0.0014170408248901367,0.0033163413153397595,True
42276,-11,-1.3301369,-2.128738,1,2,62.387,263.63513,0.905298,77.580536,-2.1276214,-1.3300166,42,24,1,9,0.021327069,0.028940707,14.202018,0.005271003,0.002779647,0.0011165142,0.00012028217315673828,0.0011229744949842945,True
42277,11,0.53335667,-1.55757,2,2,46.195988,115.84887,0.5393229,59.5964,-1.5562706,0.536312,51,17,1,7,0.012018377,0.023047427,11.407315,0.005793903,0.0023046543,0.0012993813,0.002955317497253418,0.003228357656500493,True
42278,-11,0.0254143,-2.3898454,1,2,76.06981,410.8944,0.50163966,92.584656,-2.3936028,0.025760423,44,25,1,9,0.032795295,0.017863318,10.040803,0.005820399,0.0028041676,-0.0037574768,0.00034612417221069336,0.003773384938623512,True
42279,11,-1.9378583,-2.169883,2,2,66.5492,300.86783,0.6952423,95.24935,-2.1717846,-1.9371798,52,21,1,9,0.025843568,0.024759429,12.723528,0.006230614,0.0027922753,-0.0019016266,0.0006785392761230469,0.0020190589950023785,True
42279,-11,1.1915421,2.2093782,1,2,66.5492,300.86783,0.83609927,83.842285,2.2064812,1.1989188,52,19,1,9,0.023071399,0.014646613,8.938968,0.005450975,0.0030281206,-0.0028970242,0.007376670837402344,0.007925151199771531,True
42280,11,-2.76465,2.1263223,2,2,69.60933,295.70514,0.7022644,85.60411,2.1254885,-2.7685504,38,18,1,9,0.015093893,0.012102345,6.578328,0.0036605662,0.0020938024,-0.0008337498,0.003900289535522461,0.003988407845462348,True
42280,-11,0.36446005,-2.1246133,1,2,69.60933,295.70514,0.19979551,89.91861,-2.1254008,0.36704347,34,20,1,9,0.017070107,0.017983176,6.125089,0.0042095236,0.0026621083,-0.00078749657,0.002583414316177368,0.0027007740319598367,True
42281,-11,-1.3943762,2.9027896,1,2,39.270596,356.9016,0.31685066,36.131016,2.9076967,-1.3636094,52,31,1,11,0.034480907,0.022440592,24.858648,0.0038076008,0.0024531279,0.004907131,0.030766725540161133,0.031155598803454938,True
42281,11,1.757281,-2.8914332,2,2,39.270596,356.9016,0.09340535,38.011276,-2.8942273,1.7346907,52,14,1,9,0.024630774,0.008144664,24.947079,0.0026355686,0.0017495421,-0.0027940273,0.022590279579162598,0.022762410244089773,True
42282,-11,1.8604344,2.3411493,1,2,79.89799,418.34302,0.9901982,98.224754,2.3421943,1.8616076,38,19,1,11,0.020123905,0.020293245,7.5488997,0.003939105,0.0024957845,0.0010449886,0.0011731386184692383,0.0015710682361795146,True
42282,11,-1.2724161,-2.3377638,2,2,79.89799,418.34302,0.48079327,97.376976,-2.3378735,-1.2717984,42,24,1,11,0.020117806,0.016190946,8.319747,0.0040447996,0.0030335898,-0.00010967255,0.0006177425384521484,0.0006274025113467837,True
42285,-11,0.007178358,2.1273115,1,2,61.043148,259.04272,0.8730944,77.72132,2.1288683,0.01324574,44,26,1,9,0.021054776,0.020262571,8.747336,0.0051978026,0.0029105127,0.0015568733,0.006067382171750069,0.0062639429241790195,True
42285,11,-3.1202023,-2.1214712,2,2,61.043148,259.04272,0.92514914,83.230415,-2.1252005,-3.1193392,48,26,1,11,0.02507821,0.027434329,13.794773,0.0061390228,0.0025893503,-0.0037293434,0.0008630752563476562,0.003827910784302347,True
42287,11,-2.790707,-2.4685466,2,2,94.11894,556.1455,0.72328764,124.09653,-2.4751053,-2.7826936,46,26,1,11,0.023942808,0.02474873,11.25504,0.004044091,0.0022194188,-0.0065586567,0.008013486862182617,0.010355286075160668,True
42287,-11,0.3443467,2.4562557,1,2,94.11894,556.1455,0.28458136,117.48245,2.4544752,0.35579935,43,23,1,11,0.025265817,0.021126287,7.9789352,0.004264151,0.0021607026,-0.00178051,0.011452645063400269,0.011590224097305224,True
42289,-11,0.26209924,-2.859526,1,2,74.016235,638.78265,0.07875006,85.6288,-2.8825371,0.2624692,52,38,1,11,0.027060982,0.027069828,17.687864,0.0029421344,0.0023919258,-0.023011208,0.0003699660301208496,0.02301418145991435,True
42292,-11,2.3187828,-2.9762576,1,2,72.61937,713.1462,0.13508752,54.588943,-2.9847915,2.3254828,50,14,1,9,0.013869576,0.0069280197,11.568758,0.0014138307,0.00038152662,-0.008533955,0.006700038909912109,0.010849834388935522,True
42292,11,-0.8177706,2.973745,2,2,72.61937,713.1462,0.045847416,80.38337,2.9658558,-0.8128885,52,38,1,11,0.03063221,0.026078977,18.104391,0.0032166478,0.0020301,-0.007889271,0.004882097244262695,0.009277686497948162,True
42293,11,-1.4536511,2.0101957,2,2,32.388863,122.5658,0.9977179,28.114384,2.010985,-1.4790472,37,20,1,7,0.021428015,0.023878846,8.980804,0.006148336,0.0022161598,0.0007891655,0.025396108627319336,0.02540836703906775,True
42293,-11,1.6576246,-2.001992,1,2,32.388863,122.5658,0.08611769,37.74871,-2.0032134,1.6573386,38,22,1,7,0.017057693,0.011291283,7.4899354,0.0048337607,0.0028702263,-0.0012214184,0.0002859830856323242,0.0012544517245503335,True
42295,-11,-2.5215895,2.3761804,1,2,25.266415,137.60815,0.9506877,31.622408,2.3644438,-2.523419,39,23,1,9,0.029992735,0.020181177,11.55598,0.0059839594,0.0026680047,-0.011736631,0.001829385757446289,0.01187834875362562,True
42295,11,0.646544,-2.3829784,2,2,25.266415,137.60815,0.2361662,36.23708,-2.390218,0.64769983,37,20,1,7,0.041987956,0.021052316,9.8683,0.007479229,0.0035053864,-0.00723958,0.001155853271484375,0.0073312698140136,True
42296,11,0.7172462,1.935188,2,2,93.44376,330.26083,0.16437969,112.1208,1.9353201,0.71640396,38,20,1,9,0.012470037,0.010311848,5.8756423,0.0038532503,0.0027653058,0.0001320839,0.0008422136306762695,0.0008525080377568223,True
42296,-11,-2.4356985,-1.9348772,1,2,93.44376,330.26083,0.6575009,103.89109,-1.935407,-2.4349904,43,20,1,11,0.014529058,0.011645216,6.764146,0.004522147,0.003320351,-0.0005298853,0.0007081031799316406,0.0008844142253224876,True
42298,-11,-0.9702373,-2.9204464,1,2,17.913612,167.0804,0.40342385,25.67011,-2.9136665,-0.966427,52,27,1,7,0.032203145,0.036104217,25.127117,0.0035723315,0.0027373536,0.006779909,0.003810286521911621,0.00777723933289036,True
42299,11,-0.93648875,-2.8844666,2,2,93.24256,849.6393,0.7849378,121.44149,-2.8662548,-0.9544125,52,18,1,11,0.027991371,0.018951511,17.386217,0.003351722,0.0017132969,0.018211842,0.01792377233505249,0.025552549689235357,True
42300,-11,0.014282991,2.6588202,1,2,60.98705,441.1739,0.12224049,79.43166,2.6572008,0.023199297,52,29,1,11,0.02969321,0.025401719,12.014825,0.0042733587,0.00308569,-0.001619339,0.008916306309401989,0.009062161826253834,True
42300,11,-3.1191123,-2.6754823,2,2,60.98705,441.1739,0.6085331,86.41956,-2.6661057,-3.1108391,42,28,1,9,0.03945547,0.027871933,13.91473,0.0058327317,0.0027019384,0.009376526,0.008273124694824219,0.012504552361996367,True
42301,-11,1.5296535,2.3910434,1,2,15.47207,85.135864,0.9551673,22.070751,2.3866367,1.5550753,48,23,1,7,0.045839995,0.027957937,20.759398,0.008700766,0.0034519474,-0.0044066906,0.025421738624572754,0.025800847199402184,True
42301,11,-1.5690869,-2.3891048,2,2,15.47207,85.135864,0.5968005,15.620359,-2.4147177,-1.5601178,48,18,1,5,0.047573622,0.039621264,18.100937,0.00828361,0.0029243084,-0.025612831,0.00896906852722168,0.02713782033522809,True
42304,11,-0.5058304,1.72501,2,2,60.14233,175.21887,0.9185363,39.174114,1.7272108,-0.535102,44,20,1,9,0.016038805,0.016742349,7.8131394,0.0061847144,0.0027350711,0.0022007227,0.029271602630615234,0.029354214362070346,True
42304,-11,2.6139557,-1.7383242,1,2,60.14233,175.21887,0.283677,71.3219,-1.7386867,2.6159039,47,16,1,7,0.013501147,0.022113305,8.128035,0.0051865145,0.002290745,-0.00036251545,0.0019481182098388672,0.001981560498861775,True
42305,11,-2.9130452,-1.6362468,2,2,69.65149,184.36932,0.3137434,88.197105,-1.6352044,-2.9111466,35,14,1,7,0.012004468,0.0115188565,5.9069886,0.0051863384,0.0026407707,0.001042366,0.0018985271453857422,0.002165856010390548,True
42307,11,1.9251119,2.931147,2,2,48.399685,454.6578,0.69995093,42.343876,2.957162,1.9105375,50,18,1,11,0.03434661,0.010627193,16.99324,0.0037469468,0.00097267836,0.026014805,0.014574408531188965,0.029819179034701403,True
42307,-11,-1.2243541,-2.9295664,1,2,48.399685,454.6578,0.08324325,46.77992,-2.930885,-1.1969826,52,38,1,11,0.028626326,0.023215173,23.351896,0.0031535164,0.0019527085,-0.0013186932,0.027371525764465332,0.027403273057626576,True
42309,-11,0.7758135,-2.4797716,1,2,26.319897,159.35602,0.71420354,37.801548,-2.4745843,0.78814214,41,23,1,9,0.025944153,0.02848293,10.9663925,0.0045404183,0.0032528664,0.005187273,0.012328624725341797,0.01337545470434295,True
42309,11,-2.342969,2.4944723,2,2,26.319897,159.35602,0.68254185,38.203083,2.4894533,-2.3351345,51,28,1,11,0.037932448,0.027147286,27.736315,0.006379502,0.0030571488,-0.0050189495,0.007834434509277344,0.009304204353334481,True
42310,11,3.0347512,-2.6360269,2,2,43.319862,303.92972,0.88911444,49.076298,-2.6309755,3.043471,42,28,1,9,0.029845258,0.011798918,8.448233,0.0044596433,0.00287777,0.0050513744,0.008719921112060547,0.010077371054785655,True
42310,-11,-0.11879037,2.6364138,1,2,43.319862,303.92972,0.40824607,61.43007,2.6409063,-0.12572268,49,32,1,7,0.031922173,0.035271656,19.485231,0.004665378,0.0027883486,0.0044925213,0.006932303309440613,0.008260724972860725,True
42311,-11,0.02895117,-2.6083336,1,2,44.97155,303.8356,0.14799765,61.93844,-2.6072369,0.029803777,49,28,1,9,0.036993816,0.030523477,14.377548,0.005238065,0.0025849508,0.0010967255,0.0008526071906089783,0.0013891528945990186,True
42311,11,-3.100733,2.587948,2,2,44.97155,303.8356,0.7261238,61.9086,2.6097176,-3.0989938,48,27,1,9,0.03143983,0.036912527,12.5076065,0.0045101806,0.0019762192,0.021769524,0.0017392635345458984,0.021838891974575163,True
42312,-11,-2.2752557,2.9239483,1,2,2.6506715,25.43281,0.95935,6.578939,2.8771017,-2.292703,50,25,1,3,0.06686961,0.015299808,56.595722,0.0073816706,0.0028693113,-0.04684663,0.017447233200073242,0.04999012315004402,True
42316,11,1.1417445,-2.5257857,2,2,2.1762197,13.574472,0.0,7.630745,-2.4974124,1.1388193,44,30,1,5,0.06165121,0.05440369,25.7037,0.0107131265,0.0020914148,0.028373241,0.0029251575469970703,0.028523628242350607,True
42317,11,-2.6466355,2.2382128,2,2,81.11509,376.62936,0.75373375,106.06465,2.2433932,-2.6382387,46,28,1,9,0.021278244,0.016524475,9.196539,0.004722037,0.0024092325,0.005180359,0.00839686393737793,0.009866278030647824,True
42317,-11,0.48519245,-2.1957507,1,2,81.11509,376.62936,0.99882567,100.3582,-2.1996946,0.48318705,49,21,1,11,0.015986089,0.017008044,7.087418,0.0036791493,0.0023943186,-0.00394392,0.0020053982734680176,0.004424491840092121,True
42325,-11,-0.7881166,-2.4268353,1,2,57.94408,329.12042,0.90076464,92.598755,-2.4233494,-0.78070253,51,27,1,7,0.033155624,0.03641634,20.76081,0.0061611948,0.0026306908,0.003485918,0.007414042949676514,0.008192658779316696,True
42325,11,2.3644888,2.4177008,2,2,57.94408,329.12042,0.60919267,74.41957,2.4166799,2.3537638,39,25,1,11,0.03416841,0.021930186,8.849134,0.0060025924,0.0022148667,-0.0010209084,0.010725021362304688,0.010773501617053588,True
42327,-11,2.6382802,-2.076245,1,2,33.59508,137.96463,0.007055239,42.886673,-2.0785637,2.6289911,39,21,1,13,0.019869383,0.019851074,11.86698,0.005211994,0.0033376052,-0.0023186207,0.009289026260375977,0.009574027923241545,True
42327,11,-0.47649136,2.1052434,2,2,33.59508,137.96463,0.99270815,50.879967,2.1077003,-0.49295706,52,25,1,11,0.033646405,0.03739837,13.731251,0.008537521,0.0031735075,0.0024569035,0.016465693712234497,0.01664798618357327,True
42329,-11,0.44543853,-2.8860538,1,2,30.836626,272.48883,0.18338016,45.69776,-2.8901103,0.44882846,52,38,1,11,0.038089067,0.041749306,29.85517,0.004250491,0.0033746264,-0.0040564537,0.0033899247646331787,0.005286436071869308,True
42329,11,-2.6829045,2.8519068,2,2,30.836626,272.48883,0.33925095,29.889421,2.8346486,-2.6642082,49,21,1,9,0.03213737,0.009532705,14.056997,0.0039898795,0.0015989539,-0.017258167,0.018696308135986328,0.02544398336838622,True
42330,-11,-0.58976156,2.959684,1,2,75.8368,736.4589,0.3296068,56.22377,2.9528759,-0.5807538,52,30,1,13,0.030145753,0.02937797,13.68975,0.003343789,0.0009757159,-0.0068080425,0.009007751941680908,0.01129110439593586,True
42330,11,2.5567439,-2.967846,2,2,75.8368,736.4589,0.041440643,49.040283,-2.9412262,2.536024,52,38,1,19,0.038931485,0.040025905,19.8233,0.00432937,0.0023990425,0.026619673,0.02071976661682129,0.033733006031072724,True
42332,-11,-1.979411,-1.5572308,1,2,55.887306,139.7315,0.5217731,69.17968,-1.5583484,-1.9833406,43,16,1,9,0.012295654,0.014577648,6.469027,0.0059158294,0.0025680235,-0.0011175871,0.003929615020751953,0.004085446744214373,True
42332,11,1.1901929,1.5767564,2,2,55.887306,139.7315,0.5321029,71.2703,1.5766587,1.1924517,44,15,1,7,0.015483214,0.010907791,11.57761,0.0074968203,0.0026970103,-9.763241e-05,0.002258777618408203,0.0022608866438947038,True
42333,-11,-0.29228893,2.0627165,1,2,58.102264,228.72403,0.7043609,79.81299,2.0579953,-0.29306695,40,17,1,9,0.023745721,0.020436307,7.160398,0.00651342,0.0030935593,-0.0047211647,0.0007780194282531738,0.004784841706859731,True
42342,-11,2.2321353,2.04608,1,2,54.79836,219.99176,0.30234355,70.16659,2.0468574,2.2331388,44,27,1,11,0.01472604,0.015762461,10.209292,0.0039716465,0.0026526765,0.00077724457,0.0010035037994384766,0.0012693025619499006,True
42342,11,-0.89262456,-2.0888267,2,2,54.79836,219.99176,0.43186176,66.715485,-2.0901086,-0.8889204,47,22,1,9,0.018611236,0.021956429,9.757918,0.0048053605,0.0024615792,-0.0012819767,0.0037041306495666504,0.003919699997591697,True
42343,-11,-1.1571068,-2.6873157,1,2,19.597254,143.30133,0.94335556,27.383663,-2.6764765,-1.1688695,51,23,1,9,0.042376895,0.021343378,17.926414,0.0061483,0.0031743,0.010839224,0.011762738227844238,0.015995336307010676,True
42348,11,-2.4334767,2.6345923,2,2,16.639729,117.29283,0.7006868,24.436644,2.6366801,-2.4327776,50,26,1,7,0.032739766,0.03371965,17.82973,0.004629291,0.003276879,0.0020878315,0.0006990432739257812,0.0022017497138971183,True
42348,-11,0.67721266,-2.647445,1,2,16.639729,117.29283,0.4579072,27.80799,-2.6642876,0.6500341,47,28,1,17,0.041463092,0.01913137,21.410316,0.005778446,0.0035174664,-0.016842604,0.027178525924682617,0.031974138935561676,True
42350,11,-2.3293738,1.6283501,2,2,20.278296,54.562286,0.062668435,23.712215,1.6295521,-2.326519,27,14,1,9,0.008754921,0.010243234,4.7181287,0.0038750954,0.0024843758,0.0012019873,0.0028548240661621094,0.0030975464199028678,True
42350,-11,0.74134403,-1.6653985,1,2,20.278296,54.562286,0.6100441,23.17373,-1.6647608,0.73640114,47,19,1,9,0.015908632,0.023416294,13.052082,0.0069009415,0.0023034671,0.0006376505,0.004942893981933594,0.004983853835093457,True
42353,11,-1.813268,2.9222598,2,2,30.841396,286.87515,0.83774835,26.878199,2.8979654,-1.8253609,49,15,1,13,0.03798182,0.008653835,16.812563,0.0042942655,0.0028403932,-0.024294376,0.012092947959899902,0.027137724813322616,True
42354,11,2.6752527,-2.3168168,2,2,71.04972,362.50616,0.63327056,80.53671,-2.3156166,2.678008,52,28,1,9,0.019798484,0.019750996,10.970838,0.004091387,0.0030414632,0.0012001991,0.002755403518676758,0.003005449466496041,True
42354,-11,-0.4764505,2.3093338,1,2,71.04972,362.50616,0.9837229,80.93261,2.3095486,-0.4720695,38,21,1,11,0.018768638,0.015803134,7.0361843,0.0038603253,0.0027550145,0.00021481514,0.004381000995635986,0.004386264386472631,True
42355,11,-2.155282,1.8688501,2,2,77.64362,259.57138,0.8308709,90.71008,1.8714455,-2.1507032,39,19,1,11,0.012554018,0.01942477,6.4112177,0.0041292496,0.0028557945,0.0025954247,0.004578828811645508,0.005263259653836937,True
42355,-11,0.97184545,-1.8850229,1,2,77.64362,259.57138,0.9197835,86.467514,-1.8831768,0.9798519,31,17,1,7,0.016270425,0.013438695,6.56013,0.005391009,0.002848089,0.001846075,0.008006453514099121,0.00821652547834516,True
42356,-11,0.44851324,2.6920307,1,2,27.738346,201.34097,0.17790358,39.938744,2.6908445,0.44656888,51,29,1,9,0.03337726,0.021776775,13.958983,0.004422571,0.0036193582,-0.0011861324,0.0019443631172180176,0.002277599178673924,True
42356,11,-2.6751244,-2.6495645,2,2,27.738346,201.34097,0.92325145,35.335304,-2.6483865,-2.6863549,44,16,1,7,0.024901731,0.013981188,9.627433,0.003621828,0.0028633133,0.0011780262,0.01123046875,0.011292084573461914,True
42358,-11,0.8770467,2.9353726,1,2,85.46626,804.2732,0.524482,101.219086,2.9391594,0.8839339,52,21,1,11,0.026333012,0.008486737,11.398882,0.0028849205,0.0020517875,0.0037868023,0.006887197494506836,0.007859603127636786,True
42359,11,-2.0202336,2.7462676,2,2,44.917976,350.4995,0.8504499,47.311573,2.7380853,-1.9896247,45,31,1,11,0.03309479,0.017724706,11.999452,0.0043758783,0.002679725,-0.008182287,0.0306088924407959,0.031683657022233525,True
42359,-11,1.1109918,-2.7408228,1,2,44.917976,350.4995,0.8033445,63.103233,-2.7345524,1.1197762,47,24,1,9,0.03753892,0.028852934,19.050705,0.0048676133,0.0039039135,0.0062704086,0.00878441333770752,0.010792772635890712,True
42360,-11,-1.0294583,-2.4081068,1,2,74.64004,418.06824,0.14040323,91.86768,-2.4091856,-1.0343685,41,22,1,11,0.02571171,0.015966376,9.435179,0.0046372213,0.0022492425,-0.0010788441,0.00491023063659668,0.005027352123736813,True
42360,11,2.120913,2.4079971,2,2,74.64004,418.06824,0.7095301,92.77094,2.4049435,2.1237383,44,30,1,9,0.03695633,0.017064549,12.490217,0.006919823,0.003317749,-0.0030536652,0.0028252601623535156,0.004160164167589796,True
42361,-11,0.8906605,-2.518947,1,2,11.833201,73.998795,0.48914292,23.55477,-2.5038054,0.8812576,49,32,1,9,0.04068833,0.03560524,32.90013,0.006949826,0.0029193338,0.015141487,0.009402930736541748,0.017823572735445017,True
42361,11,-2.201799,2.520916,2,2,11.833201,73.998795,0.35070345,14.748873,2.5297625,-2.1869078,51,22,1,9,0.03989543,0.03219712,14.566515,0.0063241282,0.0036518213,0.008846521,0.01489114761352539,0.01732071648326467,True
42362,11,2.9289231,-2.7869763,2,2,76.44361,623.30096,0.31782913,46.713783,-2.8006384,2.9080193,52,22,1,9,0.04186792,0.01606723,23.483145,0.004749767,0.0016306503,-0.0136621,0.020903825759887695,0.024972443006239124,True
42362,-11,-0.21847111,2.7887104,1,2,76.44361,623.30096,0.35288528,100.54229,2.786793,-0.22700395,52,34,1,13,0.043012455,0.027660975,26.20737,0.0053139348,0.0028790177,-0.0019173622,0.00853283703327179,0.00874560379234799,True
42370,11,1.2800918,-1.8208324,2,2,37.755245,118.8725,0.590837,49.16535,-1.8184452,1.2863629,34,20,1,9,0.017189799,0.013323788,6.7936263,0.0062417667,0.002948118,0.002387166,0.0062711238861083984,0.006710108540900238,True
42370,-11,-1.8933547,1.8069912,1,2,37.755245,118.8725,0.8988575,36.57141,1.8100836,-1.88287,52,22,1,11,0.017610816,0.014546415,8.368856,0.00621858,0.0031362034,0.0030924082,0.010484695434570312,0.010931231715061716,True
42373,-11,3.0510113,-1.6180315,1,2,23.235376,61.74092,0.069814764,26.99483,-1.6192104,3.0518732,43,15,1,9,0.019229887,0.018606806,14.519876,0.008694021,0.002653026,-0.0011788607,0.0008618831634521484,0.0014603270316010815,True
42373,11,-0.027817596,1.6484962,2,2,23.235376,61.74092,0.4441899,32.041462,1.645572,-0.02400271,44,26,1,7,0.037193596,0.021596769,26.863468,0.01707688,0.0026055546,-0.0029242039,0.0038148853927850723,0.004806695204841065,True
42376,11,0.8670207,2.187859,2,2,91.74083,412.6035,0.055036016,104.04913,2.1866322,0.86515504,45,19,1,11,0.017042246,0.015984366,7.9912553,0.003935936,0.0027135657,-0.001226902,0.001865684986114502,0.0022329507394446674,True
42376,-11,-2.2835083,-2.180306,1,2,91.74083,412.6035,0.51356244,118.625885,-2.1743753,-2.2848523,50,29,1,9,0.025393775,0.020146634,11.8258,0.0061869393,0.0028792503,0.005930662,0.0013439655303955078,0.006081035877491587,True
42378,-11,-1.4247863,-2.2865305,1,2,40.04581,196.45491,0.75106615,47.311047,-2.2968879,-1.4419428,48,26,1,9,0.041678533,0.03420999,15.167317,0.008235945,0.0022632107,-0.01035738,0.017156481742858887,0.02004046376391297,True
42382,11,0.30013573,2.8808632,2,2,50.085236,437.25815,0.14056572,41.50644,2.8907938,0.32798988,52,38,1,7,0.029914092,0.012880635,25.228054,0.0032458734,0.0023109186,0.009930611,0.02785414457321167,0.02957144563614715,True
42382,-11,-2.8496904,-2.8330226,1,2,50.085236,437.25815,0.4016083,49.27075,-2.836394,-2.8408601,51,25,1,9,0.033990037,0.006961358,17.609697,0.0040265797,0.002842594,-0.0033714771,0.00883030891418457,0.009452048134463908,True
42384,-11,-2.5775898,2.9955583,1,2,94.603836,945.20154,0.14592461,33.430164,2.99455,-2.5925822,52,8,1,27,0.013021125,0.011231435,18.019554,0.0012738189,0.00017733591,-0.0010082722,0.014992475509643555,0.015026341358470223,True
42384,11,0.5678009,-2.9891205,2,2,94.603836,945.20154,0.9489671,52.83746,-2.9791846,0.5918449,39,8,9,13,0.01088475,0.0029007255,8.216359,0.0011112593,7.137551e-05,0.009935856,0.024044036865234375,0.02601609006265025,True
42385,11,-3.0021749,2.2566276,2,2,45.73881,218.78468,0.51558477,60.216724,2.2526326,-3.005264,38,21,1,11,0.026140103,0.02013901,7.8222136,0.00576321,0.0032413877,-0.0039949417,0.0030891895294189453,0.005050014882836138,True
42385,-11,0.122662626,-2.2378461,1,2,45.73881,218.78468,0.13964748,61.6699,-2.2352898,0.11906828,40,15,1,13,0.021191189,0.017591063,8.181496,0.0046263053,0.0027961687,0.002556324,0.003594346344470978,0.004410682241538889,True
42387,11,2.4061637,1.6264989,2,2,26.38852,70.21025,0.7412887,35.242126,1.6282283,2.405763,47,26,1,7,0.02275576,0.030433074,23.736532,0.010076527,0.0028197719,0.0017293692,0.00040078163146972656,0.0017752024445988708,True
42387,-11,-0.79060125,-1.6425459,1,2,26.38852,70.21025,0.31998295,30.540384,-1.6425683,-0.79286736,34,12,1,7,0.010938726,0.021369928,7.2317414,0.004747032,0.0033126965,-2.2411346e-05,0.002266108989715576,0.0022662198087826354,True
42388,11,-1.658657,2.1978445,2,2,9.245714,42.47626,0.33524686,11.231002,2.1982615,-1.6366761,38,15,1,7,0.03002482,0.014426678,8.290825,0.006805486,0.0030105272,0.0004169941,0.021980881690979004,0.021984836683222247,True
42388,-11,1.396429,-2.2145872,1,2,9.245714,42.47626,0.9570755,15.707435,-2.221738,1.4120657,40,14,1,9,0.029790422,0.025530143,15.217805,0.0064706462,0.0036498753,-0.0071508884,0.015636801719665527,0.017194323847651873,True
42389,-11,1.8611923,-1.894894,1,2,19.816893,66.713234,0.442066,29.14187,-1.8960502,1.847913,45,18,1,9,0.024480829,0.025281984,9.764339,0.007858692,0.0034983046,-0.0011562109,0.013279318809509277,0.01332955857011622,True
42389,11,-1.2241085,1.8738651,2,2,19.816893,66.713234,0.13733958,23.359896,1.8727142,-1.2306112,38,17,1,9,0.0186566,0.017024845,7.213594,0.0063730106,0.0025653562,-0.0011509657,0.006502747535705566,0.006603820675933118,True
42390,-11,2.4267583,-2.2786207,1,2,33.207584,162.8578,0.34188345,41.158695,-2.2816665,2.4211378,40,23,1,9,0.029400464,0.026927792,7.9031982,0.006015661,0.0032694072,-0.0030457973,0.005620479583740234,0.006392704606003474,True
42392,11,-1.6483394,1.988443,2,2,79.9364,302.04608,0.25826028,99.86449,1.9886223,-1.6467718,40,23,1,9,0.016898515,0.014538013,7.315537,0.0049254,0.0031138978,0.00017929077,0.0015676021575927734,0.0015778218230297681,True
42392,-11,1.4809202,-2.0208745,1,2,79.9364,302.04608,0.40852475,89.4029,-2.0214531,1.4851857,47,23,1,7,0.015251012,0.014339455,9.737583,0.0042521474,0.0027640618,-0.0005786419,0.004265546798706055,0.00430461565421658,True
42393,-11,-2.9038258,2.668104,1,2,38.993126,287.29242,0.54966336,36.59177,2.6594486,-2.9258401,50,22,1,9,0.027974878,0.026705183,24.902895,0.0040542916,0.0027010932,-0.00865531,0.022014379501342773,0.023654752000352986,True
42393,11,0.2503307,-2.7034812,2,2,38.993126,287.29242,0.7792338,51.850136,-2.7096643,0.24709184,52,22,1,9,0.03692624,0.02204732,13.456234,0.005108699,0.0031442824,-0.0061831474,0.0032388418912887573,0.006980072257197754,True
42401,-11,-2.459545,-2.9836226,1,2,3.7311215,36.879288,0.0,4.6297445,-3.002882,-2.4538016,50,9,3,7,0.01387344,0.017662436,36.90774,0.0013813899,0.0001637059,-0.019259453,0.005743265151977539,0.020097552322098887,True
42403,-11,0.3410829,-2.4721828,1,2,74.24187,451.36517,0.057519555,96.469444,-2.467941,0.3515809,48,21,1,11,0.021726994,0.013361674,11.5515,0.003710006,0.0024360812,0.004241705,0.010497987270355225,0.011322534940395161,True
42403,11,-2.7924528,2.510734,2,2,74.24187,451.36517,0.4977222,90.12272,2.509781,-2.7983959,44,27,1,9,0.03703684,0.019204043,9.079785,0.0064441212,0.0034844896,-0.0009531975,0.0059430599212646484,0.006019015422989627,True
42404,11,-1.1552047,-2.746149,2,2,48.19132,374.6135,0.82036996,63.268757,-2.7348902,-1.1491024,51,29,1,9,0.039466698,0.042243898,11.821518,0.005333593,0.0031301004,0.011258841,0.006102204322814941,0.012806185371496312,True
42406,-11,2.9992661,2.0046027,1,2,56.186916,215.3087,0.33070856,72.31696,2.0067523,2.992323,43,21,1,9,0.029951217,0.023608902,8.40933,0.008379198,0.0027898967,0.002149582,0.006943225860595703,0.007268362108172483,True
42406,11,-0.12506843,-2.0337753,2,2,56.186916,215.3087,0.006267096,67.40344,-2.0332394,-0.12496885,39,23,1,9,0.01584546,0.019631783,8.550548,0.0042821444,0.0025339457,0.00053596497,9.957700967788696e-05,0.000545136703445254,True
42411,11,2.648201,-1.570339,2,2,94.46456,235.91953,0.60116744,108.0369,-1.5710378,2.6479814,43,16,1,7,0.009543448,0.012831353,5.83001,0.0045069335,0.0028386991,-0.00069880486,0.00021958351135253906,0.0007324924192877388,True
42411,-11,-0.5100008,1.5610716,1,2,94.46456,235.91953,0.917681,98.68035,1.5609007,-0.5028413,45,18,1,9,0.009692613,0.017411292,6.5996017,0.004651383,0.002164524,-0.00017094612,0.007159531116485596,0.007161571642054851,True
42412,11,0.60186374,1.5888515,2,2,7.733352,20.098942,0.3187103,11.374037,1.581042,0.6066519,52,15,1,7,0.024190566,0.014278237,17.948275,0.011594447,0.0026682646,-0.0078094006,0.00478816032409668,0.00916041580275208,True
42412,-11,-2.733227,-1.6327056,1,2,7.733352,20.098942,0.58188707,7.077916,-1.6375093,-2.7552266,31,14,1,7,0.024188716,0.018240975,7.6349463,0.010759844,0.002441864,-0.0048037767,0.021999597549438477,0.022517960899542278,True
42415,11,-2.683733,-2.5775776,2,2,10.816268,71.83851,0.0034354078,21.704048,-2.5786548,-2.6856868,49,22,1,7,0.04863152,0.03428662,25.901844,0.007574335,0.0037617157,-0.0010771751,0.0019538402557373047,0.0022310979422683667,True
42415,-11,0.4073747,2.5842462,1,2,10.816268,71.83851,0.6073447,21.065027,2.5739558,0.40134436,46,25,1,9,0.038008586,0.031818587,13.180706,0.0060466244,0.0036020712,-0.010290384,0.006030350923538208,0.011927159846464306,True
42417,-11,1.4203162,-2.1960902,1,2,97.07838,435.32236,0.009715836,124.004295,-2.1901286,1.4187095,47,33,1,9,0.022321746,0.022870801,11.34516,0.005272571,0.0026226589,0.0059616566,0.0016067028045654297,0.00617436994950924,True
42417,11,-1.7128698,2.166244,2,2,97.07838,435.32236,0.68409425,130.43907,2.1673732,-1.7159691,42,28,1,9,0.020151196,0.019570509,7.9984965,0.0047877925,0.0030481997,0.0011291504,0.0030993223190307617,0.0032986026498944684,True
42418,-11,-0.2893005,2.6249762,1,2,7.7009826,53.745285,0.9720207,14.511473,2.6192968,-0.2722646,51,10,1,5,0.04762464,0.022395745,33.014496,0.0070496383,0.0041144863,-0.005679369,0.01703590154647827,0.017957649476968207,True
42418,11,2.9197068,-2.6372044,2,2,7.7009826,53.745285,0.31462684,14.587204,-2.644621,2.904862,45,29,1,7,0.031964403,0.033363815,18.107609,0.004535712,0.003209772,-0.0074164867,0.014844894409179688,0.01659443174906466,True
42419,-11,-2.602862,-2.2532194,1,2,39.299057,188.15034,0.57018226,52.504982,-2.2527277,-2.6055362,45,25,1,9,0.02280774,0.02652789,13.10924,0.0049975794,0.0030610322,0.0004916191,0.0026743412017822266,0.002719152480640396,True
42419,11,0.55821264,2.2430367,2,2,39.299057,188.15034,0.2977416,39.516373,2.2505069,0.57220256,42,13,1,7,0.02515872,0.014000455,9.182831,0.0054005715,0.0031998758,0.007470131,0.013989925384521484,0.015859409425418455,True
42433,-11,2.4961505,2.1913407,1,2,83.913055,373.11194,0.1371992,104.398796,2.1916444,2.4970663,41,19,1,11,0.0172063,0.01762081,6.777426,0.003950697,0.002565935,0.00030374527,0.0009157657623291016,0.0009648254351773306,True
42433,11,-0.6355716,-2.1537533,2,2,83.913055,373.11194,0.753534,103.92916,-2.1555483,-0.6369541,38,17,1,9,0.017386787,0.014407241,6.356343,0.0042873453,0.0028634847,-0.0017950535,0.0013825297355651855,0.0022657461058818323,True
42434,-11,1.4316833,2.622704,1,2,79.49145,552.84247,0.8427643,89.43049,2.6166375,1.4121938,42,22,1,11,0.027688775,0.015369527,8.469934,0.004155825,0.00297585,-0.0060665607,0.019489526748657227,0.020411879157520456,True
42437,-11,0.2982839,-2.1566062,1,2,83.58418,367.51645,0.7565082,104.70766,-2.155658,0.29123336,40,20,1,9,0.020249331,0.018452246,8.276658,0.0048404783,0.0029879655,0.0009481907,0.007050544023513794,0.0071140169110269335,True
42437,11,-2.8332705,2.1651647,2,2,83.58418,367.51645,0.8502643,99.50496,2.1644883,-2.8333023,45,21,1,9,0.017674852,0.019240603,7.216842,0.0041716136,0.0027110218,-0.0006763935,3.170967102050781e-05,0.0006771363837022372,True
42438,-11,-1.6526024,2.9251153,1,2,58.101116,543.5425,0.22881237,45.265785,2.9186094,-1.6348488,52,25,1,5,0.028942434,0.024419533,24.94885,0.003158118,0.002242151,-0.006505966,0.01775360107421875,0.018908144994226363,True
42438,11,1.4956826,-2.9272919,2,2,58.101116,543.5425,0.04578354,76.67921,-2.9221935,1.4782715,52,38,1,11,0.031306203,0.03893009,24.882917,0.0034298818,0.002282568,0.005098343,0.017411112785339355,0.01814221454795369,True
42442,-11,0.4612081,2.8319938,1,2,6.9759574,57.917152,0.59009314,11.801024,2.815468,0.4467579,50,11,1,5,0.05393125,0.007112496,20.33873,0.006799182,0.003832901,-0.016525745,0.01445019245147705,0.021952410732431538,True
42442,11,-2.6180296,-2.7810814,2,2,6.9759574,57.917152,0.74515295,5.7169127,-2.768889,-2.6411896,51,11,1,5,0.07640756,0.0057518347,35.168163,0.009578626,0.0051567364,0.012192488,0.02315998077392578,0.02617329694429505,True
42443,11,-0.79279983,2.6720715,2,2,81.95479,597.80707,0.9682596,99.8315,2.663045,-0.7854476,50,22,1,13,0.028686753,0.026666762,8.807989,0.0041763,0.0025640707,-0.009026527,0.007352232933044434,0.011641886667614744,True
42443,-11,2.3427553,-2.6789746,1,2,81.95479,597.80707,0.33458894,76.17995,-2.6772907,2.362937,52,25,1,11,0.027366713,0.018949565,10.737721,0.0039208154,0.0019423952,0.0016839504,0.020181655883789062,0.02025178814786434,True
42445,-11,-1.0368218,-2.8150015,1,2,33.038483,278.6849,0.93196046,41.860416,-2.8136954,-1.0527458,52,21,1,7,0.03763619,0.01682743,15.362021,0.0047000926,0.0031972125,0.001306057,0.01592397689819336,0.015977447389354336,True
42445,11,2.117731,2.8291106,2,2,33.038483,278.6849,0.07411167,51.215218,2.8320742,2.117502,52,38,1,9,0.04912587,0.03211153,25.894403,0.0057324916,0.0032786936,0.002963543,0.00022912025451660156,0.0029723866858811176,True
42451,11,-1.7099609,1.531233,2,2,25.563887,62.227097,0.9676266,29.368805,1.5348961,-1.7355493,45,16,1,5,0.013124424,0.015063087,6.6271186,0.0064373785,0.003521611,0.0036631823,0.025588393211364746,0.025849270224855447,True
42451,-11,1.3683482,-1.5443559,1,2,25.563887,62.227097,0.13983907,32.38096,-1.5433224,1.3668286,51,16,1,9,0.014131122,0.014401819,7.7937756,0.0068836906,0.00242668,0.0010334253,0.0015196800231933594,0.0018377691023830375,True
42452,11,-3.1255972,-2.7199814,2,2,78.63872,593.0625,0.06451399,99.482994,-2.7235298,-3.1297007,52,28,1,11,0.033815317,0.019159773,19.19638,0.004428066,0.002210759,-0.0035483837,0.004103422164916992,0.005424859522096138,True
42453,11,2.8363476,-2.270491,2,2,34.523483,167.85202,0.9921643,47.048477,-2.2806273,2.8155766,39,22,1,9,0.02492074,0.030941991,10.166753,0.0051534222,0.0033724583,-0.010136366,0.020771026611328125,0.02311236598148383,True
42453,-11,-0.32708117,2.2572794,1,2,34.523483,167.85202,0.33115286,40.33612,2.2572234,-0.34038305,45,23,1,9,0.02487826,0.013859366,14.118242,0.0052355267,0.0030459894,-5.6028366e-05,0.013301879167556763,0.013301997164564695,True
42454,11,-0.103197575,2.1760669,2,2,9.935825,45.406353,0.19976866,15.4287195,2.1862373,-0.07445231,41,20,1,7,0.034015816,0.032817572,10.13512,0.007730317,0.0037841399,0.01017046,0.028745263814926147,0.03049144868703474,True
42457,11,-0.8568808,-2.168821,2,2,69.828064,306.01355,0.34008485,85.67396,-2.1715038,-0.8557636,38,21,1,11,0.021549506,0.018438514,7.937814,0.0049378807,0.0027925984,-0.0026826859,0.0011171698570251465,0.002906006171748266,True
42457,-11,2.2727025,2.1462514,1,2,69.828064,306.01355,0.1824094,86.904236,2.1514082,2.2735798,52,18,1,9,0.016898647,0.016532458,7.637033,0.004134409,0.002799616,0.0051567554,0.00087738037109375,0.0052308625051852116,True
42459,11,-2.7628522,1.5358797,2,2,83.62182,203.62088,0.9984535,95.21841,1.5339563,-2.763264,49,15,1,9,0.009256734,0.018772861,6.4672527,0.0046595554,0.0025269384,-0.0019234419,0.00041174888610839844,0.001967019527937947,True
42459,-11,0.3594224,-1.5401374,1,2,83.62182,203.62088,0.9418243,103.53564,-1.541414,0.35799396,46,17,1,7,0.012914494,0.015081654,6.64343,0.0062158685,0.0025491859,-0.0012766123,0.0014284253120422363,0.001915760364949897,True
42463,-11,-0.0851448,2.7371352,1,2,97.01658,769.024,0.96442735,114.81326,2.736062,-0.07494757,52,21,1,11,0.02081731,0.02190003,11.546278,0.002708124,0.002395662,-0.001073122,0.0101972296833992,0.010253540073491637,True
42468,11,1.2580326,1.5700287,2,2,44.656914,111.99502,0.41814086,52.68953,1.5706377,1.2639325,43,12,1,9,0.012823487,0.010683608,10.642352,0.0059933313,0.002562339,0.00060904026,0.005899906158447266,0.005931258104564124,True
42468,-11,-1.9185029,-1.5705465,1,2,44.656914,111.99502,0.9705655,46.592182,-1.5725908,-1.9110016,38,16,1,9,0.012946429,0.017196009,6.764352,0.0059843594,0.0027008678,-0.00204432,0.007501363754272461,0.007774940690698616,True
42469,11,-1.625801,2.3752663,2,2,47.375866,249.96399,0.88085765,59.74384,2.3711216,-1.6287404,49,23,1,11,0.028351797,0.025387056,10.731662,0.005633586,0.0028312025,-0.0041446686,0.002939462661743164,0.005081212293377829,True
42469,-11,1.5011581,-2.3200498,1,2,47.375866,249.96399,0.3444848,57.212692,-2.32027,1.4959139,40,15,1,9,0.021723667,0.01748718,8.019718,0.004494611,0.0029746895,-0.00022029877,0.005244255065917969,0.005248880141819547,True
42471,-11,2.3313549,2.1532655,1,2,34.69103,155.98253,0.77157664,45.14952,2.1580672,2.3306742,48,25,1,9,0.024721447,0.0255626,10.415618,0.005836819,0.002871981,0.00480175,0.0006806850433349609,0.004849756286627053,True
42471,11,-0.78665525,-2.2154367,2,2,34.69103,155.98253,0.18658498,49.383972,-2.2091804,-0.7932537,39,23,1,9,0.020363806,0.020830272,9.022133,0.004587546,0.0025186029,0.006256342,0.006598472595214844,0.009092945338592914,True
42472,-11,0.03748379,2.6313958,1,2,98.31913,702.8877,0.9701128,132.39398,2.6330338,0.046741147,52,26,1,9,0.031575035,0.018948749,10.430306,0.004596705,0.0028651461,0.0016379356,0.009257357567548752,0.00940114366920769,True
42472,11,-3.0989528,-2.6796002,2,2,98.31913,702.8877,0.39892864,124.521835,-2.6716547,-3.099496,48,29,1,9,0.029034773,0.02424473,10.13726,0.004233239,0.002531668,0.007945538,0.0005431175231933594,0.00796407855846593,True
42473,-11,2.1206264,-1.6172246,1,2,75.396355,197.27588,0.0041654967,90.86072,-1.6172364,2.1187057,52,14,1,9,0.010722085,0.010603011,6.7704587,0.0048255236,0.002739862,-1.180172e-05,0.0019207000732421875,0.0019207363306658226,True
42473,11,-1.0012873,1.6153963,2,2,75.396355,197.27588,0.6082642,93.40436,1.6156876,-0.99260736,46,23,1,7,0.013969702,0.01715323,9.681497,0.0062174047,0.0024481462,0.0002913475,0.008679986000061035,0.00868487422644368,True
42474,11,-1.546058,-2.877119,2,2,29.826288,264.80374,0.16998735,33.656944,-2.8526597,-1.5570573,47,22,1,9,0.03875655,0.019249216,19.697489,0.004722191,0.0023034685,0.024459362,0.010999202728271484,0.02681870311544473,True
42474,-11,1.5818654,2.870027,1,2,29.826288,264.80374,0.40959236,30.308325,2.8819878,1.5971854,51,20,1,9,0.030101629,0.01748183,30.269924,0.0032035836,0.0011127176,0.011960745,0.01531994342803955,0.01943605102861997,True
42478,-11,0.26823407,2.5853884,1,2,12.852192,86.064835,0.27051282,26.568638,2.574917,0.2679132,49,25,1,7,0.049631387,0.030104969,22.925222,0.007728196,0.005000251,-0.010471344,0.00032088160514831543,0.010476259353803126,True
42478,11,-2.831187,-2.592996,2,2,12.852192,86.064835,0.23856477,16.85918,-2.623037,-2.8543644,51,24,1,11,0.0384882,0.05398717,54.98389,0.005285617,0.002704252,-0.030041218,0.023177385330200195,0.03794292993689367,True
42480,11,-1.6635399,-1.8110635,2,2,24.023285,75.449745,0.24908003,31.400415,-1.8135182,-1.6614721,46,14,1,7,0.026408024,0.015622266,9.903593,0.009043258,0.0029557673,-0.0024546385,0.0020678043365478516,0.0032095271977550218,True
42480,-11,1.4278483,1.8115842,1,2,24.023285,75.449745,0.9419456,27.684843,1.8136208,1.4497869,51,17,1,7,0.01758665,0.015893124,14.746795,0.006239942,0.0033393032,0.0020365715,0.021938562393188477,0.022032887762115996,True
42482,-11,2.7702718,-2.9861498,1,2,33.64063,334.97504,0.09405089,24.952436,-2.996617,2.7519505,50,7,3,11,0.011011624,0.0099533545,13.613834,0.0011060829,8.337451e-05,-0.010467291,0.01832127571105957,0.021100552645716995,True
42482,11,-0.36056712,2.9917436,2,2,33.64063,334.97504,0.10013638,22.87119,2.9882805,-0.36997417,50,15,3,11,0.02540065,0.014666571,18.268192,0.0025666899,0.00016882065,-0.0034630299,0.00940704345703125,0.010024222803872336,True
42484,11,-2.4767451,1.670171,2,2,56.299183,154.87929,0.4306714,66.60636,1.667972,-2.4741106,32,18,1,9,0.016664127,0.015916029,7.1040263,0.007100274,0.0030504095,-0.0021990538,0.0026345252990722656,0.0034316994326008834,True
42484,-11,0.63997513,-1.6704994,1,2,56.299183,154.87929,0.52548194,67.80159,-1.6719636,0.6405254,43,16,1,9,0.016028924,0.01646622,7.7604027,0.006942061,0.0023002268,-0.0014641285,0.0005502700805664062,0.0015641193536412392,True
42485,11,2.3719275,1.9506558,2,2,77.247665,276.21518,0.8212319,93.86744,1.9510758,2.3646173,52,21,1,9,0.02536135,0.01668924,10.645887,0.007596532,0.0030593327,0.00041997433,0.007310152053833008,0.007322206053203602,True
42485,-11,-0.783177,-1.9436883,1,2,77.247665,276.21518,0.7279629,92.41249,-1.9440207,-0.7851379,38,24,1,9,0.015083412,0.01690018,8.83515,0.0045203213,0.002741899,-0.0003324747,0.0019608736038208008,0.001988860156469359,True
42487,-11,1.7736846,-2.282199,1,2,58.088524,286.3513,0.123714104,73.64551,-2.286283,1.7672509,48,25,1,9,0.023039091,0.023794694,14.996735,0.0048016114,0.0035444305,-0.0040841103,0.006433725357055664,0.007620549741230247,True
42487,11,-1.3551196,2.2737298,2,2,58.088524,286.3513,0.5829793,73.87935,2.275156,-1.361037,44,23,1,9,0.026233893,0.029603744,10.941681,0.005617267,0.002807242,0.0014262199,0.0059174299240112305,0.006086877707278702,True
42488,11,-1.3895001,-2.9761624,2,2,67.28672,664.6222,0.0031508128,63.203655,-2.956842,-1.3791883,52,36,1,11,0.027474271,0.014077694,22.27026,0.0029591066,0.0025362785,0.019320488,0.01031184196472168,0.021900121738327647,True
42488,-11,1.7467792,2.9855235,1,2,67.28672,664.6222,0.70367295,62.73258,2.9815068,1.7198694,51,37,1,11,0.027216133,0.022277987,23.663864,0.0027612199,0.0010022856,-0.004016638,0.026909828186035156,0.02720794428431778,True
42490,11,0.06291605,-1.7427956,2,2,67.78425,200.93294,0.09568624,76.17204,-1.7436669,0.06516149,35,21,1,9,0.016074454,0.013748687,8.915452,0.006081262,0.0027382763,-0.0008713007,0.0022454410791397095,0.0024085619217365313,True
42490,-11,-3.0976589,1.7573768,1,2,67.78425,200.93294,0.25110766,80.12542,1.7549185,-3.0953825,50,20,1,7,0.020525634,0.022142055,7.445987,0.00806024,0.0027963917,-0.002458334,0.0022764205932617188,0.0033504472185505742,True
42493,11,0.7382123,2.2799609,2,2,77.110794,383.31503,0.99710584,80.31125,2.2801223,0.73342645,33,19,1,9,0.021517202,0.019968793,7.5020976,0.0045137946,0.002924254,0.00016140938,0.0047858357429504395,0.0047885568541915675,True
42496,11,1.5403649,1.6760304,2,2,86.07887,236.60378,0.15120329,103.77892,1.6758626,1.5402154,46,16,1,9,0.013897427,0.011336644,6.256347,0.005834568,0.0027710733,-0.00016784668,0.0001494884490966797,0.00022476499793217097,True
42496,-11,-1.6174941,-1.6628553,1,2,86.07887,236.60378,0.88607657,74.722595,-1.6654849,-1.6105264,36,16,1,9,0.013993526,0.008399552,5.525888,0.0058175796,0.0030044252,-0.0026296377,0.006967663764953613,0.007447370876350072,True
42497,11,2.0766177,2.5860214,2,2,90.24438,597.65497,0.5284043,114.446175,2.5788293,2.0797844,44,30,1,11,0.029443197,0.02264026,8.86984,0.0047034877,0.0020333594,-0.007192135,0.003166675567626953,0.007858412024452028,True
42497,-11,-1.0709795,-2.56983,1,2,90.24438,597.65497,0.5584302,113.36998,-2.569676,-1.0560395,52,23,1,11,0.030183557,0.013102321,8.779533,0.004736529,0.0033859534,0.0001540184,0.014940023422241211,0.014940817297768597,True
42498,11,-1.4141153,-2.0377617,2,2,29.64143,115.960266,0.64268494,36.192677,-2.0406673,-1.4148821,50,18,1,7,0.028016265,0.014828271,12.110186,0.0074882344,0.002913513,-0.0029056072,0.000766754150390625,0.0030050733206301284,True
42498,-11,1.6954985,2.043273,1,2,29.64143,115.960266,0.21865804,37.70326,2.0383742,1.7028705,36,15,1,7,0.017042452,0.009010877,6.93128,0.004702976,0.003548497,-0.0048987865,0.007372021675109863,0.008851260513520686,True
42499,11,-0.23397788,2.5429792,2,2,79.82122,505.93054,0.5778735,95.44888,2.5394354,-0.23700023,44,30,1,9,0.027374294,0.024010813,9.36693,0.0043954803,0.0034629533,-0.0035438538,0.0030223429203033447,0.00465762344962672,True
42500,11,1.8967994,1.8317608,2,2,18.258148,58.132114,0.795223,18.051092,1.8395491,1.8746654,47,16,1,11,0.019925492,0.017227478,10.764482,0.006655085,0.0026419424,0.0077883005,0.022134065628051758,0.023464323689938227,True
42500,-11,-1.3098211,-1.8198705,1,2,18.258148,58.132114,0.66009927,26.519392,-1.8173039,-1.3151624,39,14,1,5,0.020628894,0.021470502,10.2630205,0.0074066324,0.0033805815,0.002566576,0.005341291427612305,0.005925935069024572,True
42501,11,-1.5983075,-1.8514662,2,2,67.946,222.56767,0.873012,65.50625,-1.8533852,-1.609639,50,13,1,9,0.012686198,0.008785874,6.8032446,0.004301813,0.0026630315,-0.0019190311,0.011331558227539062,0.011492906174497036,True
42501,-11,1.5263568,1.859589,1,2,67.946,222.56767,0.3578668,83.148094,1.8622819,1.527227,41,21,1,11,0.018709082,0.016337808,9.0569725,0.006082276,0.0028244045,0.0026929379,0.0008702278137207031,0.002830054886397165,True
42503,-11,-1.9607089,-1.8105104,1,2,85.63901,269.21518,0.04588902,108.02937,-1.8091984,-1.9588294,39,16,1,11,0.012744875,0.013323756,6.238164,0.0045669177,0.0027579577,0.0013120174,0.0018794536590576172,0.0022921029131900395,True
42503,11,1.1949271,1.8139119,2,2,85.63901,269.21518,0.81635165,104.02376,1.8134699,1.1933441,40,20,1,9,0.011734021,0.020526487,7.040591,0.0041976175,0.0022870258,-0.00044202805,0.0015829801559448242,0.0016435373336982817,True
42505,11,1.72869,-2.7861674,2,2,18.803648,155.6801,0.70539504,30.024858,-2.7874374,1.7312522,52,21,1,9,0.036818527,0.034566082,17.30854,0.0045037,0.0040249736,-0.0012700558,0.0025621652603149414,0.0028596734823143222,True
42505,-11,-1.4360354,2.8206463,1,2,18.803648,155.6801,0.2607518,29.48233,2.7930834,-1.4304171,52,31,1,9,0.06496709,0.017712176,17.846092,0.008053005,0.0051385188,-0.027562857,0.00561833381652832,0.028129641954737036,True
42507,-11,-0.58686095,1.9281334,1,2,55.23935,194.66313,0.91510653,67.16076,1.9280853,-0.58884084,36,17,1,7,0.014845493,0.015336182,5.840542,0.004558317,0.002807803,-4.8041344e-05,0.0019798874855041504,0.001980470253742628,True
42507,11,2.5739694,-1.9358618,2,2,55.23935,194.66313,0.5006699,62.84094,-1.9345902,2.5704908,43,15,1,7,0.014373311,0.021221843,6.5242033,0.0045029228,0.0028439267,0.0012716055,0.003478527069091797,0.003703664547790188,True
42510,11,-1.6156828,-1.9691333,2,2,28.709549,103.511284,0.021140452,37.770813,-1.9645813,-1.6096588,49,14,1,7,0.014822486,0.013228452,6.390834,0.004425234,0.0025229356,0.0045520067,0.006024003028869629,0.007550455446050655,True
42512,-11,-2.6038218,2.0703895,1,2,23.271717,95.90773,0.84678334,36.80672,2.0741198,-2.6098943,43,20,1,9,0.028326938,0.031311918,10.290143,0.007503836,0.0031752458,0.003730297,0.006072521209716797,0.007126754519728896,True
42512,11,0.5763502,-2.1188514,2,2,23.271717,95.90773,0.6148101,32.80393,-2.1199863,0.5744717,50,21,1,9,0.02697494,0.026552694,13.606591,0.006799684,0.0038185704,-0.0011348724,0.001878499984741211,0.002194697619229896,True
42514,-11,-0.94049835,-2.9179568,1,2,81.94865,760.8824,0.7172091,98.332,-2.9049296,-0.9442899,52,17,1,11,0.031137645,0.023162525,13.504278,0.003401148,0.0021081378,0.013027191,0.0037915706634521484,0.013567745489582695,True
49013,-11,2.6818848,-2.6867938,1,2,3.6676185,27.188896,0.8966482,9.07186,-2.6982973,2.6865091,48,34,1,5,0.04563176,0.038546454,35.677956,0.0061437525,0.0035994896,-0.011503458,0.004624366760253906,0.01239815759040741,True
49013,11,-0.32657132,2.6983767,2,2,3.6676185,27.188896,0.62578845,11.524658,2.6823535,-0.2959572,49,30,1,7,0.061946727,0.042421024,27.548796,0.008812357,0.003202321,-0.016023159,0.030614107847213745,0.03455380185221584,True
49015,11,-1.942927,-2.8845325,2,2,37.93667,339.20895,0.3381898,36.055298,-2.8803372,-1.972694,51,33,1,9,0.034017786,0.018693574,23.512844,0.0037351067,0.003008009,0.0041952133,0.02976703643798828,0.030061208761017418,True
49015,-11,1.1881183,2.8768995,1,2,37.93667,339.20895,0.27697542,53.126595,2.890226,1.1910511,51,27,1,9,0.028910581,0.029010043,22.280283,0.0032186182,0.0022002046,0.0133264065,0.0029327869415283203,0.013645305243724022,True
49016,-11,1.9867866,-2.360246,1,2,81.27107,439.11316,0.57617927,90.18062,-2.3541176,1.988191,45,18,1,11,0.02075949,0.015731342,6.623776,0.0040869866,0.002701611,0.006128311,0.001404404640197754,0.006287173453404682,True
49016,11,-1.1465236,2.3827703,2,2,81.27107,439.11316,0.8553037,90.67953,2.3813825,-1.1373464,44,24,1,9,0.026848005,0.026151614,8.906982,0.005220027,0.0028718482,-0.0013878345,0.009177207946777344,0.009281553230834244,True
49020,11,-1.0178425,-1.5670288,2,2,21.416912,53.996983,0.91184413,25.203947,-1.5703716,-1.0182165,30,11,1,7,0.0122645255,0.023783762,4.9410205,0.0057083457,0.0027096015,-0.003342867,0.0003739595413208008,0.003363718958445405,True
49020,-11,2.0513124,1.5855229,1,2,21.416912,53.996983,0.751957,29.176043,1.5864348,2.0486693,52,15,1,7,0.018141067,0.02390581,33.076736,0.008514698,0.002073186,0.00091195107,0.002643108367919922,0.0027960108350360024,True
49021,11,2.6915767,-1.7909571,2,2,23.942335,73.11688,0.8864154,28.804853,-1.790885,2.6817632,47,13,1,7,0.011743752,0.012092989,6.903657,0.004278918,0.002146286,7.212162e-05,0.009813547134399414,0.009813812148557567,True
49021,-11,-0.50196517,1.7725664,1,2,23.942335,73.11688,0.815853,29.324993,1.7785105,-0.50033265,40,19,1,9,0.02235607,0.02543797,9.257964,0.008066441,0.0030951204,0.0059440136,0.0016325116157531738,0.0061641212908597675,True
49024,11,2.6673367,2.059818,2,2,47.449455,188.6478,0.034448184,62.470924,2.062722,2.6679988,46,25,1,7,0.025350006,0.020928644,11.205711,0.0066570775,0.0030971416,0.0029039383,0.0006620883941650391,0.00297845910730602,True
49024,-11,-0.49394527,-2.0545382,1,2,47.449455,188.6478,0.20502143,63.62917,-2.0557728,-0.49393454,42,23,1,7,0.017925298,0.019747885,8.117099,0.004815836,0.0029476627,-0.0012345314,1.0728836059570312e-05,0.0012345780217948227,True
49029,11,1.3848791,2.074299,2,2,55.10631,220.37328,0.99970645,65.10071,2.0766494,1.3781362,46,26,1,9,0.0241388,0.029462507,10.833495,0.006267651,0.0033009534,0.0023503304,0.006742954254150391,0.007140832207341466,True
49029,-11,-1.7735124,-2.0522444,1,2,55.10631,220.37328,0.9201611,62.10242,-2.0528839,-1.7655802,37,14,1,9,0.012841526,0.013301614,12.252741,0.0034570536,0.0024381722,-0.00063943863,0.007932186126708984,0.007957917975777598,True
49033,11,-1.7585497,1.6857191,2,2,91.3494,252.22298,0.78687185,111.06858,1.6860203,-1.7583443,36,22,1,11,0.012421802,0.02695447,8.430295,0.0050453753,0.0027771383,0.00030112267,0.0002053976058959961,0.0003645038218298722,True
49033,-11,1.3677893,-1.662925,1,2,91.3494,252.22298,0.8535021,93.71829,-1.6620634,1.3751829,40,16,1,9,0.010539068,0.011084723,7.044968,0.0044459254,0.002210861,0.00086164474,0.007393598556518555,0.007443636965981119,True
49034,11,1.4898107,1.6266985,2,2,11.308316,29.6556,0.6844023,9.204405,1.625922,1.4443219,31,11,1,3,0.018971456,0.012943806,5.7951307,0.008403079,0.0038225423,-0.0007765293,0.045488834381103516,0.04549546187395033,True
49034,-11,-1.7827175,-1.6122012,1,2,11.308316,29.6556,0.12932225,15.646066,-1.6144115,-1.7845136,44,23,1,7,0.017291484,0.02398486,17.772474,0.0075444896,0.0030587749,-0.0022102594,0.001796126365661621,0.0028480373197791414,True
49037,11,3.0714574,-1.9132423,2,2,99.550705,340.15082,0.005850008,123.43362,-1.9101936,3.067544,35,21,1,9,0.018383693,0.014513531,8.782404,0.0057988274,0.0026919534,0.0030487776,0.003913402557373047,0.004960822968330985,True
49037,-11,-0.0811528,1.886438,1,2,99.550705,340.15082,0.09474113,115.35704,1.8879633,-0.08123019,52,24,1,9,0.015915876,0.017869808,9.723613,0.0051791053,0.0026191205,0.0015252829,7.739663124084473e-05,0.0015272452784048582,True
49038,11,2.3588932,-1.8613291,2,2,88.5843,293.31296,0.32799193,108.35647,-1.8656794,2.3602922,43,18,1,9,0.017173909,0.013091131,6.826906,0.0055600563,0.0028347594,-0.0043503046,0.0013990402221679688,0.0045697333734583505,True
49038,-11,-0.79551125,1.8723344,1,2,88.5843,293.31296,0.5594123,108.277176,1.8738426,-0.7950015,51,17,1,9,0.017931085,0.015535655,7.386948,0.0058496087,0.0028539698,0.0015082359,0.0005097389221191406,0.0015920456631260938,True
49039,-11,-0.8045275,-1.7947097,1,2,95.6766,295.70862,0.067678005,114.54044,-1.7926955,-0.8035188,42,20,1,11,0.015240163,0.012809064,8.20369,0.0056839385,0.0029045371,0.0020141602,0.001008749008178711,0.002252646376270931,True
49039,11,2.3499079,1.7938741,2,2,95.6766,295.70862,0.06920426,115.93613,1.7921399,2.3507507,41,21,1,11,0.013625106,0.013173323,7.00456,0.004967744,0.002668132,-0.0017342567,0.0008428096771240234,0.0019282050221120022,True
49040,-11,-0.88913393,1.5456468,1,2,34.868835,84.06537,0.7586839,48.6789,1.5438906,-0.88884884,35,18,1,7,0.01340582,0.02083431,7.9266524,0.0064559397,0.0024916732,-0.0017561913,0.00028508901596069336,0.0017791805603874858,True
49040,11,2.2993984,-1.5090791,2,2,34.868835,84.06537,0.9676589,31.75203,-1.5125211,2.2979183,40,14,1,5,0.009986121,0.023865882,11.353485,0.005048719,0.0032113742,-0.003442049,0.0014801025390625,0.003746786012677911,True
49043,11,0.3257644,-2.2394354,2,2,57.82568,279.89944,0.29299563,70.1375,-2.238389,0.33209178,45,16,1,9,0.019299844,0.011362179,6.726206,0.0042563165,0.0022809766,0.0010464191,0.006327390670776367,0.006413334987979155,True
49043,-11,-2.8289418,2.279607,1,2,57.82568,279.89944,0.5701233,72.174545,2.275861,-2.826184,44,30,1,11,0.027866593,0.01879107,13.729444,0.005900292,0.003451893,-0.0037460327,0.0027577877044677734,0.0046516829345510284,True
49047,11,-1.9358643,2.2631679,2,2,15.601612,76.11511,0.06772674,23.89908,2.2535834,-1.9369335,42,23,1,9,0.032747474,0.02763704,20.243813,0.007243332,0.0028905687,-0.009584427,0.001069188117980957,0.009643878794835253,True
49047,-11,1.1575614,-2.2717352,1,2,15.601612,76.11511,0.85139716,24.889828,-2.2802005,1.1576583,39,21,1,7,0.030251175,0.027098568,10.449435,0.006211019,0.003173857,-0.00846529,9.691715240478516e-05,0.008465845043890566,True
49048,11,2.0779166,2.6190019,2,2,15.193748,103.754845,0.98524153,20.281496,2.6192386,2.082932,41,22,1,11,0.0388654,0.013189323,10.467233,0.005702798,0.0043842327,0.00023674965,0.005015373229980469,0.005020957979542251,True
49050,-11,0.7043453,2.0670464,1,2,55.322464,223.33424,0.866816,67.8645,2.0685823,0.7082763,39,25,1,7,0.020514822,0.027775152,9.470384,0.005457471,0.0028845498,0.0015358925,0.003930985927581787,0.004220381036488907,True
49050,11,-2.4206643,-2.0788782,2,2,55.322464,223.33424,0.704036,75.77305,-2.0834503,-2.422493,41,27,1,11,0.029995674,0.023050098,10.708906,0.007508461,0.002795302,-0.004572153,0.0018286705017089844,0.004924288836771341,True
49051,-11,1.0290345,2.0138302,1,2,23.382566,90.37764,0.031031225,43.449654,2.004908,1.024351,45,27,1,7,0.03531224,0.031274736,22.351551,0.010343671,0.0030288692,-0.0089221,0.004683494567871094,0.01007665591284723,True
49051,11,-2.071436,-2.0424988,2,2,23.382566,90.37764,0.9678609,26.135109,-2.0427494,-2.096849,39,21,1,9,0.023240227,0.017999139,9.795483,0.0062031928,0.003126108,-0.00025057793,0.025413036346435547,0.02541427169215304,True
49053,11,-2.5047286,2.9094062,2,2,14.905997,138.17888,0.86343694,15.188428,2.90922,-2.4668128,52,16,1,7,0.037333284,0.03491762,34.672363,0.004073755,0.0031483849,-0.00018620491,0.037915706634521484,0.03791616386007039,True
49054,-11,-3.003899,-2.720551,1,2,13.559964,104.987785,0.98807,21.51748,-2.7234044,-2.985804,52,31,1,9,0.026823854,0.022750728,25.508755,0.0035577735,0.0025238872,-0.0028533936,0.018095016479492188,0.01831861010478213,True
49056,-11,-3.0185342,-2.0878844,1,2,19.926933,81.27593,0.07449322,27.419357,-2.0903182,-3.0242743,46,20,1,7,0.026529755,0.018291887,10.050445,0.006833823,0.0029875839,-0.0024337769,0.005740165710449219,0.006234803298070625,True
49056,11,0.16856115,2.0793977,2,2,19.926933,81.27593,0.47483858,31.407803,2.081048,0.16839395,49,21,1,7,0.0326544,0.026303925,24.113138,0.0083780335,0.0036479018,0.0016503334,0.0001671910285949707,0.0016587806323280314,True
49061,-11,0.97387403,-2.7904205,1,2,46.138218,382.99146,0.57446057,38.433613,-2.7867155,1.0015491,50,16,1,9,0.04358584,0.015289887,23.462011,0.0050694975,0.0009718325,0.0037050247,0.027675092220306396,0.027921997377921056,True
49062,11,1.2201492,-1.4748222,2,2,65.62725,149.74176,0.99133074,23.655916,-1.4792567,1.2181449,46,14,1,5,0.022817086,0.015614754,21.65691,0.012489682,0.0026800218,-0.0044345856,0.002004265785217285,0.004866480301704488,True
49063,-11,0.20076482,1.5906312,1,2,22.635397,57.010746,0.59165776,29.03445,1.5901135,0.19497104,37,15,1,7,0.016204013,0.017699441,9.472788,0.007471959,0.0026525985,-0.00051772594,0.005793780088424683,0.005816865810077073,True
49063,11,-2.8722143,-1.559842,2,2,22.635397,57.010746,0.55273783,15.445193,-1.5607574,-2.8953347,41,14,1,9,0.016070586,0.0135131385,15.637029,0.007999379,0.0030362746,-0.00091540813,0.023120403289794922,0.023138518109878718,True
49064,-11,-0.8281813,2.675624,1,2,83.92186,603.8505,0.8657482,105.77439,2.6692798,-0.82182115,52,29,1,11,0.02610286,0.022854647,17.440502,0.0036728936,0.0026121703,-0.00634408,0.006360173225402832,0.008983270891033948,True
49066,11,0.20682326,1.5475838,2,2,98.75276,243.69293,0.75867856,114.35658,1.5482764,0.20478934,42,17,1,7,0.010649312,0.016736645,7.132417,0.005165379,0.002455997,0.000692606,0.002033919095993042,0.0021486111611682982,True
49066,-11,-2.950896,-1.5576606,1,2,98.75276,243.69293,0.9675141,110.543755,-1.5574689,-2.9440296,44,16,1,9,0.011225029,0.012460704,6.7727246,0.0054862006,0.002940594,0.00019168854,0.006866455078125,0.0068691302095210665,True
49068,11,2.0914464,2.7431543,2,2,87.5372,684.43536,0.85317945,86.61092,2.7393842,2.0826693,49,12,1,11,0.02312719,0.008926169,7.092183,0.003030579,0.0023230521,-0.003770113,0.008777141571044922,0.009552589519260564,True
49068,-11,-1.0554087,-2.7479796,1,2,87.5372,684.43536,0.68266064,62.335644,-2.7420173,-1.0365264,45,11,1,11,0.023283063,0.004231109,7.968328,0.0030331234,0.0025676969,0.005962372,0.018882274627685547,0.01980126695211358,True
49070,-11,-0.63444126,2.8786721,1,2,52.190327,465.14642,0.9987559,62.865135,2.8852768,-0.62291694,52,38,1,11,0.035292875,0.03451987,24.574135,0.0037857806,0.00195759,0.0066046715,0.011524319648742676,0.013282756878521306,True
49070,11,2.5149775,-2.876214,2,2,52.190327,465.14642,0.9219402,42.787,-2.8491626,2.5391839,52,18,1,9,0.036122836,0.023809358,17.428717,0.0043949718,0.002258133,0.027051449,0.02420639991760254,0.036300560453096715,True
49071,-11,-1.2211134,1.7625082,1,2,72.51554,220.3652,0.50939596,88.186325,1.7626489,-1.2224541,37,19,1,9,0.01435871,0.02066343,6.470986,0.00544824,0.0027369617,0.00014078617,0.001340627670288086,0.0013479997389745633,True
49071,11,1.9376851,-1.7905265,2,2,72.51554,220.3652,0.63657904,94.14697,-1.787209,1.9389714,44,15,1,9,0.017569344,0.01746758,7.9832954,0.0064657433,0.002742937,0.0033174753,0.0012862682342529297,0.0035581074409708957,True
49073,-11,1.4706467,-2.8106747,1,2,64.482895,533.5466,0.4927582,79.4441,-2.7985349,1.4691879,52,27,1,9,0.031049723,0.022223307,14.721746,0.0038863732,0.002296285,0.012139797,0.001458883285522461,0.012227142838256598,True
49073,11,-1.664206,2.7946384,2,2,64.482895,533.5466,0.9864709,62.625698,2.784455,-1.645332,52,16,1,11,0.024126463,0.0025263783,12.804604,0.0030386588,0.0020904336,-0.010183334,0.018874049186706543,0.021445979286571704,True
49075,-11,2.8074026,-2.9404085,1,2,8.414251,78.90312,0.22869794,13.1067295,-2.9269216,2.8106303,51,17,1,7,0.035280764,0.007363134,25.597609,0.0038787932,0.0027991126,0.013486862,0.003227710723876953,0.013867716625744885,True
49078,11,-1.4153368,-2.233368,2,2,75.52266,355.46497,0.595839,101.173744,-2.232853,-1.4112235,42,28,1,9,0.023949262,0.026135307,8.437912,0.0052930573,0.0027594895,0.00051498413,0.004113316535949707,0.004145428998300934,True
49078,-11,1.7159679,2.2279696,1,2,75.52266,355.46497,0.7926378,95.46688,2.227766,1.7158004,40,23,1,9,0.020605177,0.02593981,7.061549,0.004570669,0.0027476498,-0.00020360947,0.00016748905181884766,0.0002636463490152399,True
49081,-11,1.6012399,-1.8980167,1,2,30.399504,103.18768,0.47262996,35.035088,-1.8992597,1.6019344,32,18,1,11,0.014874034,0.020548373,6.9971237,0.0048269625,0.0021239978,-0.0012429953,0.0006945133209228516,0.0014238630413230854,True
49081,11,-1.5039579,1.8877798,2,2,30.399504,103.18768,0.89937043,32.767994,1.8876292,-1.5102012,37,17,1,11,0.013919904,0.013064921,6.9648957,0.004551781,0.002610976,-0.00015068054,0.006243348121643066,0.006245166162221712,True
49082,-11,-3.1089997,-2.137019,1,2,61.994022,269.00943,0.33353454,75.577,-2.1327302,-3.1147368,41,23,1,9,0.014664524,0.016472697,10.827218,0.0036025809,0.0027208964,0.0042886734,0.0057370662689208984,0.007162865907156262,True
49082,11,0.046301868,2.1577244,2,2,61.994022,269.00943,0.3533474,73.52209,2.1543355,0.056492724,43,26,1,9,0.01944871,0.015548178,8.600589,0.004687974,0.0027842172,-0.0033888817,0.010190855711698532,0.010739555808925591,True
49085,-11,-2.9415832,-2.5333397,1,2,97.03393,617.6394,0.51467144,111.54293,-2.5411925,-2.9450054,46,20,1,13,0.025479566,0.012666894,9.183961,0.003976184,0.0023489117,-0.007852793,0.003422260284423828,0.00856610870251672,True
49085,11,0.20587865,2.5422094,2,2,97.03393,617.6394,0.47943085,123.119,2.5396576,0.21323162,45,28,1,9,0.028458288,0.025267504,9.831298,0.00445632,0.003243398,-0.002551794,0.007352977991104126,0.007783183035575727,True
49088,11,-0.71263933,-2.5528572,2,2,36.652668,243.19524,0.54478943,52.149483,-2.5507338,-0.7024489,47,26,1,9,0.030510698,0.020470973,14.989652,0.004769993,0.0026445102,0.0021233559,0.010190427303314209,0.010409296255185557,True
49090,-11,-0.9183441,-1.7931461,1,2,55.9232,174.50592,0.3856988,70.96479,-1.7953318,-0.9167953,44,23,1,9,0.016127381,0.01745741,7.4707975,0.0060265777,0.0024903954,-0.0021857023,0.00154876708984375,0.002678800875976679,True
49090,11,2.2449448,1.8158469,2,2,55.9232,174.50592,0.07620137,67.65123,1.817021,2.2450428,39,15,1,9,0.012878598,0.015319705,6.2193117,0.0045137326,0.002985769,0.0011740923,9.799003601074219e-05,0.0011781743270523185,True
49092,-11,0.26081184,2.6933649,1,2,99.37499,729.8405,0.9374066,123.16479,2.6910448,0.26567677,46,27,1,11,0.028187422,0.027480226,10.302899,0.003788067,0.002726206,-0.0023200512,0.004864931106567383,0.005389823016950126,True
49092,11,-2.8758163,-2.6715696,2,2,99.37499,729.8405,0.8441593,108.05446,-2.6746163,-2.8698711,42,17,1,9,0.024656797,0.008022347,6.9443717,0.0034574384,0.0022476227,-0.003046751,0.0059452056884765625,0.006680431338493117,True
49093,11,1.1194007,2.2209356,2,2,93.66942,426.11322,0.5953742,110.18243,2.2201598,1.1221557,46,26,1,9,0.019352287,0.014486708,6.8623996,0.0042993496,0.002587833,-0.00077581406,0.0027549266815185547,0.0028620811432671163,True
49093,-11,-2.0308185,-2.1712825,1,2,93.66942,426.11322,0.96341336,112.20473,-2.1736743,-2.029624,41,27,1,9,0.020467382,0.026773805,10.150655,0.004840599,0.0025935941,-0.0023918152,0.0011944770812988281,0.002673491234240501,True
49098,-11,1.9523385,2.0362012,1,2,28.259737,110.220474,0.52851677,34.773533,2.03914,1.9454626,52,18,1,7,0.022592561,0.020323753,18.372314,0.0060756844,0.0031512603,0.0029387474,0.006875872611999512,0.007477557105457468,True
49098,11,-1.1555483,-2.0385654,2,2,28.259737,110.220474,0.3233138,30.6134,-2.0433753,-1.1513573,45,18,1,7,0.019413939,0.013520433,9.849304,0.0051423255,0.001863353,-0.0048098564,0.004191040992736816,0.006379619354347921,True
49100,11,0.002427686,1.616068,2,2,15.353007,39.124306,0.87477946,22.181469,1.6157751,0.0057481914,35,15,1,15,0.015845606,0.018620096,7.9035707,0.00719097,0.0028514788,-0.00029289722,0.003320505376905203,0.0033333983773520042,True
49100,-11,3.0442474,-1.560953,1,2,15.353007,39.124306,0.11956669,21.803186,-1.5655997,3.0392532,41,15,1,9,0.017301418,0.019254332,8.824731,0.008225985,0.0032969508,-0.004646659,0.00499415397644043,0.006821511029184351,True
49101,-11,-2.4841328,2.3223429,1,2,16.682188,85.005684,0.80203956,24.408268,2.3312407,-2.4771314,43,24,1,7,0.026645843,0.02219028,13.6896105,0.005180837,0.0036122373,0.008897781,0.007001399993896484,0.011322107205892211,True
49101,11,0.70052826,-2.3014314,2,2,16.682188,85.005684,0.9896075,25.22365,-2.2917204,0.71126384,39,25,1,7,0.036821283,0.025256595,17.144304,0.007913029,0.0033676114,0.009711027,0.010735571384429932,0.014476067953194434,True
49106,-11,0.6517617,2.0083027,1,2,13.858801,53.315792,0.2009427,25.314375,1.9999497,0.65533507,41,22,1,9,0.0331894,0.021752525,18.968027,0.009580987,0.0032467106,-0.008352995,0.0035733580589294434,0.00908523055007941,True
49106,11,-2.4201393,-2.0385895,2,2,13.858801,53.315792,0.16572125,25.535414,-2.0389335,-2.4212778,38,20,1,9,0.040834486,0.02684466,14.788455,0.011266753,0.0032727257,-0.000344038,0.001138448715209961,0.0011892971156286848,True
49107,11,1.9825801,-2.6833384,2,2,43.638714,325.24127,0.06859128,54.748276,-2.7,1.984195,52,26,1,11,0.026859196,0.017067496,18.31611,0.0035989003,0.0022078229,-0.016661644,0.0016149282455444336,0.01673972438570798,True
49107,-11,-1.1701487,2.71135,1,2,43.638714,325.24127,0.074614584,55.09343,2.718808,-1.1572968,47,24,1,9,0.029449861,0.02795824,12.312377,0.0039656353,0.0029533114,0.0074579716,0.012851953506469727,0.014859140307448195,True
49111,11,1.1374775,-2.802063,2,2,87.26279,726.3839,0.053590614,83.50784,-2.7924297,1.1213689,52,33,1,11,0.027210567,0.017820386,11.9673605,0.0033689104,0.0022229813,0.009633303,0.01610863208770752,0.018769351219134003,True
49111,-11,-2.0091279,2.8153322,1,2,87.26279,726.3839,0.84057087,114.00482,2.821202,-2.0185254,52,26,1,9,0.030505719,0.015115348,10.97973,0.0037284961,0.0029475908,0.0058698654,0.009397506713867188,0.011080092578449755,True
49113,11,2.1173263,2.4897625,2,2,4.0557632,24.125706,0.30261037,6.0882096,2.4932096,2.1432269,42,23,1,7,0.03765056,0.030793888,16.972162,0.006395827,0.0036901152,0.0034470558,0.025900602340698242,0.02612897616032272,True
49113,-11,-1.175119,-2.4508014,1,2,4.0557632,24.125706,0.1797599,9.663744,-2.4517992,-1.1769145,45,20,1,5,0.04119334,0.02928086,15.244462,0.0074126087,0.0031449758,-0.0009977818,0.0017954111099243164,0.0020540373473950475,True
49114,-11,-1.526093,-1.6471983,1,2,68.38679,183.52516,0.91704917,79.3931,-1.6486027,-1.5194128,37,15,1,15,0.017024668,0.011737461,6.40048,0.007225674,0.0030304315,-0.0014044046,0.00668025016784668,0.006826279718697481,True
49114,11,1.6365551,1.6401422,2,2,68.38679,183.52516,0.4019055,87.712654,1.6412925,1.6378006,38,16,1,9,0.013197192,0.012635323,5.8275537,0.0057934737,0.0026989605,0.0011502504,0.0012454986572265625,0.0016953887323777888,True
49118,-11,2.3898535,-1.9496452,1,2,48.870083,176.96132,0.98462754,60.832508,-1.9503448,2.3900874,45,20,1,9,0.028045643,0.031698417,9.305228,0.008499018,0.0027911672,-0.0006996393,0.0002338886260986328,0.0007376984843553587,True
49118,11,-0.7306317,1.971073,2,2,48.870083,176.96132,0.29157966,62.520016,1.9686624,-0.7282771,46,23,1,9,0.020624416,0.01669919,9.195938,0.0061610914,0.0027043617,-0.0024106503,0.0023546218872070312,0.003369789135626525,True
49120,-11,-2.9803245,-2.984412,1,2,78.2739,789.6264,0.2965247,45.69782,-2.952469,-2.9963043,52,22,1,9,0.040019456,0.05230967,32.20758,0.004448886,0.00236927,0.031942844,0.015979766845703125,0.03571691760558638,True
49122,-11,1.191851,-2.496805,1,2,83.70819,527.3789,0.83681566,100.43396,-2.5005245,1.193111,51,25,1,11,0.023058612,0.02574421,12.8438425,0.0039256504,0.0031335233,-0.0037195683,0.001259922981262207,0.00392716104168741,True
49122,11,-1.9428151,2.5589428,2,2,83.70819,527.3789,0.68473744,103.93239,2.5570114,-1.9404601,43,29,1,11,0.02617778,0.020073336,10.460156,0.004079708,0.0030409175,-0.0019314289,0.0023549795150756836,0.003045709456147986,True
49125,11,1.2718153,1.8900738,2,2,97.15509,321.7219,0.8019185,124.22373,1.8899369,1.2731931,49,23,1,9,0.017388664,0.016902491,12.145495,0.005633434,0.0025115337,-0.00013685226,0.0013778209686279297,0.0013846007236251864,True
49125,-11,-1.8815078,-1.8443468,1,2,97.15509,321.7219,0.9948303,110.709496,-1.8448871,-1.878661,34,18,1,13,0.010966072,0.013332899,5.9078255,0.0037458676,0.0028006753,-0.0005403757,0.0028467178344726562,0.0028975521259069483,True
49128,11,2.6648538,-2.9125526,2,2,14.165123,130.22913,0.025245806,22.428045,-2.8952506,2.6843953,47,12,1,11,0.050483767,0.0058468506,19.422958,0.005708212,0.0026843618,0.017302036,0.019541501998901367,0.026100397658810004,True
49137,11,1.2832443,2.0797849,2,2,70.829575,285.2886,0.08019002,85.868576,2.0759227,1.2773484,46,24,1,11,0.02075792,0.023240844,11.026838,0.0054288097,0.0026190237,-0.0038621426,0.005895853042602539,0.007048207447218405,True
49137,-11,-1.871359,-2.061506,1,2,70.829575,285.2886,0.97953784,81.54994,-2.0592592,-1.8685381,34,20,1,9,0.018319558,0.011343817,6.343773,0.0049715526,0.0032224294,0.0022468567,0.0028208494186401367,0.0036063217307365485,True
49141,11,-0.29643306,-1.9083836,2,2,84.248184,293.24323,0.24943802,110.072624,-1.9071472,-0.29702303,52,18,1,9,0.0192694,0.013749087,8.799094,0.006148196,0.0027952814,0.0012364388,0.0005899667739868164,0.0013699786786401543,True
49141,-11,2.8323798,1.9299164,1,2,84.248184,293.24323,0.05818774,97.88561,1.9294466,2.831858,36,16,1,9,0.019091234,0.015555749,6.311769,0.0059231967,0.0030660469,-0.0004698038,0.0005218982696533203,0.0007022061120996101,True
49143,11,-0.31757393,2.235462,2,2,12.276652,57.82529,0.4513077,16.63509,2.2396746,-0.31083974,48,19,1,9,0.024303554,0.025222853,18.301743,0.0053654076,0.00355002,0.004212618,0.006734192371368408,0.0079432673784829,True
49143,-11,2.7605376,-2.227705,1,2,12.276652,57.82529,0.1887848,19.583063,-2.234646,2.750583,41,20,1,7,0.026685374,0.02037511,15.042246,0.0060205306,0.003489704,-0.00694108,0.009954690933227539,0.012135669132417155,True
49144,11,0.8413062,1.6922904,2,2,96.89653,269.04477,0.70229995,113.51449,1.6922905,0.8411451,34,16,1,9,0.010201267,0.012179971,5.8205004,0.0041662436,0.0026241876,1.1920929e-07,0.00016111135482788086,0.00016111139893046068,True
49144,-11,-2.3145828,-1.6684036,1,2,96.89653,269.04477,0.29709443,107.43046,-1.6687331,-2.316811,35,17,1,9,0.012083742,0.012994126,6.3970385,0.0051040878,0.0028751835,-0.00032949448,0.002228260040283203,0.0022524896042040265,True
49145,-11,-1.6595939,2.8438582,1,2,4.346077,37.53435,0.40454876,5.891276,2.8263705,-1.6491836,50,8,1,7,0.041645795,0.007043182,29.049896,0.0052385917,0.001824616,-0.017487764,0.010410308837890625,0.020351816761415516,True
49146,11,2.3535786,1.6776593,2,2,10.626659,29.241943,0.3146317,10.59803,1.6843569,2.3762193,43,29,1,9,0.022044364,0.020001667,17.592854,0.008718637,0.0025904907,0.0066976547,0.022640705108642578,0.023610593082567008,True
49146,-11,-0.91977173,-1.664958,1,2,10.626659,29.241943,0.07561413,15.400204,-1.6684932,-0.919607,36,14,1,5,0.015849661,0.019805524,8.575837,0.006692466,0.0027296317,-0.0035351515,0.0001647472381591797,0.0035389881899995294,True
49147,-11,1.6627553,1.7895472,1,2,48.2005,149.33884,0.8695524,54.704525,1.7874495,1.6677868,41,16,1,7,0.015507401,0.022281742,7.05467,0.0057607526,0.0025485957,-0.0020977259,0.005031585693359375,0.005451358388506647,True
49147,11,-1.453473,-1.804311,2,2,48.2005,149.33884,0.15199257,56.44963,-1.802728,-1.4508392,42,21,1,9,0.018364336,0.013463249,8.898858,0.0067518586,0.0027881481,0.0015829802,0.002633810043334961,0.0030729109170746153,True
49148,11,-2.4985769,-2.6937113,2,2,18.314545,135.12856,0.14712882,26.524294,-2.70558,-2.494025,52,26,1,9,0.032591328,0.015414039,19.333946,0.004308117,0.0030977137,-0.011868715,0.004551887512207031,0.012711651174883338,True
49148,-11,0.61625314,2.6805015,1,2,18.314545,135.12856,0.90573585,18.957476,2.7027352,0.643739,48,16,1,9,0.04436145,0.031521503,22.590069,0.005725606,0.003593416,0.022233725,0.02748584747314453,0.035352656549891746,True
49151,-11,-1.6640128,-1.738549,1,2,69.1079,200.53743,0.30954647,91.918884,-1.7426734,-1.6707875,46,25,1,9,0.016378311,0.014144301,12.271359,0.006253515,0.0028909883,-0.004124403,0.0067746639251708984,0.007931378877145087,True
49151,11,1.4966891,1.7163708,2,2,69.1079,200.53743,0.017527128,81.76077,1.715863,1.498378,44,27,1,11,0.0110767195,0.01181677,7.976379,0.004432322,0.0026073265,-0.0005078316,0.0016889572143554688,0.0017636522840268102,True
49152,-11,-0.3981574,-2.596154,1,2,78.82132,513.373,0.7461513,91.11747,-2.605692,-0.41760728,50,26,1,9,0.02571884,0.021098392,10.940729,0.0038656038,0.0020402519,-0.009537935,0.019449889659881592,0.021662650237826535,True
49152,11,2.7505121,2.5271242,2,2,78.82132,513.373,0.9198607,103.46418,2.5253432,2.7662725,46,25,1,9,0.035250768,0.030243147,9.733401,0.005550702,0.003035608,-0.0017809868,0.015760421752929688,0.015860731627567796,True
49154,-11,1.6459846,2.3440595,1,2,83.49939,445.81006,0.12840803,106.97718,2.3484867,1.6490201,52,27,1,13,0.028122341,0.02290807,11.148767,0.005388883,0.0031401457,0.0044271946,0.003035426139831543,0.005367854756604755,True
49156,11,2.4486752,2.3976262,2,2,80.78473,447.64032,0.9456806,106.698616,2.4000287,2.44283,44,25,1,9,0.020837061,0.03411396,10.311315,0.0038227162,0.002501123,0.002402544,0.005845069885253906,0.0063195774923973805,True
49157,-11,-1.2553834,2.6273434,1,2,68.10568,477.633,0.49228212,89.31543,2.6250353,-1.2562101,52,28,1,9,0.03850253,0.028528498,17.03981,0.0056326697,0.002429074,-0.0023081303,0.000826716423034668,0.002451718846884234,True
49157,11,1.8937018,-2.6443503,2,2,68.10568,477.633,0.14340341,91.58823,-2.6390488,1.902872,46,30,1,11,0.033708584,0.032218315,10.864314,0.0049838554,0.003086906,0.0053014755,0.009170174598693848,0.010592343650116992,True
49160,-11,2.3963323,2.1188035,1,2,19.753958,82.63845,0.4330777,24.536705,2.116211,2.3951719,43,16,1,7,0.02562443,0.022547599,7.8102593,0.0065381615,0.003462806,-0.0025925636,0.0011603832244873047,0.0028404005301174203,True
49162,11,-0.21863902,2.353259,2,2,10.368137,56.07439,0.62855875,16.20936,2.3504188,-0.25702587,48,25,1,7,0.048351802,0.034270734,19.741535,0.009568515,0.0038470277,-0.0028402805,0.03838685154914856,0.03849178568610111,True
49162,-11,2.8578362,-2.3923526,1,2,10.368137,56.07439,0.23745245,23.296276,-2.3862946,2.836936,42,25,1,7,0.04269852,0.041544355,17.327372,0.008105415,0.0041974424,0.0060579777,0.020900249481201172,0.021760503713086823,True
49166,11,-1.5135225,1.7060125,2,2,22.085558,64.33203,0.80516815,22.231276,1.7080886,-1.5251307,40,14,1,7,0.012874249,0.010557014,5.20301,0.0051542493,0.0026757757,0.002076149,0.011608242988586426,0.011792442490744855,True
49166,-11,1.5686529,-1.7579108,1,2,22.085558,64.33203,0.9377662,16.140057,-1.7524471,1.6079392,34,16,1,13,0.027775023,0.017883241,14.975026,0.010902203,0.0030576421,0.0054637194,0.03928637504577637,0.03966448656212961,True
49167,11,0.5142702,2.2440581,2,2,8.5753765,40.531193,0.6236678,11.24468,2.2388673,0.47721365,44,23,1,43,0.051150523,0.028902398,42.820377,0.010961301,0.0030426593,-0.0051908493,0.037056535482406616,0.0374183342433662,True
49167,-11,-2.7178717,-2.2265768,1,2,8.5753765,40.531193,0.053842146,14.735783,-2.2278929,-2.7191513,49,17,1,7,0.033067707,0.01375919,10.649751,0.0073316647,0.0036957725,-0.0013160706,0.001279592514038086,0.0018355921965509316,True
49169,-11,3.0777504,1.7023685,1,2,64.02495,180.37296,0.4521262,71.41992,1.701854,3.0765748,35,14,1,7,0.010271196,0.011997302,5.6940546,0.0041832263,0.0027983221,-0.0005145073,0.0011756420135498047,0.0012832972762751205,True
49170,-11,-2.3267317,1.8851225,1,2,65.789246,219.72119,0.97937113,81.96327,1.8851744,-2.322937,45,17,1,9,0.011059999,0.011349958,6.2276216,0.0035962753,0.00248649,5.185604e-05,0.0037946701049804688,0.0037950244076442995,True
49170,11,0.83195496,-1.8666852,2,2,65.789246,219.72119,0.56386423,88.07383,-1.8684922,0.8270458,42,28,1,11,0.019546324,0.019651346,14.5186825,0.006520997,0.0025752934,-0.0018070936,0.004909157752990723,0.005231196534452523,True
49171,-11,1.524581,1.9376026,1,2,13.045761,46.475178,0.8820829,12.048636,1.9281886,1.4964865,47,16,1,9,0.028277567,0.02584419,25.570843,0.008974031,0.0028729676,-0.009414077,0.02809441089630127,0.029629727791282836,True
49171,11,-1.536565,-1.9495478,2,2,13.045761,46.475178,0.9802702,22.017008,-1.9605918,-1.5614723,40,21,1,9,0.042724483,0.03046564,12.5599165,0.012454498,0.0027230235,-0.011044025,0.024907350540161133,0.027246038461470206,True
49174,11,-0.40776935,-1.5730184,2,2,70.59491,177.9977,0.80629045,72.62276,-1.5722673,-0.41856652,52,15,1,9,0.011096987,0.014952706,7.500935,0.0052373074,0.0028158622,0.00075113773,0.010797172784805298,0.010823268823481932,True
49174,-11,2.7118354,1.5792106,1,2,70.59491,177.9977,0.34282798,82.60586,1.5802107,2.7103822,31,14,1,7,0.011360611,0.012737008,5.714527,0.005264341,0.0028502226,0.0010000467,0.0014531612396240234,0.0017640212686930615,True
49175,-11,2.9531746,-2.164201,1,2,30.991644,135.17825,0.61578304,40.553043,-2.1648383,2.954621,40,20,1,9,0.02314622,0.020573977,9.265144,0.0054996805,0.0035441509,-0.00063729286,0.0014464855194091797,0.0015806525708510959,True
49175,11,-0.16114981,2.141235,2,2,30.991644,135.17825,0.8271902,40.92144,2.1399262,-0.15870027,45,21,1,9,0.017475871,0.017775582,9.826365,0.0042891274,0.0029156273,-0.001308918,0.002449542284011841,0.0027773231230752726,True
49178,11,0.08496113,-1.6524172,2,2,89.08007,240.46692,0.03824132,110.783905,-1.6528704,0.085425116,34,17,1,9,0.012469567,0.011170599,5.287072,0.0052815373,0.0027016818,-0.00045323372,0.0004639849066734314,0.0006486160632788551,True
49178,-11,-3.072706,1.6475561,1,2,89.08007,240.46692,0.2257907,102.55528,1.6473355,-3.0768394,45,22,1,9,0.012708259,0.014806132,7.8275275,0.0056796563,0.0027180004,-0.00022053719,0.004133462905883789,0.004139342006234812,True
49179,11,-0.1921951,2.8177788,2,2,41.71888,349.5409,0.48543143,53.446926,2.8209412,-0.18962236,52,22,1,9,0.036722798,0.018941494,15.916873,0.0043227533,0.0031412838,0.003162384,0.0025727450847625732,0.0040767254070673,True
49179,-11,2.93902,-2.8127036,1,2,41.71888,349.5409,0.14708303,54.117023,-2.8091717,2.9373164,50,27,1,9,0.032160234,0.027214129,13.749101,0.003924242,0.0032312027,0.0035319328,0.001703500747680664,0.00392128347500309,True
49183,-11,-2.0809817,-1.9209483,1,2,6.7480984,23.419504,0.9455286,8.866137,-1.9243765,-2.0529397,52,15,1,7,0.019246934,0.026008075,14.239874,0.0058888574,0.0027572038,-0.0034282207,0.028042078018188477,0.028250855517652402,True
49183,11,1.2205597,1.9131751,2,2,6.7480984,23.419504,0.12744448,8.809304,1.9100528,1.2298534,45,16,1,9,0.034379523,0.015457693,15.877387,0.011312687,0.0035128717,-0.0031223297,0.009293675422668457,0.00980414941194865,True
49184,-11,-2.4518201,-1.9923115,1,2,28.664333,106.837875,0.80321866,31.907911,-1.9973137,-2.4365427,50,17,1,9,0.021020431,0.012876484,13.712647,0.005880229,0.0027501695,-0.00500226,0.015277385711669922,0.016075482007419865,True
49184,11,0.7246495,1.9883989,2,2,28.664333,106.837875,0.8987674,36.352467,1.9888961,0.71244806,45,19,1,9,0.024687963,0.027662007,11.449767,0.0071154446,0.002716579,0.00049722195,0.012201428413391113,0.012211555387304006,True
49188,11,1.0841024,2.241099,2,2,5.9235067,27.975819,0.5682391,5.8543215,2.243693,1.0558547,45,21,1,5,0.039521273,0.017830333,15.83516,0.00853076,0.0035829209,0.0025939941,0.028247714042663574,0.028366567544165257,True
49188,-11,-2.1887164,-2.228667,1,2,5.9235067,27.975819,0.29955846,10.620892,-2.2293336,-2.2024896,40,19,1,11,0.031187182,0.033443805,17.525497,0.0070210844,0.003180998,-0.00066661835,0.013773202896118164,0.013789325510641147,True
49189,11,0.3073058,1.5532408,2,2,63.30063,156.18466,0.6697419,76.78567,1.5537541,0.30593544,46,15,1,11,0.009931547,0.016318427,7.981927,0.004756341,0.0030437193,0.0005133152,0.0013703703880310059,0.0014633548769079935,True
49189,-11,-2.8594277,-1.5516821,1,2,63.30063,156.18466,0.31475756,75.585815,-1.551712,-2.860851,48,16,1,9,0.012868969,0.016217493,10.698513,0.0061814096,0.0026400553,-2.9921532e-05,0.0014233589172363281,0.0014236733843596588,True
49190,-11,-2.8348808,-1.688586,1,2,42.740295,121.14414,0.29051983,54.475746,-1.6896366,-2.837897,46,26,1,7,0.015273692,0.017019855,11.685297,0.006251693,0.0029234092,-0.0010505915,0.003016233444213867,0.003193964090299376,True
49190,11,0.33837026,1.7163373,2,2,42.740295,121.14414,0.23789859,53.38305,1.7150056,0.34658352,41,20,1,7,0.013044968,0.016298844,12.351076,0.005275883,0.0023636587,-0.001331687,0.008213251829147339,0.00832051054865998,True
49191,11,2.5454924,1.7306471,2,2,60.882736,172.54668,0.7110362,73.82775,1.7308952,2.5448086,37,19,1,9,0.015212482,0.020002628,6.475915,0.0059000817,0.0030963714,0.00024807453,0.0006837844848632812,0.0007273941125318947,True
49191,-11,-0.61833227,-1.6746868,1,2,60.882736,172.54668,0.57071865,83.37252,-1.675617,-0.62102515,41,17,1,9,0.02072537,0.017557895,8.776713,0.008344379,0.0025235973,-0.0009301901,0.002692878246307373,0.0028490080435119645,True
49193,-11,-2.3217697,-2.5282073,1,2,52.564972,334.61774,0.1338957,74.57555,-2.5474017,-2.334403,52,29,1,11,0.06665318,0.03244772,14.015369,0.009924336,0.0027766433,-0.019194365,0.012633323669433594,0.022978783920360877,True
49193,11,0.8306487,2.547618,2,2,52.564972,334.61774,0.15572959,67.561806,2.5516875,0.8306971,46,24,1,13,0.035534915,0.020686587,10.615639,0.0054697637,0.003592193,0.0040695667,4.839897155761719e-05,0.0040698544558491565,True
49194,-11,-0.29457077,-2.3515258,1,2,58.704205,305.04785,0.17654252,66.580414,-2.3582351,-0.30233777,46,19,1,11,0.024687208,0.014999388,7.402761,0.004735368,0.002887692,-0.0067093372,0.007766991853713989,0.010263594394229874,True
49194,11,2.8589892,2.3123214,2,2,58.704205,305.04785,0.9455457,68.83896,2.3155873,2.8579054,43,20,1,13,0.016927402,0.018242361,7.953572,0.0034292242,0.0026284226,0.0032658577,0.0010838508605957031,0.003441011327305612,True
49196,11,0.074003816,-2.2959948,2,2,44.43766,222.5475,0.15912962,57.86018,-2.2938552,0.074967474,48,22,1,9,0.025302175,0.014682588,8.6029215,0.005331179,0.0034535315,0.0021395683,0.0009636580944061279,0.0023465696941259843,True
49197,11,0.25657243,-1.9330373,2,2,82.19556,288.64807,0.30438143,97.63067,-1.9307952,0.25541243,32,15,1,9,0.01443591,0.015024159,6.007704,0.0044678464,0.0027478777,0.0022420883,0.0011599957942962646,0.002524391068736984,True
49197,-11,-2.8979802,1.923674,1,2,82.19556,288.64807,0.22114424,98.79993,1.9230328,-2.8960998,41,27,1,9,0.015296833,0.014039915,7.5891967,0.0047867596,0.003176044,-0.00064122677,0.0018804073333740234,0.0019867318625896055,True
49199,-11,-0.15584771,2.1962276,1,2,72.61317,331.83807,0.9851346,92.93997,2.1977305,-0.15711051,43,20,1,11,0.023274759,0.025318213,7.9617825,0.005491902,0.0028570914,0.0015029907,0.0012627989053726196,0.0019630695830257882,True
49199,11,2.9968324,-2.204715,2,2,72.61317,331.83807,0.117841735,93.85138,-2.2032166,3.002559,47,29,1,11,0.019050036,0.018562058,12.578451,0.004340192,0.0025310614,0.0014984608,0.00572657585144043,0.005919379663752553,True
49203,11,1.306628,1.7986665,2,2,72.110306,224.53842,0.8849142,85.95344,1.8017222,1.3047788,35,18,1,9,0.01603927,0.021453207,6.9434996,0.005642707,0.002993747,0.0030556917,0.0018491744995117188,0.0035716520263508224,True
49203,-11,-1.8518567,-1.8056791,1,2,72.110306,224.53842,0.8671919,95.201744,-1.8023441,-1.8511171,39,20,1,7,0.017958459,0.021102611,8.008078,0.006450946,0.0026322543,0.003334999,0.0007395744323730469,0.0034160195014743943,True
49205,11,-1.3861514,-2.963979,2,2,95.168175,916.7251,0.0,105.782745,-2.9553928,-1.3817607,51,37,1,11,0.021651909,0.014000259,17.914913,0.0023004182,0.0019654462,0.008586168,0.004390716552734375,0.009643685967722766,True
49205,-11,1.7515534,2.9473011,1,2,95.168175,916.7251,0.1563809,107.79431,2.9507163,1.7694774,52,18,1,13,0.034082226,0.02217692,10.416206,0.0037180043,0.002794253,0.0034151077,0.017923951148986816,0.0182463965094105,True
49207,-11,-0.15335707,2.6228173,1,2,79.12489,554.58954,0.28702524,100.46074,2.6177552,-0.15421873,50,33,1,9,0.03406809,0.022729797,15.576218,0.005105898,0.0030436455,-0.0050621033,0.0008616596460342407,0.005134914495566276,True
49207,11,2.994797,-2.6477861,2,2,79.12489,554.58954,0.55076617,81.54909,-2.6482613,3.003952,46,23,1,11,0.020302258,0.011837924,6.841551,0.0028853228,0.0025958887,-0.00047516823,0.009155035018920898,0.00916735790960027,True
49212,-11,-1.7691997,-2.0893738,1,2,33.332813,137.67554,0.6368438,38.468098,-2.0910163,-1.7827055,41,14,1,7,0.017622441,0.0154747255,8.711934,0.0045151673,0.003073137,-0.0016424656,0.013505816459655762,0.013605321437000257,True
49212,11,1.399308,2.1037748,2,2,33.332813,137.67554,0.26555768,42.099194,2.1004155,1.3969871,39,21,1,9,0.027842054,0.023171265,8.69978,0.0073385756,0.0028629068,-0.0033593178,0.00232088565826416,0.004083078000149271,True
49213,11,-1.3467593,2.572331,2,2,37.04127,245.42172,0.6156424,64.7929,2.564158,-1.3413311,46,32,1,7,0.040164348,0.054206118,32.979343,0.006359509,0.002540196,-0.008172989,0.005428194999694824,0.009811373234108241,True
49213,-11,1.7800498,-2.5844219,1,2,37.04127,245.42172,0.99865454,41.411846,-2.5810344,1.7599038,43,23,1,7,0.03866007,0.015548913,14.318413,0.006126905,0.0022871408,0.0033874512,0.02014601230621338,0.020428818793164185,True
49214,11,-1.5172429,-2.6719003,2,2,87.38333,629.0075,0.23117532,114.06027,-2.6671007,-1.5037403,47,33,1,9,0.034477152,0.023711087,15.098926,0.0050952258,0.0027043351,0.0047996044,0.01350259780883789,0.01433025992872104,True
49217,-11,0.28902775,2.6717644,1,2,2.1834073,15.943,0.069659926,9.332778,2.683441,0.32962862,51,24,1,5,0.043405924,0.07066486,22.611605,0.0058955504,0.0037834598,0.01167655,0.040600866079330444,0.042246563632012034,True
49219,-11,-2.3157752,-1.7102326,1,2,26.882164,76.54797,0.07138968,37.240837,-1.7116165,-2.3124306,35,16,1,9,0.014000075,0.020858878,7.5162125,0.0054731406,0.002842786,-0.0013839006,0.0033445358276367188,0.003619544291227298,True
49220,-11,1.5080241,-2.911925,1,2,80.43133,733.9076,0.22358447,83.59091,-2.914263,1.4891578,52,35,1,11,0.0199861,0.01690464,17.43934,0.0021710817,0.0012613335,-0.0023379326,0.018866300582885742,0.019010608255293524,True
49222,11,-0.7925509,1.8102363,2,2,17.420286,53.349915,0.14408249,21.241932,1.8098919,-0.78610516,44,16,1,13,0.01786353,0.018077875,14.486391,0.0063225087,0.0023665086,-0.00034439564,0.006445765495300293,0.006454959424778847,True
49222,-11,2.2778766,-1.7600935,1,2,17.420286,53.349915,0.7305622,16.22872,-1.7582103,2.264441,43,18,1,5,0.02081781,0.018896917,10.451306,0.007958886,0.003036236,0.0018831491,0.013435602188110352,0.013566932481832633,True
49223,11,-0.8441387,-2.878845,2,2,36.99168,333.44727,0.0,40.9965,-2.8957407,-0.8559911,52,38,1,9,0.03410205,0.02817583,22.834753,0.0037740502,0.0028508657,-0.016895771,0.011852443218231201,0.020638495220333317,True
49223,-11,2.2866695,2.8989637,1,2,36.99168,333.44727,0.9770395,39.1836,2.8919003,2.2595682,52,38,1,13,0.034006756,0.03384128,25.351,0.003693165,0.0023296783,-0.007063389,0.02710127830505371,0.028006619736146987,True
49224,11,2.070504,-2.2456317,2,2,2.5896237,12.258977,0.1300321,6.0899796,-2.2166054,2.0855384,52,20,1,9,0.052423753,0.021446716,23.230968,0.012056092,0.0040871096,0.02902627,0.01503443717956543,0.032688815281018135,True
49226,-11,2.9082427,-2.0602615,1,2,2.843558,11.180408,0.03672013,4.6613507,-2.0611048,2.9106243,36,15,1,5,0.0326278,0.04263132,8.6027155,0.008852131,0.004038283,-0.0008432865,0.002381563186645508,0.0025264550969996227,True
49226,11,0.09842358,2.0401511,2,2,2.843558,11.180408,0.13552281,8.390353,2.0456562,0.118442535,49,20,1,9,0.051467277,0.031758018,21.661444,0.013631058,0.0032116398,0.005505085,0.020018957555294037,0.02076209580308391,True
49231,11,3.0862129,2.6093488,2,2,90.90848,608.61884,0.09473094,116.61833,2.6018062,3.0836408,48,34,1,9,0.024801346,0.025569195,12.869891,0.003729685,0.0028513947,-0.00754261,0.0025720596313476562,0.00796909392534841,True
49231,-11,-0.06133171,-2.5688014,1,2,90.90848,608.61884,0.9992991,119.276955,-2.57112,-0.06700963,47,29,1,13,0.022872541,0.02812043,9.178504,0.0036250907,0.002383011,-0.0023186207,0.00567791610956192,0.006133085125471279,True
49236,11,2.7560086,-2.7230284,2,2,96.253395,739.4186,0.621283,122.27271,-2.7088606,2.733676,50,24,1,11,0.024811778,0.013847492,10.271965,0.003348887,0.0021260611,0.014167786,0.02233266830444336,0.026447575005388958,True
49237,-11,1.434271,1.6355983,1,2,80.86105,215.79536,0.3986925,93.19406,1.6370679,1.4347124,31,17,1,9,0.010142472,0.010957589,5.791205,0.0043989536,0.0027200617,0.0014696121,0.00044143199920654297,0.0015344777606157492,True
49237,11,-1.6893672,-1.6397038,2,2,80.86105,215.79536,0.1817315,100.19089,-1.6385868,-1.6895918,47,18,1,9,0.020590877,0.017930923,9.582834,0.0093050245,0.0028961645,0.001116991,0.00022459030151367188,0.001139346188406185,True
49242,-11,-2.200194,-1.8961629,1,2,58.055065,199.5245,0.86182857,59.66607,-1.8985945,-2.1940873,37,16,1,11,0.013580164,0.010061621,8.944479,0.0043218276,0.0029014386,-0.002431631,0.00610661506652832,0.0065729428160668174,True
49242,11,0.9602178,1.9156153,2,2,58.055065,199.5245,0.25164485,72.7452,1.9191413,0.962696,42,20,1,7,0.016282808,0.01747763,7.1745157,0.005096127,0.0029985243,0.0035259724,0.0024782419204711914,0.004309775463110423,True
49245,11,-0.81016535,2.9179108,2,2,41.9863,377.47037,0.26443046,44.492126,2.9242857,-0.80184144,52,14,1,13,0.036863483,0.00613788,16.928078,0.004129946,0.002271685,0.006374836,0.008323907852172852,0.010484558899792676,True
49245,-11,2.3218575,-2.8554664,1,2,41.9863,377.47037,0.9128851,55.057686,-2.8350298,2.3110485,51,37,1,7,0.041622028,0.02011362,20.851664,0.0049443403,0.0037186393,0.020436525,0.010808944702148438,0.02311892871775385,True
49246,11,1.4546946,1.5449636,2,2,45.124153,111.323975,0.26584268,53.890224,1.5460544,1.4566555,43,15,1,7,0.01467353,0.015755702,8.076447,0.0070252777,0.0023896703,0.001090765,0.0019608736038208008,0.002243834556559653,True
49246,-11,-1.7221882,-1.5598204,1,2,45.124153,111.323975,0.9482465,57.257156,-1.5593789,-1.7208576,43,19,1,17,0.011973632,0.015797392,8.693575,0.005883707,0.0030842186,0.0004415512,0.0013306140899658203,0.0014019633825959681,True
49247,-11,0.25502136,-1.6283686,1,2,19.869516,52.08281,0.034774635,28.464725,-1.6295965,0.25768453,41,17,1,7,0.019028673,0.023621676,16.616407,0.00821136,0.002745337,-0.0012278557,0.002663165330886841,0.0029325891557416286,True
49247,11,-2.8120217,1.6086785,2,2,19.869516,52.08281,0.34914044,22.980318,1.6100777,-2.8053155,29,15,1,7,0.016642617,0.015650317,5.651887,0.007437734,0.002590501,0.0013992786,0.00670623779296875,0.006850664638810597,True
49248,11,0.84299237,-2.1488633,2,2,23.552923,100.61257,0.80160624,23.824665,-2.1518989,0.8313351,47,18,1,7,0.025883896,0.022092352,7.387274,0.006269657,0.0032486566,-0.0030355453,0.011657238006591797,0.012045984123719366,True
49252,11,-0.64608806,-1.7148771,2,2,67.4531,190.21576,0.5277975,84.92139,-1.7151828,-0.6478152,31,15,1,9,0.011258144,0.01271695,5.1850734,0.0044606426,0.002066703,-0.00030565262,0.0017271637916564941,0.0017540006517527376,True
49252,-11,2.475335,1.6792185,1,2,67.4531,190.21576,0.91378075,76.191025,1.6812474,2.4840202,35,21,1,13,0.017719448,0.014515181,6.555751,0.007316775,0.002689841,0.002028823,0.00868535041809082,0.00891916107823288,True
49254,11,-0.47433388,2.033851,2,2,29.558252,114.1685,0.1122115,37.833904,2.03254,-0.47099718,50,16,1,9,0.017613076,0.016654378,8.093889,0.0048465463,0.003146149,-0.0013108253,0.003336697816848755,0.0035849428745325118,True
49254,-11,2.634703,-2.020811,1,2,29.558252,114.1685,0.8528155,28.026762,-2.0219166,2.6370986,43,19,1,9,0.019346502,0.018045492,9.903444,0.0055139414,0.0027831076,-0.001105547,0.0023956298828125,0.0026384231161995513,True
49255,-11,2.626643,-1.880062,1,2,43.098755,146.95604,0.03326587,60.218292,-1.8779643,2.6258774,43,25,1,9,0.022211835,0.017091222,11.687754,0.0075185387,0.002858061,0.0020977259,0.0007655620574951172,0.0022330559675474335,True
49255,11,-0.48939112,1.9154563,2,2,43.098755,146.95604,0.75564194,55.69521,1.9160529,-0.4862358,46,17,1,9,0.021251384,0.020867247,7.639532,0.006520102,0.0025146918,0.0005966425,0.003155320882797241,0.0032112352958157215,True
49258,11,-0.081952915,2.4187598,2,2,59.375946,337.61945,0.64476174,65.85405,2.41991,-0.07903128,46,24,1,9,0.027570399,0.024774157,9.607406,0.004954613,0.003951414,0.0011501312,0.0029216334223747253,0.0031398636420718754,True
49258,-11,3.0488434,-2.4279797,1,2,59.375946,337.61945,0.14117458,64.988106,-2.4275613,3.048017,42,26,1,9,0.021171562,0.022577101,10.210051,0.0038709086,0.0026725673,0.0004184246,0.0008263587951660156,0.0009262548296905065,True
49259,11,2.7438366,1.8791379,2,2,83.46946,274.7937,0.075835615,101.08979,1.8779526,2.7450304,35,21,1,13,0.015088896,0.016123135,7.0292478,0.004848857,0.0028084444,-0.001185298,0.0011937618255615234,0.0016822599532084707,True
49259,-11,-0.41144234,-1.8428133,1,2,83.46946,274.7937,0.92004913,90.415695,-1.8436171,-0.40769467,34,20,1,9,0.011478203,0.013073069,5.8630567,0.0038962853,0.0027580338,-0.00080382824,0.0037476718425750732,0.003832908042719245,True
50017,11,1.7963775,-2.5448818,2,2,32.58665,209.49048,0.73071206,45.183193,-2.5550168,1.7972484,42,28,1,9,0.037904397,0.026517743,12.694791,0.005794964,0.0032601426,-0.010134935,0.000870823860168457,0.010172278358457285,True
50017,-11,-1.3625263,2.5507884,1,2,32.58665,209.49048,0.98914623,24.384909,2.5572166,-1.3275219,46,25,1,7,0.03598312,0.028599009,15.669522,0.0055133426,0.0037332508,0.0064282417,0.035004377365112305,0.035589727818961144,True
50029,-11,-0.080440104,-1.6655103,1,2,43.69307,119.82699,0.96220005,43.80327,-1.6678962,-0.08430296,32,18,1,7,0.013739468,0.0130799655,6.8056474,0.005706958,0.0028559698,-0.0023858547,0.0038628578186035156,0.004540261360313052,True
50029,11,3.093351,1.6685241,2,2,43.69307,119.82699,0.5720343,49.86795,1.6683185,3.0971224,47,16,1,13,0.01841846,0.02038326,10.815215,0.0075588925,0.0028544108,-0.00020563602,0.003771543502807617,0.0037771452934898166,True
50033,11,0.18162768,-1.9071164,2,2,61.798473,215.14061,0.105523586,76.71182,-1.9075104,0.18587777,33,19,1,11,0.015714139,0.008505705,6.2677536,0.0048595164,0.0025547713,-0.0003939867,0.004250094294548035,0.004268316651078651,True
50033,-11,-2.977362,1.9316047,1,2,61.798473,215.14061,0.062158857,73.56802,1.9294777,-2.9782777,48,16,1,9,0.017974768,0.01437761,6.8288455,0.005670817,0.0028820685,-0.0021270514,0.0009157657623291016,0.0023158096346179904,True
50035,-11,-0.23954576,-1.7813753,1,2,43.903526,135.42772,0.30250183,51.336597,-1.780903,-0.2442794,39,18,1,9,0.018563092,0.013621425,7.5699916,0.007140043,0.0030721875,0.0004723072,0.004733636975288391,0.004757141274957203,True
50035,11,2.9300585,1.8032594,2,2,43.903526,135.42772,0.6133277,48.773518,1.8042829,2.9281304,33,19,1,9,0.015945032,0.020284686,7.028598,0.005604525,0.0032310488,0.001023531,0.001928091049194336,0.002182922505126634,True
50036,11,1.8326575,1.9892488,2,2,17.783356,66.08283,0.33717576,25.37745,1.9923819,1.8363155,38,24,1,7,0.024853237,0.023018975,10.294295,0.0071140514,0.0035285188,0.0031331778,0.0036580562591552734,0.004816448749154278,True
50036,-11,-1.3653098,-1.9853646,1,2,17.783356,66.08283,0.6224692,28.781345,-1.9875423,-1.3594556,40,17,1,7,0.021612389,0.021688677,12.559272,0.006206297,0.0026574258,-0.0021777153,0.005854249000549316,0.006246172833624265,True
50038,-11,-0.5656559,2.2088165,1,2,68.101494,314.50308,0.13029869,82.02221,2.2019114,-0.57037187,49,32,1,11,0.02019557,0.01514277,13.354176,0.004763108,0.0025479146,-0.006905079,0.004715979099273682,0.008361852252107765,True
50038,11,2.587653,-2.2136173,2,2,68.101494,314.50308,0.016096586,84.29612,-2.2156293,2.5983088,52,20,1,9,0.025545586,0.02525977,8.376258,0.005594979,0.0026355302,-0.0020120144,0.010655879974365234,0.010844168012020605,True
50039,11,-0.8666337,-1.4912766,2,2,5.4952574,12.50937,0.89524984,5.243794,-1.4913087,-0.8592456,43,12,1,5,0.009267063,0.032900907,29.092772,0.0048617953,0.0019194802,-3.20673e-05,0.007388114929199219,0.00738818452116042,True
50041,-11,2.8078396,2.9690685,1,2,3.6901171,36.32566,0.2571252,14.253625,2.9316885,2.8083491,52,33,1,9,0.046858277,0.042301018,35.757256,0.0050819516,0.0039455467,-0.03737998,0.0005095005035400391,0.037383452224383246,True
50041,11,-0.23452425,-2.9866788,2,2,3.6901171,36.32566,0.11154295,3.687598,-2.9959311,-0.2241118,50,5,3,5,0.0132872015,0.0135385655,39.855335,0.0013402969,0.00018052319,-0.00925231,0.010412454605102539,0.013929265829800596,True
50044,11,0.5344936,2.3583236,2,2,29.088839,154.09244,0.58582026,24.038544,2.3629856,0.51105535,42,23,1,5,0.036967184,0.02612736,11.945819,0.0071825264,0.0028198506,0.004662037,0.02343827486038208,0.0238974332559126,True
50044,-11,-2.6308072,-2.3444033,1,2,29.088839,154.09244,0.332136,40.495373,-2.335715,-2.62493,47,20,1,9,0.035322722,0.020672679,17.784111,0.007155251,0.0029222455,0.008688211,0.005877256393432617,0.010489383280775609,True
50045,11,-1.1462423,-2.8312802,2,2,58.822796,503.64062,0.6059865,75.03693,-2.8311274,-1.1325333,51,27,1,9,0.030009773,0.02753985,14.988551,0.0036522227,0.0026036333,0.00015282631,0.013708949089050293,0.013709800910551465,True
50050,-11,-0.7752557,-2.486553,1,2,11.8255005,72.40316,0.3618466,17.01527,-2.4782932,-0.79234016,48,18,1,9,0.026386939,0.02113559,15.599255,0.0046061445,0.0030297344,0.008259773,0.017084479331970215,0.018976387626443394,True
50050,11,2.4165912,2.5106087,2,2,11.8255005,72.40316,0.084715985,16.875544,2.508764,2.4038963,39,20,1,7,0.027109824,0.027461901,15.43384,0.0044908756,0.0031739597,-0.0018446445,0.012694835662841797,0.012828155204575642,True
50054,-11,-0.060352825,1.5879284,1,2,98.1191,252.10423,0.57200575,128.08446,1.5886927,-0.061570752,45,17,1,9,0.016787257,0.014775573,11.387178,0.008067248,0.0028730202,0.00076425076,0.0012179277837276459,0.0014378551001950355,True
50055,11,-0.2633198,-1.910643,2,2,85.523674,298.09274,0.27853623,109.16003,-1.912955,-0.26275933,42,20,1,9,0.019842198,0.016650943,10.581039,0.0061117318,0.0023895693,-0.0023120642,0.000560462474822998,0.002379024755620898,True
50055,-11,2.8657186,1.93051,1,2,85.523674,298.09274,0.5654889,101.75103,1.9288124,2.866427,43,19,1,11,0.017682875,0.015344847,9.018289,0.0054144785,0.0025569021,-0.0016976595,0.0007083415985107422,0.0018395095972623759,True
50057,-11,3.011358,-2.4574308,1,2,96.4361,556.486,0.09872766,120.45595,-2.4637141,3.0109024,45,26,1,11,0.030400107,0.018104479,9.080333,0.0051370277,0.0028347212,-0.0062832832,0.00045561790466308594,0.006299780602675766,True
50057,11,-0.12368449,2.4195771,2,2,96.4361,556.486,0.9566719,105.021225,2.4203215,-0.11121051,44,23,1,17,0.019098304,0.016677566,8.661643,0.0034805166,0.0022843473,0.0007443428,0.012473978102207184,0.012496166448321022,True
50058,11,0.0047996365,-2.4658132,2,2,98.487175,579.81433,0.45181492,123.45351,-2.4669552,0.008969737,43,22,1,9,0.02488331,0.020457674,7.84172,0.0042902404,0.0023436348,-0.001142025,0.004170100670307875,0.004323651314246612,True
50058,-11,3.140103,2.4515162,1,2,98.487175,579.81433,0.18947473,124.997345,2.444712,3.1413233,52,25,1,11,0.031137388,0.021913487,10.148506,0.005812643,0.0024908073,-0.006804228,0.0012202262878417969,0.0069127756452176045,True
50060,11,-1.3788866,-1.7977971,2,2,21.846172,67.74875,0.3288658,24.679781,-1.7974796,-1.3771949,47,15,1,5,0.018483713,0.01785623,10.822119,0.0066246325,0.002827133,0.00031745434,0.0016916990280151367,0.0017212271372916443,True
50060,-11,1.7067555,1.7981645,1,2,21.846172,67.74875,0.04738467,29.73307,1.8011173,1.7029954,42,19,1,7,0.018841688,0.022301655,9.229634,0.006694175,0.0031837772,0.002952814,0.003760099411010742,0.004780947463195007,True
50062,-11,2.3399663,1.9040748,1,2,22.675398,78.77992,0.11480623,28.985487,1.900212,2.335948,33,19,1,7,0.0142386975,0.016240196,8.984024,0.0045553544,0.0019085314,-0.0038627386,0.004018306732177734,0.005573826233800202,True
50063,-11,1.6233363,-2.635631,1,2,96.72788,669.3506,0.36392155,118.10204,-2.6317835,1.6403362,43,29,1,9,0.028002577,0.012124661,8.918271,0.004125479,0.0026272698,0.003847599,0.01699984073638916,0.01742981936588408,True
50065,-11,-2.6835818,1.7574965,1,2,76.59912,224.89021,0.3878249,85.48241,1.7557745,-2.687024,33,19,1,9,0.016264567,0.014107826,6.00035,0.0063057626,0.0035071524,-0.0017219782,0.0034422874450683594,0.0038489676320264403,True
50065,11,0.4750128,-1.7225304,2,2,76.59912,224.89021,0.29986218,97.98953,-1.7235317,0.476351,36,14,1,7,0.013245661,0.01208542,6.9986205,0.005182013,0.0032914793,-0.001001358,0.001338183879852295,0.0016713629183995901,True
50068,11,-1.2060477,2.936539,2,2,97.82248,926.7009,0.4756675,128.1356,2.9385335,-1.2018225,52,38,1,11,0.03710997,0.022697823,22.24216,0.0041724397,0.0022594098,0.0019946098,0.00422513484954834,0.00467228345185218,True
50068,-11,1.9316463,-2.9411201,1,2,97.82248,926.7009,0.050307352,86.504005,-2.9609175,1.9166906,51,19,1,11,0.024423672,0.00729745,14.770172,0.0026727072,0.0007557236,-0.019797325,0.014955759048461914,0.024811465592148328,True
50069,-11,-2.5885541,1.6917418,1,2,95.12863,269.53336,0.9318892,106.623695,1.6888865,-2.5810657,39,18,1,11,0.012333128,0.009633784,6.7086024,0.005087756,0.0025495556,-0.002855301,0.0074884891510009766,0.008014375397569115,True
50069,11,0.56729734,-1.712207,2,2,95.12863,269.53336,0.14381231,111.94585,-1.7109138,0.56910425,40,19,1,9,0.012138736,0.013173538,6.6590614,0.0048871157,0.0028116181,0.0012931824,0.0018069148063659668,0.002221994997164419,True
50072,11,2.26376,1.6410745,2,2,91.798836,242.15437,0.46133992,106.55818,1.6408004,2.2630396,42,20,1,9,0.015263971,0.019114867,7.5889826,0.0069352984,0.0026951386,-0.00027418137,0.0007205009460449219,0.0007709066316325512,True
50072,-11,-0.8938603,-1.6094309,1,2,91.798836,242.15437,0.08242023,113.402855,-1.6098926,-0.8913726,47,17,1,11,0.011908059,0.013936227,7.181328,0.005369867,0.0028782124,-0.00046169758,0.002487659454345703,0.0025301411452177624,True
50074,11,3.1334407,-1.6883477,2,2,74.3089,210.1922,0.14213453,92.00843,-1.689472,3.132153,37,19,1,7,0.013693878,0.012902333,6.6527267,0.005565101,0.0026747703,-0.0011242628,0.001287698745727539,0.0017094253159854842,True
50074,-11,-0.026415857,1.7120838,1,2,74.3089,210.1922,0.01004412,91.53643,1.7140297,-0.027938606,36,19,1,9,0.011879632,0.013225339,6.1433635,0.0046771714,0.0028308115,0.0019458532,0.001522749662399292,0.002470852371045823,True
50075,-11,0.32498983,-1.8661506,1,2,13.604848,45.151608,0.78970176,18.506393,-1.8605256,0.34042066,49,27,1,5,0.029630821,0.025458502,15.277067,0.010152559,0.0025191822,0.0056250095,0.015430837869644165,0.016424113025711857,True
50075,11,-2.7332785,1.8728894,2,2,13.604848,45.151608,0.9824062,21.310913,1.8840722,-2.7661517,48,19,1,9,0.033405997,0.028651116,14.11544,0.01066553,0.0029516285,0.011182785,0.03287315368652344,0.034723175413266624,True
50077,-11,2.4887526,1.9725518,1,2,47.23855,174.16101,0.37330174,60.982227,1.9725771,2.4931135,45,16,1,7,0.020492245,0.020283597,7.5422854,0.0061314967,0.0025011788,2.527237e-05,0.00436091423034668,0.0043609874589471695,True
50077,11,-0.6314263,-1.9855239,2,2,47.23855,174.16101,0.23388931,58.243633,-1.9895949,-0.6237165,43,18,1,7,0.015935289,0.016782146,13.952792,0.0046067256,0.0024163811,-0.0040709972,0.007709801197052002,0.008718603815954329,True
50079,11,0.35165516,-2.742892,2,2,12.772025,99.82169,0.24814394,23.678051,-2.740153,0.34353596,52,30,1,9,0.040460207,0.032314252,21.20306,0.0051699574,0.003824784,0.0027389526,0.008119195699691772,0.008568733882907204,True
50079,-11,-2.826164,2.7475376,1,2,12.772025,99.82169,0.4768808,23.733583,2.749966,-2.8161368,46,32,1,7,0.046048034,0.030856678,16.003656,0.005846188,0.0041191303,0.0024282932,0.010027170181274414,0.010317012638805462,True
50081,-11,2.772363,2.1954184,1,2,34.48914,153.40273,0.13582146,44.35321,2.190589,2.7750115,51,20,1,9,0.017614165,0.013523558,8.636397,0.0041657966,0.0024857032,-0.0048294067,0.002648591995239258,0.00550801316274769,True
50081,11,-0.34520346,-2.1505435,2,2,34.48914,153.40273,0.47893724,48.443634,-2.1519558,-0.34459937,40,26,1,9,0.017210575,0.021109689,10.321596,0.004181608,0.0026705435,-0.0014123917,0.000604093074798584,0.0015361571051148966,True
50082,-11,2.8565822,-2.4164667,1,2,83.7804,477.72458,0.5238456,108.79908,-2.4116585,2.8472717,47,23,1,11,0.023631396,0.016988685,9.084976,0.00434443,0.0027528976,0.0048081875,0.009310483932495117,0.010478729827527906,True
50082,11,-0.27739146,2.436045,2,2,83.7804,477.72458,0.22952548,97.81905,2.439816,-0.27703503,45,18,1,11,0.02104397,0.01765797,7.9616914,0.0037038529,0.0027541367,0.0037710667,0.00035643577575683594,0.0037878741006226895,True
50083,11,0.065019734,2.6574957,2,2,50.59556,368.28275,0.921534,66.1126,2.6574118,0.061312035,47,27,1,9,0.035391733,0.028458275,12.439969,0.005103887,0.0037356543,-8.392334e-05,0.003707699477672577,0.0037086491534929576,True
50083,-11,-3.0864158,-2.6895406,1,2,50.59556,368.28275,0.10596122,66.40308,-2.6717503,-3.0944974,51,27,1,11,0.041693386,0.028768575,12.706192,0.006213678,0.0025359811,0.017790318,0.008081674575805664,0.01953992988506446,True
50084,-11,0.08587343,2.3550973,1,2,23.58117,127.69137,0.035737816,33.19203,2.3595858,0.09168281,41,20,1,11,0.030920025,0.024287138,9.624306,0.0059259506,0.0034245825,0.004488468,0.005809374153614044,0.007341333281080398,True
50084,11,-3.0271504,-2.3926973,2,2,23.58117,127.69137,0.6956429,34.51096,-2.4062972,-3.028814,47,27,1,9,0.04630839,0.029215805,12.975049,0.008207074,0.0029141072,-0.013599873,0.0016636848449707031,0.013701254608177105,True
50086,-11,-2.4127254,-2.5626955,1,2,36.350456,232.85114,0.23801363,43.460934,-2.5585637,-2.4271114,51,21,1,9,0.027097007,0.019443367,13.7382965,0.0040836935,0.0019664844,0.004131794,0.01438593864440918,0.014967529920198506,True
50087,11,-0.92666215,-2.7289689,2,2,15.448584,119.29187,0.13210784,13.7684965,-2.7177303,-0.94713473,46,19,1,9,0.035190023,0.023266705,14.009599,0.0046427306,0.0039637852,0.011238575,0.020472586154937744,0.023354493326531164,True
50087,-11,2.1845305,2.7370908,1,2,15.448584,119.29187,0.19375016,27.568998,2.7174637,2.2017097,50,29,1,9,0.044757076,0.030154532,15.255707,0.006151113,0.0040273834,-0.019627094,0.017179250717163086,0.026083510026950495,True
50089,-11,-2.6697602,-1.7821451,1,2,37.581375,115.91702,0.3683154,46.433735,-1.7855594,-2.6753058,35,14,1,7,0.018321833,0.02196593,6.2529263,0.0065429504,0.0029268179,-0.0034142733,0.005545616149902344,0.006512382081513518,True
50089,11,0.5045608,1.8023281,2,2,37.581375,115.91702,0.9686999,49.46603,1.8032447,0.50521857,41,16,1,7,0.01209513,0.021859506,7.2802863,0.0043620863,0.0021806099,0.0009166002,0.0006577372550964355,0.0011281729740247862,True
50090,11,2.3487792,2.5871623,2,2,52.274742,350.2511,0.026681164,45.347553,2.5886276,2.3633542,50,22,1,9,0.027651234,0.02298602,14.596607,0.004277271,0.0030121468,0.0014653206,0.014575004577636719,0.014648478516940965,True
50094,11,2.2714202,2.0282214,2,2,18.334778,69.27975,0.44127995,19.168755,2.0294676,2.2851057,39,16,1,7,0.031904023,0.018755645,8.231998,0.00841622,0.002767001,0.0012462139,0.013685464859008789,0.013742088540945505,True
50094,-11,-0.9238648,-1.981638,1,2,18.334778,69.27975,0.6808773,20.356926,-1.9921288,-0.91079724,47,21,1,7,0.031074625,0.02363871,13.158941,0.008622856,0.0030633456,-0.010490894,0.013067543506622314,0.016757671576138222,True
50096,11,-0.5915349,2.0402737,2,2,5.424031,21.320314,0.25720295,6.5261717,2.039833,-0.5572853,40,16,1,5,0.023499334,0.022077939,16.834364,0.006285177,0.003009085,-0.00044059753,0.03424960374832153,0.03425243762280526,True
50096,-11,2.3760958,-2.0529916,1,2,5.424031,21.320314,0.09481392,7.0656557,-2.0513103,2.3767035,34,20,1,9,0.02107623,0.014892656,9.691562,0.005719953,0.0033939444,0.0016813278,0.0006077289581298828,0.001787791297737097,True
50100,11,2.4467535,-2.2033467,2,2,24.76703,113.38959,0.38275525,34.55806,-2.1997137,2.448131,45,22,1,9,0.0414979,0.016617935,14.105351,0.010057002,0.0030682485,0.0036330223,0.0013775825500488281,0.003885432350175625,True
50100,-11,-0.72726,2.2013738,1,2,24.76703,113.38959,0.22439557,35.9921,2.2000523,-0.7376929,49,24,1,9,0.035427313,0.025309097,10.036401,0.008177263,0.003306261,-0.0013215542,0.010432898998260498,0.010516267727297721,True
50101,-11,2.7467644,2.8909268,1,2,10.950034,98.15832,0.28817463,17.894102,2.905519,2.732841,52,33,1,7,0.035673663,0.031978235,23.565533,0.0038793795,0.002741357,0.014592171,0.013923406600952148,0.02016910270506089,True
50101,11,-0.358058,-2.8757658,2,2,10.950034,98.15832,0.33758998,19.93585,-2.8832486,-0.35679764,51,28,1,7,0.04108323,0.016900674,29.885939,0.004552299,0.0034628327,-0.007482767,0.0012603700160980225,0.007588170858601883,True
50102,11,0.29610378,1.550107,2,2,96.538124,241.01205,0.41490114,119.930916,1.5526767,0.29697025,47,19,1,9,0.015615246,0.017590879,10.56348,0.007877004,0.0024434263,0.0025696754,0.0008664727210998535,0.002711827178220107,True
50102,-11,-2.8617425,-1.5807943,1,2,96.538124,241.01205,0.7410018,119.95113,-1.582234,-2.859277,39,25,1,11,0.013469493,0.018154476,8.262184,0.0062172604,0.0024723602,-0.0014396906,0.002465486526489258,0.0028550539235601903,True
50103,-11,1.4116466,1.8376274,1,2,48.963047,159.36801,0.46913856,53.80673,1.8354056,1.4070768,38,17,1,7,0.01611183,0.011126796,6.9036717,0.0057165567,0.0025998114,-0.0022218227,0.0045697689056396484,0.005081267959483979,True
50103,11,-1.7062634,-1.8601983,2,2,48.963047,159.36801,0.9912064,40.368855,-1.8624977,-1.7263807,43,20,1,7,0.015307934,0.021443168,8.941631,0.0051812753,0.0026104162,-0.002299428,0.02011728286743164,0.020248270030915935,True
50104,-11,3.0369055,1.482531,1,2,58.587444,137.2741,0.2600444,2.0834181,1.5101508,3.0452704,11,6,1,3,0.021194084,0.01897231,3.0220904,0.0104225185,0.0049967463,0.027619839,0.00836491584777832,0.028858747977318345,True
50104,11,-0.07575463,-1.5089612,2,2,58.587444,137.2741,0.6497299,63.665974,-1.5097276,-0.07767461,30,16,1,7,0.008849747,0.01620826,6.0167627,0.0044841077,0.0028097716,-0.0007663965,0.0019199848175048828,0.002067294201358911,True
50106,11,-2.6696808,2.9852927,2,2,4.377593,43.044853,0.012989685,7.8025994,2.946563,-2.6529443,50,10,1,9,0.05079064,0.0068910266,26.307798,0.005611122,0.0033625942,-0.038729668,0.016736507415771484,0.042191206285567245,True
50106,-11,0.3881355,-2.9679565,1,2,4.377593,43.044853,0.043441247,5.245225,-2.9822013,0.4038217,50,7,3,7,0.012758219,0.02532352,48.198,0.0012954965,0.0006351801,-0.014244795,0.015686213970184326,0.021188947231080852,True
50107,11,-0.41190496,2.0753477,2,2,52.95457,217.10362,0.87557566,63.793392,2.0818884,-0.4127366,52,27,1,9,0.027615143,0.029668054,13.082001,0.0070090326,0.003036561,0.0065407753,0.0008316338062286377,0.0065934329368115925,True
50107,-11,2.7126586,-2.1026208,1,2,52.95457,217.10362,0.19726981,60.210903,-2.1038692,2.7123392,41,21,1,7,0.017253503,0.01744591,8.14007,0.0045354576,0.0023135627,-0.0012483597,0.00031948089599609375,0.0012885922295261002,True
50108,-11,-0.8976229,1.7801328,1,2,77.56366,242.1621,0.8685724,93.386444,1.7808881,-0.89720213,43,20,1,9,0.015575209,0.016380973,6.930088,0.0056750653,0.0028997671,0.00075531006,0.0004207491874694824,0.0008645942189079937,True
50108,11,2.259593,-1.8305483,2,2,77.56366,242.1621,0.8847669,91.27833,-1.8267716,2.258817,45,19,1,13,0.017985445,0.015249024,7.878486,0.0063984296,0.0031896757,0.0037766695,0.0007760524749755859,0.0038555790692181165,True
50109,-11,0.7514972,2.6240125,1,2,42.092884,297.1919,0.96834666,52.221664,2.629418,0.75471216,38,24,1,11,0.024765272,0.020895444,8.711091,0.0036508946,0.0032050025,0.005405426,0.0032149553298950195,0.006289242266695622,True
50113,-11,-0.92107683,2.817818,1,2,87.96581,730.5845,0.4049183,107.59748,2.7996562,-0.9231206,52,22,1,11,0.025303377,0.01475864,12.2219925,0.0030510281,0.0020874138,-0.018161774,0.002043783664703369,0.01827640720654164,True
50113,11,2.225432,-2.795115,2,2,87.96581,730.5845,0.82229537,108.48874,-2.790336,2.21441,51,32,1,9,0.04952431,0.020651124,18.502245,0.0059943832,0.002436953,0.0047791004,0.011021852493286133,0.012013368914603547,True
50114,11,-3.0776691,1.5909085,2,2,62.715446,159.66801,0.8200848,76.19145,1.590451,-3.0770094,51,20,1,9,0.01639928,0.011925431,14.005211,0.007966564,0.0026551294,-0.00045752525,0.0006597042083740234,0.0008028318628142962,True
50114,-11,0.03947373,-1.582403,1,2,62.715446,159.66801,0.21792589,72.80666,-1.5822414,0.037088167,41,21,1,9,0.0113737285,0.013235989,7.511944,0.005295511,0.0025805533,0.00016152859,0.002385564148426056,0.002391026514027858,True
50116,11,0.39815718,1.9357408,2,2,91.79541,328.07663,0.5514549,115.57949,1.9369895,0.3982632,36,16,1,9,0.018414883,0.017430946,6.661406,0.0058086654,0.0027807322,0.0012487173,0.00010600686073303223,0.0012532088236688068,True
50116,-11,-2.754853,-1.957724,1,2,91.79541,328.07663,0.88153744,100.377426,-1.959175,-2.751043,52,21,1,9,0.014654624,0.012305451,9.213421,0.004372777,0.003033037,-0.0014510155,0.0038099288940429688,0.004076886566835385,True
50117,11,0.021866255,2.2314134,2,2,72.5797,340.6551,0.56689143,83.43332,2.2350504,0.02290937,50,22,1,9,0.025522651,0.015068203,8.634004,0.0055275755,0.0032314856,0.0036370754,0.001043114811182022,0.0037837026962675457,True
50117,-11,-3.1305094,-2.2241814,1,2,72.5797,340.6551,0.9434722,88.02817,-2.2266147,-3.1324236,45,27,1,9,0.022786634,0.022277417,9.161939,0.005167542,0.002986079,-0.0024333,0.0019142627716064453,0.003096021755494432,True
50119,-11,2.8405561,2.6069186,1,2,37.3561,259.94098,0.9977836,49.385887,2.608685,2.8421414,48,18,1,7,0.024329484,0.030417316,9.312142,0.003617968,0.0033500602,0.0017664433,0.001585245132446289,0.0023734624154656985,True
50119,11,-0.28705758,-2.6493661,2,2,37.3561,259.94098,0.93820065,52.601246,-2.6419203,-0.27201247,50,30,1,9,0.035967555,0.031551156,13.94834,0.0054035736,0.002590275,0.007445812,0.015045106410980225,0.01678676104510319,True
50120,-11,-3.068104,-2.3720965,1,2,66.93297,355.85568,0.9110319,80.79863,-2.3690495,-3.0726533,49,24,1,13,0.021657562,0.017002352,11.768022,0.004178091,0.0020416437,0.0030469894,0.004549264907836914,0.005475395497563806,True
50121,11,0.79930747,2.7895994,2,2,95.65625,782.03326,0.22409388,105.026695,2.787031,0.810843,52,31,1,11,0.040661898,0.01732504,16.348711,0.0047114165,0.0018509871,-0.0025684834,0.01153552532196045,0.011818013840305175,True
50121,-11,-2.3469696,-2.7914467,1,2,95.65625,782.03326,0.5046475,99.54028,-2.7963593,-2.3634067,50,27,1,9,0.02618184,0.015979508,8.969977,0.0032194178,0.0028293664,-0.004912615,0.016437053680419922,0.01715548068619934,True
50123,-11,-1.07209,2.5766315,1,2,65.048836,428.9327,0.70284295,79.43619,2.57403,-1.0628893,51,21,1,11,0.024954397,0.02293491,11.634787,0.0038974565,0.0028957643,-0.0026016235,0.009200692176818848,0.009561442440931935,True
50126,-11,2.2983742,-1.6174817,1,2,20.853714,54.697834,0.074560635,28.888903,-1.614629,2.2932656,48,17,1,7,0.016351888,0.013978766,8.8447075,0.0075731254,0.002619418,0.0028526783,0.00510859489440918,0.00585111234470753,True
50126,11,-0.7722422,1.6208012,2,2,20.853714,54.697834,0.39654952,25.354208,1.6213169,-0.76884466,42,13,1,7,0.015594514,0.014214926,6.5555353,0.006925122,0.0030541017,0.0005156994,0.003397524356842041,0.0034364396710361606,True
50127,-11,-0.46602833,-1.5518283,1,2,76.09978,189.10863,0.7758039,95.89549,-1.5467373,-0.4712002,50,15,1,7,0.012918105,0.014574954,6.0698915,0.0061784023,0.0039029967,0.005090952,0.005171865224838257,0.007257133194572775,True
50127,11,2.6963003,1.5687622,2,2,76.09978,189.10863,0.7568805,80.924515,1.5690167,2.6926029,46,15,1,7,0.01134516,0.023881212,8.501336,0.0054120575,0.002803546,0.00025451183,0.0036973953247070312,0.0037061446896201468,True
50128,-11,2.7048376,2.728905,1,2,16.476362,128.06995,0.7235777,18.563425,2.734037,2.6940954,51,23,1,7,0.028303556,0.0117471395,19.463745,0.0037042084,0.0030441983,0.00513196,0.0107421875,0.011905108368002404,True
50128,11,-0.40854746,-2.7505488,2,2,16.476362,128.06995,0.3002494,21.566875,-2.7358902,-0.38238463,51,33,1,9,0.04518441,0.025808385,26.949844,0.0060248943,0.003274299,0.0146586895,0.026162832975387573,0.02998951489909688,True
50129,-11,-3.023065,2.7558813,1,2,24.443932,198.09813,0.96862966,34.931755,2.744382,-3.0047371,48,31,1,11,0.048868705,0.03574018,20.841558,0.0064932415,0.0038623197,-0.011499405,0.018327951431274414,0.021636776868321248,True
50129,11,0.1367412,-2.8082469,2,2,24.443932,198.09813,0.15460037,33.400215,-2.8215613,0.13104062,52,38,1,9,0.053171422,0.0281162,25.930387,0.0061394903,0.0031314555,-0.013314486,0.005700588226318359,0.014483515682533149,True
50130,11,-0.3809257,-2.5904393,2,2,53.7689,366.32916,0.48371637,69.24212,-2.5859964,-0.37003806,43,23,1,9,0.025330644,0.019504668,12.483424,0.0039500203,0.0027741746,0.00444293,0.010887622833251953,0.011759249989292822,True
50131,11,-2.8293076,1.686758,2,2,59.152687,164.45761,0.68452674,70.884026,1.6867709,-2.8296797,34,15,1,9,0.009497128,0.0121056205,5.267644,0.003869963,0.002687531,1.2874603e-05,0.00037217140197753906,0.0003723940223195387,True
50131,-11,0.28889272,-1.6766012,1,2,59.152687,164.45761,0.17841057,60.5571,-1.6768154,0.28621528,32,16,1,11,0.011767629,0.014334985,6.45366,0.0049014455,0.0028706363,-0.0002142191,0.002677440643310547,0.002685996689944948,True
50132,11,-2.063696,1.8588399,2,2,34.958824,112.501076,0.97437906,45.146378,1.8580544,-2.0787477,41,23,1,7,0.015255778,0.02016572,9.126824,0.0051516765,0.0026535215,-0.00078547,0.015051841735839844,0.015072322407690273,True
50132,-11,1.0443383,-1.8155404,1,2,34.958824,112.501076,0.81128263,29.669321,-1.8167609,1.0421913,39,16,1,7,0.015925176,0.015861066,10.3520975,0.005558123,0.0029262116,-0.0012204647,0.002147078514099121,0.0024697125720378314,True
50133,11,-0.8553089,2.3869371,2,2,46.56779,262.53998,0.9873703,64.8963,2.3904467,-0.8585083,45,26,1,13,0.02850941,0.022964993,9.914541,0.005414647,0.0029201186,0.0035095215,0.0031993985176086426,0.00474898851585957,True
50133,-11,2.2723708,-2.443273,1,2,46.56779,262.53998,0.3259676,60.188175,-2.4326446,2.2697382,51,26,1,9,0.027207352,0.021992818,12.944783,0.0050606853,0.0026871662,0.010628462,0.002632617950439453,0.010949652114851256,True
50136,11,1.9966238,2.0186245,2,2,3.9488554,15.254957,0.0,7.418458,2.0369651,2.00598,36,16,1,7,0.038161088,0.014635587,11.319489,0.010061871,0.003334973,0.018340588,0.009356260299682617,0.020589238953079302,True
50136,-11,-1.3884389,-2.041201,1,2,3.9488554,15.254957,0.08658558,8.192692,-2.0423925,-1.3936013,42,26,1,5,0.029959643,0.028912636,24.069002,0.008196808,0.0039873496,-0.0011913776,0.005162358283996582,0.005298049044322812,True
50137,11,-2.6739817,-1.8845395,2,2,55.715736,189.30554,0.96650106,70.295876,-1.8819779,-2.6761677,38,21,1,11,0.015868276,0.017802157,8.857214,0.005225838,0.002171201,0.0025615692,0.0021860599517822266,0.0033675651367446884,True
50137,-11,0.44778067,1.903296,1,2,55.715736,189.30554,0.30817655,62.354916,1.9016743,0.45482937,42,15,1,9,0.01805648,0.021877969,7.2210913,0.0059006703,0.0029088513,-0.0016217232,0.007048696279525757,0.0072328490442902715,True
50139,11,2.7550662,2.1881316,2,2,30.639357,136.69844,0.96194434,32.724716,2.1903124,2.7261672,40,18,1,9,0.024039045,0.016123163,8.109795,0.0053820685,0.0025054344,0.0021808147,0.028898954391479492,0.028981123473865496,True
50139,-11,-0.4134444,-2.1637602,1,2,30.639357,136.69844,0.9689597,42.020206,-2.1702106,-0.40620577,52,27,1,11,0.030790959,0.027193483,28.130878,0.007092286,0.0031621354,-0.0064504147,0.007238626480102539,0.009695646669277679,True
50140,11,1.2323959,2.7728636,2,2,72.738785,598.1982,0.88858384,75.233315,2.764145,1.2119757,51,20,1,9,0.030847825,0.010628417,9.009214,0.004116523,0.0012539701,-0.008718729,0.020420193672180176,0.022203615610337634,True
50140,-11,-1.9152281,-2.8206785,1,2,72.738785,598.1982,0.019062107,73.02739,-2.8056586,-1.9070538,47,19,1,11,0.04200235,0.017850192,14.985484,0.004974471,0.0033715763,0.015019894,0.008174300193786621,0.017100186852608466,True
50143,-11,-1.5192175,1.6926008,1,2,87.0206,246.35359,0.14569984,95.43195,1.690391,-1.5240219,50,18,1,9,0.012025364,0.01163645,6.874423,0.0048541976,0.0024944535,-0.0022099018,0.004804372787475586,0.005288257164007267,True
50143,11,1.637972,-1.7095174,2,2,87.0206,246.35359,0.24455553,114.172005,-1.7102878,1.6363316,45,20,1,9,0.016673433,0.016026778,6.9109535,0.0067346087,0.002582912,-0.00077044964,0.0016404390335083008,0.0018123556090641182,True
50145,-11,-2.8472323,1.8809874,1,2,44.459953,150.48717,0.76553404,62.838223,1.8824555,-2.8460474,50,18,1,9,0.016528133,0.019985719,8.698454,0.0054101516,0.0026120404,0.0014680624,0.0011849403381347656,0.0018866083104635278,True
50145,11,0.3193188,-1.8988816,2,2,44.459953,150.48717,0.10459461,58.328968,-1.8988079,0.32057613,40,18,1,9,0.017093502,0.015226385,6.529941,0.0055108666,0.0027905896,7.367134e-05,0.0012573301792144775,0.0012594866597307646,True
50147,11,-0.95331144,-2.3656545,2,2,8.663316,46.832485,0.842616,14.438547,-2.3702931,-0.9685376,42,21,1,7,0.038237385,0.023283964,15.012763,0.0075653787,0.0025674407,-0.004638672,0.015226185321807861,0.01591709760659754,True
50147,-11,2.110347,2.3788114,1,2,8.663316,46.832485,0.4024287,13.906676,2.3672428,2.1010578,41,21,1,5,0.036120377,0.034426473,13.918457,0.0071658213,0.0032110065,-0.011568546,0.009289264678955078,0.014836498777499355,True
50149,-11,-0.23373765,-2.4117904,1,2,75.52156,428.27136,0.792892,90.51122,-2.414296,-0.23900525,37,23,1,13,0.028869731,0.016828377,9.04149,0.0051187114,0.0028047082,-0.0025055408,0.005267605185508728,0.005833129457970286,True
50150,11,0.1353958,-2.8700733,2,2,34.38108,303.30658,0.5594841,35.85576,-2.883014,0.1217724,52,18,1,7,0.025066186,0.012795483,24.836166,0.0026943886,0.0015021627,-0.012940645,0.013623394072055817,0.0187898154135926,True
50154,11,1.9214329,-2.667217,2,2,61.80265,443.2998,0.07880544,85.45457,-2.660171,1.9290215,48,28,1,11,0.03237941,0.030980835,12.323798,0.0046897815,0.0032437595,0.0070459843,0.007588624954223633,0.010355342812556768,True
50155,-11,0.32349512,1.9874942,1,2,21.916798,80.95668,0.014442627,31.526031,1.984791,0.32040694,41,17,1,13,0.022197897,0.017628267,9.633953,0.0064684963,0.0029631797,-0.0027031898,0.0030881762504577637,0.004104152493617747,True
50155,11,-2.7720597,-1.9746432,2,2,21.916798,80.95668,0.17045437,30.19028,-1.9883864,-2.7686427,51,21,1,11,0.0293161,0.023236794,13.223815,0.008203763,0.002354263,-0.013743162,0.0034170150756835938,0.01416158517999164,True
50157,-11,-1.388355,1.8510916,1,2,26.429205,85.43034,0.46302077,29.332817,1.8544427,-1.3953639,37,23,1,5,0.01666547,0.014595219,8.153775,0.005662745,0.0031459464,0.0033510923,0.007008910179138184,0.00776882502064066,True
50157,11,1.7974175,-1.8322558,2,2,26.429205,85.43034,0.16639245,29.655407,-1.8331206,1.8002962,30,16,1,9,0.013473469,0.010722836,5.807303,0.0046128402,0.0027066898,-0.0008647442,0.0028786659240722656,0.003005744501838071,True
50161,11,-2.6497493,2.2137127,2,2,43.550625,200.58792,0.526605,55.387993,2.2153919,-2.644396,42,24,1,11,0.034309383,0.026202956,11.087139,0.007507084,0.001880897,0.001679182,0.005353212356567383,0.005610395248418561,True
50162,11,0.29215932,2.6150808,2,2,16.174625,110.39694,0.8245036,18.873907,2.6295075,0.3109046,50,26,1,7,0.03791246,0.027151385,17.69743,0.005448848,0.0036175814,0.014426708,0.01874527335166931,0.0236540734374404,True
50162,-11,-2.882228,-2.6018062,1,2,16.174625,110.39694,0.88949496,34.902523,-2.6151204,-2.879598,52,32,1,7,0.05634771,0.043858487,17.662338,0.008132771,0.004997722,-0.013314247,0.002629995346069336,0.013571516174895529,True
50165,11,1.6514101,2.352723,2,2,34.995884,182.77423,0.49135277,34.828213,2.3492947,1.65183,41,16,1,11,0.019246168,0.009458778,6.784404,0.0037715398,0.0023781261,-0.0034282207,0.00041985511779785156,0.0034538350020003605,True
50165,-11,-1.510155,-2.3213196,1,2,34.995884,182.77423,0.30295873,45.84197,-2.3214576,-1.5065463,49,22,1,9,0.024260756,0.023936309,15.382684,0.0049102376,0.0031353836,-0.00013804436,0.00360870361328125,0.0036113429653096456,True
50166,-11,1.6638783,2.5310574,1,2,50.999287,320.475,0.13360783,47.741642,2.536745,1.6534206,45,10,1,11,0.025980514,0.0077825305,8.715036,0.0040587736,0.0023202891,0.0056877136,0.010457754135131836,0.01190439867480336,True
50166,11,-1.4663843,-2.5184898,2,2,50.999287,320.475,0.19094127,70.32243,-2.5325408,-1.475359,51,27,1,9,0.03534858,0.025327243,12.293803,0.0055003194,0.0024463614,-0.014050961,0.008974671363830566,0.016672558667545176,True
50168,-11,0.3019476,2.5561602,1,2,57.26914,373.26465,0.13679,77.54418,2.555185,0.30855966,52,27,1,11,0.028706357,0.032402378,13.268087,0.00450625,0.0036672263,-0.000975132,0.006612062454223633,0.00668358079876344,True
50168,11,-2.8298893,-2.5673501,2,2,57.26914,373.26465,0.952901,75.29109,-2.562643,-2.8467839,45,26,1,11,0.032755155,0.025829831,13.453558,0.005306618,0.002517687,0.004707098,0.01689457893371582,0.017538060580922776,True
50169,-11,-1.5670391,2.7723217,1,2,82.0549,662.1268,0.49566838,92.55425,2.7729185,-1.559332,52,31,1,9,0.032541636,0.027345743,18.1944,0.004012377,0.0027875619,0.0005967617,0.007707118988037109,0.0077301880718722415,True
50169,11,1.5800549,-2.7824144,2,2,82.0549,662.1268,0.9920178,74.573006,-2.7609158,1.5925332,44,30,1,19,0.030314881,0.018413212,10.610574,0.004073142,0.0020323265,0.02149868,0.012478351593017578,0.024857644784766892,True
50174,-11,-0.47612324,-2.389358,1,2,48.94036,269.28568,0.8003888,63.5404,-2.3941145,-0.47456527,47,24,1,7,0.025445467,0.030377343,11.918014,0.0046895137,0.0028467258,-0.0047564507,0.0015579760074615479,0.005005108573008271,True
50174,11,2.679018,2.390569,2,2,48.94036,269.28568,0.16025722,58.76616,2.394849,2.6745892,50,19,1,7,0.023105016,0.021651614,9.940194,0.0042357612,0.0030894517,0.0042800903,0.004428863525390625,0.006159058806090655,True
50175,11,-0.3168433,-2.5535295,2,2,86.00624,554.9115,0.15544827,109.326,-2.560656,-0.30519718,51,30,1,11,0.03256742,0.029506737,12.573536,0.0050193495,0.0028262646,-0.0071265697,0.011646121740341187,0.013653576361206388,True
50175,-11,2.8181756,2.5494297,1,2,86.00624,554.9115,0.7061215,107.62923,2.5500853,2.8199933,48,24,1,11,0.027154619,0.024815913,8.891483,0.004347792,0.002942018,0.0006556511,0.0018177032470703125,0.0019323362672021705,True
50176,11,2.3628085,-2.7080379,2,2,56.602673,430.66916,0.94829917,80.38787,-2.706973,2.3495574,49,25,1,11,0.049050067,0.025326537,17.252932,0.006377397,0.002730744,0.0010647774,0.013251066207885742,0.013293776984082574,True
50176,-11,-0.78714335,2.728242,1,2,56.602673,430.66916,0.3736058,75.77325,2.734579,-0.7815799,51,37,1,9,0.046193294,0.02457206,20.227757,0.0057250992,0.0029054729,0.006337166,0.0055634379386901855,0.008432764171789436,True
50177,11,0.55654943,2.6645474,2,2,31.999678,226.8919,0.5055725,49.26004,2.6464655,0.5444975,42,28,1,7,0.035314087,0.03279976,15.37707,0.005171697,0.0034808004,-0.018081903,0.012051939964294434,0.02173026650139449,True
50177,-11,-2.6010008,-2.629559,1,2,31.999678,226.8919,0.7362913,42.298306,-2.6256576,-2.601297,52,25,1,11,0.026004951,0.0234609,12.713886,0.0038441587,0.0025854963,0.0039014816,0.0002961158752441406,0.003912702839272941,True
50180,11,1.4091733,-2.696651,2,2,64.19218,479.45624,0.28895038,71.53746,-2.6974773,1.4086254,52,17,1,11,0.024756769,0.00425704,7.9879975,0.003361154,0.002001639,-0.0008263588,0.0005478858947753906,0.0009914876761927297,True
50186,-11,-2.2617257,-2.7290907,1,2,50.622955,391.05405,0.5622914,63.780422,-2.728913,-2.2508085,52,23,1,9,0.033032596,0.017240627,17.27059,0.0043512285,0.0031496005,0.00017762184,0.010917186737060547,0.010918631588729603,True
50186,11,0.88916796,2.7376785,2,2,50.622955,391.05405,0.57281244,68.01633,2.7282605,0.9064499,51,34,1,11,0.041171934,0.024873389,14.391092,0.0056952713,0.0026002105,-0.009418011,0.017281949520111084,0.0196815829747356,True
50187,11,-0.22462238,-2.302137,2,2,10.082686,50.673916,0.103980176,14.397907,-2.3061326,-0.21243697,47,16,1,7,0.01925631,0.0149124805,9.299179,0.003989063,0.0025367446,-0.003995657,0.012185409665107727,0.012823785874631212,True
50187,-11,2.8447347,2.2936926,1,2,10.082686,50.673916,0.3398043,12.752705,2.2946496,2.8269994,41,21,1,7,0.037483063,0.022913601,10.915158,0.007675074,0.002975622,0.0009570122,0.01773524284362793,0.017761044761737725,True
50193,-11,1.9664261,-2.2603748,1,2,52.7383,250.20546,0.09693049,63.529102,-2.259178,1.9624369,51,20,1,11,0.022699961,0.020577718,11.01756,0.004940418,0.0030998595,0.0011968613,0.003989219665527344,0.004164895008579448,True
50193,11,-1.160458,2.2177103,2,2,52.7383,250.20546,0.34553698,67.44504,2.2190204,-1.160735,44,17,1,9,0.017104423,0.0128662465,5.9777145,0.0038431208,0.00260831,0.0013101101,0.0002770423889160156,0.0013390821042790632,True
50195,11,-1.541435,-2.3651495,2,2,55.461437,307.22504,0.19539253,69.65133,-2.3614113,-1.5429654,43,25,1,11,0.024598993,0.0171438,8.726524,0.0048807105,0.0029451936,0.003738165,0.0015304088592529297,0.004039310343633911,True
50197,-11,-0.06397025,2.9957454,1,2,43.211945,431.78354,0.27091676,28.492651,2.9818943,-0.062366273,52,38,1,30,0.024030441,0.027144665,38.55057,0.0024192852,0.0017242659,-0.013851166,0.001603979617357254,0.013943727759893975,True
50197,11,3.0859694,-2.9891536,2,2,43.211945,431.78354,0.030950734,23.56038,-2.9955955,3.118695,51,9,1,11,0.017638596,0.013347248,11.441079,0.0017633968,3.535562e-09,-0.0064418316,0.03272557258605957,0.033353564962401126,True
50199,11,0.26849604,2.706409,2,2,30.803135,232.10939,0.91009206,42.970314,2.6991475,0.25966865,51,30,1,17,0.037299544,0.03045879,17.304169,0.0051827966,0.0032720503,-0.0072615147,0.008827388286590576,0.011430327205551205,True
50199,-11,-2.888702,-2.7102292,1,2,30.803135,232.10939,0.65246344,33.98221,-2.7038722,-2.8743765,51,28,1,9,0.03227162,0.0053704362,14.283903,0.0044349753,0.0031278066,0.0063569546,0.014325380325317383,0.015672504387652227,True
50200,-11,1.9304733,1.805414,1,2,83.290054,263.3928,0.53103834,107.45742,1.8087045,1.9273297,42,18,1,9,0.014881194,0.017038653,7.0159397,0.0052951,0.0024231265,0.003290534,0.0031436681747436523,0.004550853112663224,True
50200,11,-1.1967671,-1.8317487,2,2,83.290054,263.3928,0.81884724,88.76043,-1.8308219,-1.208782,41,16,1,9,0.01346251,0.014778427,6.46145,0.0047503677,0.0025641702,0.0009268522,0.01201486587524414,0.012050562519451673,True
50202,11,0.93490374,1.9294724,2,2,99.23385,349.1742,0.9723969,124.39069,1.9308707,0.93529224,42,28,1,11,0.01721423,0.02057229,7.41784,0.005226482,0.0027798559,0.0013982058,0.0003885030746459961,0.0014511767515024115,True
50202,-11,-2.2173643,-1.9313512,1,2,99.23385,349.1742,0.123172924,119.51885,-1.9328313,-2.2186253,40,22,1,9,0.01800423,0.012564325,7.060307,0.005493975,0.0030081756,-0.0014801025,0.001260995864868164,0.0019444315614991104,True
50205,11,-1.0767746,2.0615377,2,2,25.722733,103.45873,0.83334714,28.358267,2.0597386,-1.0942416,50,22,1,9,0.024640176,0.028565077,14.047135,0.006722982,0.0032254523,-0.0017991066,0.017467021942138672,0.017559431655886887,True
50205,-11,2.0290802,-2.0768716,1,2,25.722733,103.45873,0.67825675,35.39197,-2.0795865,2.0266638,41,27,1,11,0.030112319,0.02205406,15.998211,0.007853756,0.0028988784,-0.0027148724,0.002416372299194336,0.003634472033708384,True
50207,-11,2.673343,-2.4759731,1,2,17.90063,108.92087,0.29625812,23.88972,-2.4839933,2.664939,39,22,1,9,0.045175713,0.021428626,11.278317,0.0073089106,0.003667502,-0.008020163,0.008404016494750977,0.011616819786188734,True
50209,11,-0.0064915824,2.2710032,2,2,28.743801,139.2551,0.5034188,32.684795,2.2725236,-0.00062290323,47,20,1,11,0.025940506,0.023032412,13.699187,0.0055497633,0.0028217286,0.0015203953,0.005868678912520409,0.006062424756284647,True
50209,-11,3.108759,-2.2495892,1,2,28.743801,139.2551,0.43020284,34.946644,-2.2472856,3.1134722,40,20,1,9,0.01970045,0.026395679,10.039918,0.0043356186,0.0027731701,0.0023036003,0.004713296890258789,0.005246116825088397,True
50210,-11,1.8925884,-2.3960226,1,2,58.736618,325.42746,0.59093076,74.2509,-2.396592,1.9053146,47,19,1,9,0.01928752,0.017644247,7.8793764,0.0035693217,0.003057328,-0.00056934357,0.012726187705993652,0.012738916972229161,True
50210,11,-1.2377392,2.3979442,2,2,58.736618,325.42746,0.16861588,73.32551,2.3977642,-1.2308333,45,18,1,9,0.021590449,0.015688712,6.79424,0.003972577,0.0026645053,-0.00018000603,0.006905913352966309,0.006908258927437108,True
50211,-11,-1.8141717,-2.8485935,1,2,39.756916,343.12424,0.0,50.57294,-2.8270497,-1.8198808,52,29,1,9,0.036534723,0.0154701695,18.427656,0.0043634977,0.0020035943,0.021543741,0.005709171295166016,0.022287382531682127,True
50211,11,1.3378484,2.8415942,2,2,39.756916,343.12424,0.25594115,57.642975,2.8280168,1.3494506,51,34,1,11,0.041730046,0.031069793,16.51782,0.00523149,0.0029342722,-0.013577461,0.011602163314819336,0.017859385592639113,True
50212,11,1.1366116,-2.9169242,2,2,9.371037,86.90972,0.2420391,21.171394,-2.8720238,1.120036,52,18,1,11,0.065622814,0.017969139,41.875378,0.0075827735,0.003949496,0.044900417,0.01657557487487793,0.04786227286579841,True
50212,-11,-2.0464997,2.9181678,1,2,9.371037,86.90972,0.755128,23.628756,2.890137,-2.0376449,52,38,1,7,0.06827567,0.029056959,38.6314,0.007890385,0.003885444,-0.028030872,0.008854866027832031,0.029396231765510494,True
50215,11,-1.6607363,-2.6788583,2,2,25.032236,182.72586,0.9984354,25.115746,-2.6607556,-1.6454321,48,25,1,9,0.037721552,0.022885423,21.354435,0.005522384,0.0027111177,0.018102646,0.015304207801818848,0.023704948016048714,True
50221,11,0.5485733,2.3375556,2,2,18.90711,97.79892,0.9865638,33.728065,2.3403928,0.52233547,47,23,1,9,0.029348126,0.039864503,16.106838,0.0057167285,0.003466322,0.002837181,0.026237845420837402,0.026390796290992002,True
50222,-11,0.06486903,2.7798653,1,2,5.3041472,42.91515,0.2048323,9.228726,2.7944314,0.03878389,50,10,1,9,0.056807637,0.015423478,37.73061,0.006434129,0.0032196855,0.014566183,0.02608514204621315,0.02987655144492562,True
50222,11,-2.9925501,-2.7808096,2,2,5.3041472,42.91515,0.96317476,10.638438,-2.794883,-3.0096982,50,36,1,7,0.03523142,0.030452885,35.91386,0.0041883765,0.0021568926,-0.014073372,0.01714801788330078,0.02218364983423818,True
50225,11,2.7558482,1.9749597,2,2,26.5039,97.49975,0.42340505,31.177938,1.9722216,2.7649963,51,20,1,7,0.021825718,0.016950395,11.4259,0.006567139,0.0031086842,-0.0027381182,0.009148120880126953,0.009549105035170936,True
50225,-11,-0.42399287,-1.9785566,1,2,26.5039,97.49975,0.7685017,29.254105,-1.975609,-0.39620256,52,19,1,13,0.023353567,0.027833495,12.196055,0.0069048596,0.0025309424,0.002947688,0.027790307998657227,0.02794619980551161,True
50226,11,-0.94249815,-2.841465,2,2,71.85366,615.44324,0.6303967,85.97086,-2.8483334,-0.9446263,50,28,1,9,0.024769759,0.012615686,11.342242,0.0029440096,0.0010775514,-0.0068683624,0.002128124237060547,0.00719050173448717,True
50226,-11,2.193338,2.8334208,1,2,71.85366,615.44324,0.99078834,70.4354,2.8311806,2.1653872,52,26,1,11,0.021725127,0.016467148,11.619232,0.0025191067,0.0015231397,-0.002240181,0.027950763702392578,0.028040392335377973,True
50228,11,-1.4737991,2.7423224,2,2,52.18693,407.92606,0.7662461,46.50561,2.7356863,-1.4944588,45,23,1,9,0.031238096,0.009390829,9.756375,0.0041869306,0.002953552,-0.0066361427,0.020659685134887695,0.021699331367733634,True
50228,-11,1.6590108,-2.7482615,1,2,52.18693,407.92606,0.18030873,63.783363,-2.7549841,1.6471013,50,28,1,9,0.053624727,0.012490847,18.189878,0.007033952,0.0031994598,-0.0067226887,0.01190948486328125,0.013675904771079252,True
50229,11,-0.40233964,-1.9817058,2,2,55.80967,206.8716,0.41640493,52.445564,-1.9824067,-0.40244463,45,16,1,15,0.022214228,0.0157211,8.324026,0.0064433054,0.0028489688,-0.0007009506,0.00010499358177185059,0.0007087703630080496,True
50229,-11,2.7212374,1.9875008,1,2,55.80967,206.8716,0.27406868,68.469055,1.9921348,2.7226286,50,24,1,9,0.02395995,0.015386054,10.469736,0.006742278,0.0034296708,0.0046340227,0.0013911724090576172,0.004838339321169522,True
50233,11,-1.3794979,-1.837571,2,2,15.762778,50.410465,0.38215882,19.00838,-1.8404592,-1.3816873,41,15,1,7,0.025886789,0.026855372,8.033281,0.008722187,0.002754686,-0.0028882027,0.0021893978118896484,0.003624248501188149,True
50233,-11,1.6871338,1.8235395,1,2,15.762778,50.410465,0.7211654,10.776554,1.8186982,1.6989995,45,13,1,7,0.015289768,0.009981938,11.626982,0.005291117,0.0030204984,-0.0048413277,0.011865735054016113,0.01281538613254712,True
50234,11,1.1802589,-2.7464242,2,2,25.231602,203.33414,0.98987526,23.57013,-2.737694,1.2106295,51,28,1,11,0.032421224,0.022028048,18.700453,0.0042944127,0.0031172985,0.008730173,0.030370593070983887,0.031600456463511686,True
50234,-11,-1.9790239,2.806586,1,2,25.231602,203.33414,0.8780933,37.220886,2.8047354,-1.9707152,51,31,1,5,0.03484239,0.024465559,22.100584,0.0041930526,0.0031825642,-0.001850605,0.008308768272399902,0.008512365658918029,True
50239,11,1.9108139,1.4915595,2,2,29.404016,68.160965,0.36877996,32.486298,1.4938077,1.9187442,33,12,1,9,0.010336644,0.017011609,5.4247704,0.005221548,0.0022790895,0.002248168,0.007930278778076172,0.008242789631921207,True
50245,11,2.5220742,-2.2399263,2,2,28.746346,134.74342,0.06797359,41.71873,-2.2427473,2.5095239,44,28,1,9,0.02442244,0.01648468,11.901374,0.0054549403,0.0025290004,-0.0028209686,0.01255035400390625,0.0128634851274112,True
50245,-11,-0.6467535,2.213188,1,2,28.746346,134.74342,0.08127266,41.75883,2.209165,-0.64656955,42,28,1,9,0.02805779,0.025686165,12.980148,0.0066070086,0.0031131953,-0.0040228367,0.00018393993377685547,0.004027039824427425,True
50250,11,-1.5534661,-1.8857944,2,2,15.032262,50.1241,0.3343917,16.618864,-1.8864787,-1.5302937,30,16,1,9,0.030866083,0.02086233,7.006812,0.010049911,0.0029571368,-0.0006842613,0.023172378540039062,0.023182479176302034,True
50250,-11,1.5130866,1.8631371,1,2,15.032262,50.1241,0.84769833,16.257177,1.8599899,1.5392976,32,18,1,7,0.018223064,0.017858297,8.17304,0.0062308195,0.0027510724,-0.0031472445,0.026211023330688477,0.02639929718150337,True
50251,-11,0.58095664,-2.4134207,1,2,34.815613,194.42953,0.30024934,52.466076,-2.413892,0.5720117,42,23,1,9,0.027831217,0.022288706,14.689815,0.0051415893,0.0035559803,-0.00047135353,0.008944928646087646,0.008957339037609103,True
50251,11,-2.5418987,2.396755,2,2,34.815613,194.42953,0.57554674,38.91601,2.4037232,-2.5381093,45,21,1,9,0.03165148,0.013421113,10.514933,0.0056037307,0.003020539,0.00696826,0.0037894248962402344,0.00793198501267751,True
50254,-11,2.6109986,-2.249147,1,2,87.32948,407.98645,0.1936602,102.76487,-2.2500355,2.6054993,49,21,1,9,0.014947637,0.013123491,6.9640245,0.0032656624,0.0024602853,-0.00088858604,0.005499362945556641,0.005570689182238281,True
50254,11,-0.52163565,2.1976435,2,2,87.32948,407.98645,0.13471685,98.96161,2.196472,-0.5200945,48,20,1,9,0.025170164,0.014500504,6.777342,0.0058149896,0.00300643,-0.0011715889,0.0015411376953125,0.0019359044245878783,True
50257,-11,-1.8596051,-2.372042,1,2,38.171074,207.10062,0.9170611,50.921753,-2.368765,-1.865462,40,24,1,7,0.037256904,0.02405998,12.469108,0.007348935,0.0027087673,0.003276825,0.005856871604919434,0.006711223938830689,True
50257,11,1.299607,2.3793395,2,2,38.171074,207.10062,0.5138719,44.767487,2.38159,1.2997359,42,24,1,9,0.019605009,0.018351542,8.437044,0.0037970603,0.0026351542,0.002250433,0.00012886524200439453,0.0022541195038957586,True
50261,11,1.5203247,-2.7054868,2,2,96.51002,719.8611,0.73522323,103.77495,-2.7017632,1.4986296,47,27,1,9,0.032000966,0.014721896,10.130085,0.004335181,0.002186019,0.0037236214,0.02169513702392578,0.022012367577223666,True
50262,-11,-0.7537833,2.1447487,1,2,87.19701,377.9862,0.86796755,112.855446,2.136216,-0.7542176,39,20,1,9,0.026015686,0.017065058,6.5501304,0.006519898,0.0020464663,-0.0085327625,0.0004343390464782715,0.008543809713871229,True
50263,-11,0.047155734,2.759051,1,2,64.216064,506.4563,0.85445994,72.381325,2.753623,0.047071356,44,26,1,13,0.024870334,0.01821121,8.721033,0.0032015077,0.0027461671,-0.005428076,8.437782526016235e-05,0.005428731559668064,True
50263,11,-3.0872598,-2.7495522,2,2,64.216064,506.4563,0.51220345,58.066162,-2.7333264,-3.0739095,52,30,1,11,0.031633418,0.014091229,11.264434,0.0043274197,0.0026852095,0.016225815,0.013350248336791992,0.021012048771298343,True
50267,11,1.285972,2.2596247,2,2,37.526863,182.42091,0.24237175,45.350803,2.2624118,1.2775178,40,18,1,9,0.01838699,0.024911223,7.546648,0.003976015,0.0030140306,0.0027871132,0.008454203605651855,0.008901772762243913,True
50267,-11,-1.8757609,-2.2677357,1,2,37.526863,182.42091,0.059851177,47.809864,-2.277845,-1.8754478,44,30,1,9,0.034242388,0.021170639,20.903833,0.006988756,0.0032131393,-0.010109186,0.00031316280364990234,0.010114035771772526,True
50270,-11,2.7327127,-2.0017674,1,2,69.30291,258.37784,0.18859729,85.24742,-1.9988949,2.728363,40,20,1,7,0.0152044855,0.016616939,6.4249167,0.0042769513,0.00262858,0.002872467,0.004349708557128906,0.005212583949797019,True
50270,11,-0.3944405,1.9795699,2,2,69.30291,258.37784,0.5431375,86.11231,1.9805751,-0.39580643,42,14,1,9,0.014460659,0.011484933,8.068207,0.004189519,0.0027769597,0.0010051727,0.0013659298419952393,0.001695917612788992,True
50273,11,0.029362531,1.6231954,2,2,60.219788,162.53214,0.5666048,67.93237,1.6230838,0.02817074,33,17,1,9,0.011001682,0.0133232,5.434566,0.004852175,0.00268078,-0.000111579895,0.001191791146993637,0.0011970030121202615,True
50273,-11,-3.1360178,-1.6773207,1,2,60.219788,162.53214,0.967581,66.9907,-1.6763437,-3.1267283,36,14,1,11,0.011894198,0.013720815,5.6102085,0.004877954,0.002868798,0.0009770393,0.00928950309753418,0.00934074267204978,True
50274,11,0.31139037,-2.5920615,2,2,36.91077,243.86348,0.68988246,48.838036,-2.5639892,0.31109574,45,28,1,9,0.05260897,0.02706502,11.521211,0.00862746,0.0024385015,0.028072357,0.00029462575912475586,0.028073902958091156,True
50274,-11,-2.8450963,2.5591867,1,2,36.91077,243.86348,0.2811065,55.804756,2.5489287,-2.8494554,44,30,1,9,0.035826378,0.026931085,16.973057,0.0058668274,0.0030784884,-0.010257959,0.004359006881713867,0.011145701838391227,True
50275,-11,-0.93015456,-1.5217907,1,2,86.347435,206.18459,0.23335315,75.073135,-1.524407,-0.9327056,41,15,1,7,0.013165391,0.0121854115,6.586756,0.0064809197,0.0026885993,-0.0026162863,0.0025510191917419434,0.0036541282001818867,True
50275,11,2.2306314,1.511258,2,2,86.347435,206.18459,0.9278675,77.26041,1.513985,2.2189393,45,14,1,5,0.010449546,0.01046691,5.4474535,0.005251716,0.002931812,0.0027270317,0.011692047119140625,0.012005859716987342,True
50278,-11,1.9890983,-1.6016994,1,2,7.9593697,20.49268,0.5679639,2.2548609,-1.611532,2.0177586,38,12,1,5,0.04502499,0.027533606,16.901417,0.02020855,0.0033521273,-0.009832621,0.028660297393798828,0.0303000507561423,True
50280,11,-2.236307,-2.3461046,2,2,68.09033,353.2566,0.7003023,83.98944,-2.3487747,-2.2273948,47,24,1,9,0.025621217,0.017000796,11.432384,0.0049180207,0.0036851217,-0.0026700497,0.008912086486816406,0.009303464447065559,True
50280,-11,0.8949532,2.3143435,1,2,68.09033,353.2566,0.4908946,108.16387,2.3117628,0.8940277,49,26,1,11,0.033290945,0.029787056,16.868496,0.00669916,0.0033887369,-0.0025806427,0.0009254813194274902,0.0027415748063258465,True
50283,11,-1.1834505,-1.8383715,2,2,7.7828155,24.53727,0.8322455,9.676225,-1.8406389,-1.2316743,31,14,1,9,0.019566776,0.01629513,5.8454533,0.0067647,0.0031584178,-0.0022673607,0.04822385311126709,0.048277126397040286,True
50285,11,-2.7324522,-1.7185111,2,2,20.23056,58.74984,0.7627859,20.274292,-1.7131716,-2.7677593,51,23,1,7,0.02723934,0.024879994,15.875557,0.011021589,0.003066078,0.0053395033,0.03530716896057129,0.03570863307442158,True
50285,-11,0.34407625,1.7383093,1,2,20.23056,58.74984,0.66353244,18.17956,1.7342738,0.36428437,35,14,1,7,0.020638164,0.014521248,8.69404,0.008190295,0.003042383,-0.004035473,0.020208120346069336,0.020607114523322503,True
50287,-11,1.6165473,-1.5815142,1,2,59.57674,154.06792,0.008333163,78.90151,-1.5830019,1.6172172,41,20,1,9,0.0170212,0.01496032,9.924899,0.008243544,0.002675116,-0.0014876127,0.0006698369979858398,0.0016314635169600296,True
50287,11,-1.4997991,1.6263697,2,2,59.57674,154.06792,0.6474397,73.61108,1.6252337,-1.4985793,37,15,1,9,0.011244182,0.016861165,5.861927,0.00496258,0.0023939414,-0.0011360645,0.0012198686599731445,0.0016669499409835756,True
50294,-11,2.6220982,-2.8512359,1,2,63.650475,546.6527,0.8391724,69.570274,-2.8556151,2.627954,52,14,1,7,0.020835666,0.008232664,12.985884,0.002435636,0.002269858,-0.0043792725,0.0058557987213134766,0.007312209375535012,True
50294,11,-0.5128712,2.8291864,2,2,63.650475,546.6527,0.024322577,54.31977,2.818417,-0.4993753,41,19,3,13,0.03281969,0.0012487886,8.716206,0.003893979,0.0033953295,-0.010769367,0.01349589228630066,0.0172661050121487,True
50296,11,2.173652,-1.7609476,2,2,45.96455,137.9138,0.34739202,55.76643,-1.7587681,2.17443,47,15,1,9,0.016253902,0.016398406,10.569502,0.0061262115,0.002867754,0.0021795034,0.0007779598236083984,0.002314185998430551,True
50296,-11,-0.99551445,1.7649218,1,2,45.96455,137.9138,0.10683898,54.82581,1.7665081,-0.9974745,31,17,1,15,0.014424193,0.01656215,7.273688,0.0052973707,0.002645455,0.001586318,0.0019600391387939453,0.0025215388898710304,True
50303,-11,-2.8794308,-2.9783525,1,2,69.77062,684.60974,0.42979026,56.5243,-2.9612997,-2.8953652,52,34,1,13,0.021389356,0.015107248,16.25994,0.0022927227,0.00087436463,0.017052889,0.015934467315673828,0.02333898604635387,True
50303,11,0.26737434,2.97002,2,2,69.77062,684.60974,0.03393963,45.08592,2.9808242,0.24219774,49,15,3,11,0.017008547,0.0087703625,13.281401,0.0017544919,0.00071600813,0.010804176,0.025176599621772766,0.027396923071533512,True
50309,11,-2.9326692,-2.4793546,2,2,61.16963,364.05096,0.7732534,77.46995,-2.4834774,-2.9307842,42,25,1,11,0.032016516,0.023339462,9.566676,0.005403751,0.0028873102,-0.004122734,0.0018849372863769531,0.00453320238623523,True
50311,-11,-1.6802762,2.732546,1,2,21.323639,162.96265,0.5674554,22.544167,2.7231188,-1.7029516,51,20,1,9,0.047375936,0.0283295,20.708828,0.0066351853,0.002211853,-0.009427309,0.022675395011901855,0.024557029441867363,True
50312,11,3.01934,1.6084144,2,2,15.453415,40.159214,0.25236002,19.645939,1.6064596,3.0163999,52,15,1,7,0.023398837,0.031795572,21.830791,0.011107546,0.0025211335,-0.001954794,0.0029401779174804688,0.0035307032498598915,True
50312,-11,-0.21910812,-1.6101314,1,2,15.453415,40.159214,0.08772679,23.289375,-1.6092993,-0.22280514,35,21,1,7,0.013354066,0.018082803,14.1779585,0.006068591,0.0025630023,0.00083208084,0.003697022795677185,0.003789503407812596,True
50314,-11,2.0013053,1.9766493,1,2,32.837276,117.669205,0.050729968,42.8489,1.9778285,1.9942425,42,18,1,7,0.017373757,0.01402288,10.2681875,0.0050928406,0.0029683348,0.0011792183,0.007062792778015137,0.007160558470254086,True
50314,11,-1.1085249,-1.9230317,2,2,32.837276,117.669205,0.69088805,48.56057,-1.922723,-1.1139317,40,18,1,9,0.022372382,0.018399317,8.11489,0.006953886,0.0033629287,0.00030863285,0.005406737327575684,0.0054155390097292,True
50317,11,-0.5090376,-2.1002471,2,2,54.97561,230.59052,0.11170662,74.12118,-2.0958443,-0.50994575,40,20,1,11,0.022459988,0.01947318,9.241738,0.0059461934,0.0028482995,0.004402876,0.0009081363677978516,0.00449555639983439,True
50317,-11,2.616495,2.1246922,1,2,54.97561,230.59052,0.113572836,63.636864,2.1215854,2.612899,37,17,1,11,0.0199237,0.012297368,10.556201,0.004877753,0.0025479996,-0.0031068325,0.0035958290100097656,0.004752093688258711,True
50321,-11,-3.108929,1.7524047,1,2,47.622993,141.58427,0.29126403,57.290836,1.7507432,-3.108045,39,17,1,9,0.012549158,0.013653962,8.102817,0.0048127747,0.002846285,-0.0016615391,0.0008838176727294922,0.0018819792051733952,True
50321,11,0.05956057,-1.753976,2,2,47.622993,141.58427,0.035615034,60.49299,-1.7543356,0.06359183,41,19,1,9,0.01568415,0.0107133705,9.97046,0.005851604,0.0025833144,-0.00035965443,0.0040312595665454865,0.004047271302917471,True
50322,11,-1.7083476,2.9765198,2,2,89.677605,875.0051,0.0069837035,70.111534,2.9973738,-1.7045054,45,8,3,11,0.010783168,0.005434857,5.6341,0.0010862786,5.9322716e-05,0.020853996,0.0038421154022216797,0.021204976251945055,True
50322,-11,1.4290754,-2.9605849,1,2,89.677605,875.0051,0.06128891,101.620445,-2.9425564,1.4208434,52,34,1,11,0.039224867,0.016034117,17.016308,0.004339044,0.0022315665,0.018028498,0.0082319974899292,0.019818993437491127,True
50323,-11,-1.1303228,1.5262456,1,2,10.853101,26.252047,0.770582,5.7325587,1.5135868,-1.0855739,50,13,1,3,0.04861049,0.027183343,49.915684,0.025623448,0.0025455535,-0.012658834,0.044748902320861816,0.04650494965397252,True
50323,11,2.1615105,-1.5368843,2,2,10.853101,26.252047,0.18804543,14.312151,-1.5362964,2.1668162,47,13,1,7,0.02604965,0.03110673,13.630634,0.012651677,0.0027819583,0.0005879402,0.005305767059326172,0.005338242949276158,True
50326,-11,-2.2668335,1.5171638,1,2,99.3916,236.98962,0.16895528,111.186935,1.5189968,-2.2667577,37,23,1,7,0.009925305,0.013920476,7.80162,0.0049669337,0.0028538185,0.0018330812,7.581710815429688e-05,0.0018346484873122775,True
50326,11,0.89145094,-1.5126686,2,2,99.3916,236.98962,0.63770145,111.82855,-1.5129014,0.8909438,32,14,1,7,0.007897557,0.012930148,5.2855525,0.0039902865,0.002525703,-0.00023281574,0.0005071163177490234,0.0005580054925175418,True
50327,11,1.1389828,2.667115,2,2,8.416067,60.501038,0.7041042,18.571766,2.6620328,1.1370863,52,26,1,7,0.033724427,0.040792648,25.763422,0.0048258808,0.0034106672,-0.0050821304,0.001896500587463379,0.005424459724057778,True
50327,-11,-2.0625281,-2.6548038,1,2,8.416067,60.501038,0.99408376,18.632067,-2.6297274,-2.0576172,47,27,1,11,0.052647736,0.03592061,33.125095,0.00782943,0.0044691744,0.02507639,0.004910945892333984,0.025552742840006522,True
50329,11,2.8291671,-2.9829273,2,2,82.45505,827.1019,0.343594,72.97862,-2.9858394,2.8249004,52,31,1,11,0.023842815,0.019778138,12.420857,0.0024327887,0.0023039582,-0.0029120445,0.0042667388916015625,0.005165758788229205,True
50330,11,2.530911,-1.957005,2,2,47.400948,170.23067,0.92046386,52.504173,-1.9562403,2.5233161,39,20,1,11,0.016805282,0.013382573,8.426275,0.0051261797,0.00269931,0.0007647276,0.0075948238372802734,0.007633227194037402,True
50330,-11,-0.63261133,1.9464381,1,2,47.400948,170.23067,0.90321267,51.916965,1.9502147,-0.6233233,35,21,1,11,0.0233716,0.012178714,8.812016,0.0068070055,0.0028824601,0.0037766695,0.009288012981414795,0.010026485807999074,True
50332,11,-0.07639361,-2.5325074,2,2,66.883095,430.19412,0.7435749,82.17665,-2.539308,-0.08018251,48,25,1,11,0.023764651,0.017595422,9.810363,0.0038159285,0.002679873,-0.0068006516,0.003788895905017853,0.0077848951680847,True
50332,-11,3.056764,2.5644407,1,2,66.883095,430.19412,0.4683715,88.02858,2.5643837,3.0567274,42,24,1,7,0.030448128,0.035360973,10.876398,0.0047527244,0.003375881,-5.698204e-05,3.647804260253906e-05,6.765796716470921e-05,True
50333,-11,1.5765436,-2.920089,1,2,90.29725,836.37695,0.54471207,66.4814,-2.9347498,1.6041354,51,24,1,9,0.024584975,0.0058573605,12.290628,0.0026399484,0.00090391247,-0.014660835,0.027591824531555176,0.0312449816458052,True
50333,11,-1.5607847,2.9123135,2,2,90.29725,836.37695,0.42029878,72.30548,2.9107964,-1.51942,52,38,1,11,0.027418194,0.018027117,20.864428,0.002942581,0.0019289475,-0.0015170574,0.04136466979980469,0.04139247964065498,True
50335,11,-0.6090515,2.6341994,2,2,2.9475896,21.292763,0.2305465,14.291317,2.6282015,-0.58009404,51,30,1,7,0.0609741,0.05572905,22.852312,0.008931306,0.0051759407,-0.005997896,0.028957486152648926,0.029572128121243872,True
50337,-11,1.2183855,-1.8424013,1,2,44.51833,142.3026,0.996949,53.59475,-1.8426644,1.2267071,41,19,1,9,0.018298917,0.025251467,9.840505,0.0061367494,0.0024263281,-0.0002630949,0.008321642875671387,0.008325800806990942,True
50337,11,-1.8966821,1.817404,2,2,44.51833,142.3026,0.07484423,57.03148,1.8152001,-1.8929809,43,17,1,9,0.014505742,0.019046016,8.585324,0.005115098,0.0029402862,-0.0022039413,0.0037012100219726562,0.004307703922032971,True
50338,-11,2.2938561,-1.8747704,1,2,11.620269,39.38302,0.51362383,14.245366,-1.8778362,2.2965827,41,20,1,9,0.024682997,0.022343276,9.570036,0.0079152025,0.0026305488,-0.0030658245,0.0027265548706054688,0.004102850445515842,True
50338,11,-0.7524009,1.9087278,2,2,11.620269,39.38302,0.62976944,11.911539,1.9090986,-0.79877096,35,16,1,13,0.026311178,0.02600801,9.387068,0.008262357,0.0036440738,0.0003708601,0.046370089054107666,0.046371572068450446,True
50339,11,-2.5170708,-2.1357858,2,2,81.28991,345.0336,0.11041137,98.84005,-2.1371465,-2.5170083,44,27,1,9,0.025515178,0.020342592,9.431157,0.0062033474,0.0029053604,-0.0013606548,6.246566772460938e-05,0.0013620879089622415,True
50339,-11,0.6138003,2.113542,1,2,81.28991,345.0336,0.87929684,88.30632,2.1091032,0.62183,42,16,1,11,0.013240108,0.010288709,7.7688713,0.0033776206,0.0023488514,-0.004438877,0.008029699325561523,0.009174949645157273,True
50341,11,-2.17868,-2.0347242,2,2,87.20712,344.95673,0.26192826,106.74087,-2.0365663,-2.17777,52,20,1,9,0.016677033,0.018406944,12.275374,0.004636124,0.0030637097,-0.001842022,0.0009100437164306641,0.002054561851377383,True
50341,-11,0.9521983,2.069427,1,2,87.20712,344.95673,0.8003432,100.50809,2.0733714,0.9446279,48,25,1,9,0.023143087,0.027101604,9.826068,0.005931473,0.0030591884,0.003944397,0.007570445537567139,0.008536387591667215,True
50342,-11,2.6877973,-1.9209601,1,2,32.591362,111.14612,0.11945967,43.308533,-1.9226072,2.6932397,44,19,1,9,0.01946707,0.020714454,8.035311,0.006145048,0.0031123876,-0.0016471148,0.005442380905151367,0.005686167154989186,True
50342,11,-0.42003128,1.8751704,2,2,32.591362,111.14612,0.21073121,42.22124,1.8787494,-0.41285425,37,23,1,7,0.015316431,0.014486966,8.353536,0.0049788784,0.0024790186,0.0035790205,0.007177025079727173,0.008019917515094939,True
50343,11,0.7161499,1.4984733,2,2,41.442894,97.33092,0.9733432,30.841599,1.5019068,0.7041303,43,10,1,7,0.012133649,0.03098104,5.5282283,0.0061440705,0.0030983735,0.003433466,0.012019634246826172,0.012500411827332606,True
50343,-11,-2.4662123,-1.49803,1,2,41.442894,97.33092,0.6714137,44.282627,-1.4990188,-2.4688365,43,14,1,5,0.007875194,0.013435757,5.9323306,0.00410468,0.002673773,-0.000988841,0.0026242733001708984,0.0028043924431932266,True
50345,-11,-2.2809665,2.6916575,1,2,6.513183,47.531654,0.046890333,8.731298,2.6865716,-2.312404,48,27,1,5,0.07535487,0.018861093,26.817987,0.010138366,0.0040656533,-0.005085945,0.03143739700317383,0.03184614210991466,True
50345,11,0.9368067,-2.6610396,2,2,6.513183,47.531654,0.06766255,10.282361,-2.6577013,0.9175573,44,18,1,7,0.027867151,0.037276704,16.792553,0.004053949,0.0026747237,0.003338337,0.019249379634857178,0.019536711843476343,True
50349,-11,-0.8975735,2.607468,1,2,82.93191,575.3434,0.9157235,108.86157,2.6088839,-0.899293,51,30,1,9,0.027432187,0.021647675,13.609497,0.0040775803,0.0027214505,0.0014159679,0.0017195343971252441,0.0022275016715589723,True
50349,11,2.2502897,-2.6425717,2,2,82.93191,575.3434,0.5446462,66.609795,-2.637545,2.2285035,51,27,1,11,0.049876533,0.016147336,10.829541,0.007064961,0.0026267315,0.005026579,0.021786212921142578,0.022358568140946358,True
50351,-11,-2.0261965,1.8429519,1,2,3.0674992,9.730603,0.07657616,6.029861,1.8464185,-2.0438123,41,19,1,9,0.02319196,0.036803275,14.797658,0.00779927,0.0044509005,0.0034666061,0.017615795135498047,0.01795365133856259,True
50352,11,3.0855508,2.1557212,2,2,88.81918,396.89526,0.79584974,104.249504,2.1605468,3.0869281,52,19,1,9,0.01587574,0.010085367,9.086129,0.0037537797,0.0023323726,0.004825592,0.0013773441314697266,0.005018308021914103,True
50352,-11,-0.06529834,-2.1997178,1,2,88.81918,396.89526,0.034428116,101.40932,-2.1971757,-0.06622914,40,23,1,11,0.023660403,0.018725941,7.2530036,0.0054828124,0.003220258,0.002542019,0.0009308010339736938,0.002707074135764656,True
50354,-11,-1.593896,1.8248816,1,2,17.893353,56.76355,0.9167973,25.402105,1.8231925,-1.5659066,39,19,1,5,0.021533215,0.03580683,12.294489,0.0075166393,0.0029797042,-0.0016890764,0.02798938751220703,0.028040306568566497,True
50354,11,1.6143597,-1.8190608,2,2,17.893353,56.76355,0.90467834,15.433548,-1.8141332,1.5792487,39,20,1,13,0.024042033,0.018890638,10.091929,0.008655414,0.0031012874,0.004927635,0.035111069679260254,0.03545516607923866,True
50355,-11,0.031462245,2.9935567,1,2,14.069095,145.3318,0.005138065,8.291031,2.9797494,0.004893293,52,31,1,11,0.02107197,0.04815506,34.05538,0.0021704012,0.0014005402,-0.013807297,0.026568951085209846,0.02994245483846903,True
50357,-11,-0.2322258,2.5282314,1,2,34.715717,220.35803,0.58063066,45.225117,2.5326738,-0.24211536,52,22,1,11,0.032014854,0.024509339,12.686405,0.0050333366,0.0033622729,0.0044424534,0.009889557957649231,0.010841528929210876,True
50357,11,2.9258716,-2.5417275,2,2,34.715717,220.35803,0.997852,45.618645,-2.5440843,2.9277134,48,23,1,9,0.028058417,0.027503917,14.30842,0.004356056,0.00327591,-0.0023567677,0.0018417835235595703,0.002991073430681277,True
50360,-11,-0.22768056,2.3512492,1,2,89.53698,475.16403,0.7519527,108.97438,2.3486414,-0.24228363,48,24,1,9,0.023501098,0.024521118,8.755624,0.004490368,0.0022836868,-0.0026078224,0.014603063464164734,0.014834089121883519,True
50360,11,2.9215856,-2.3550758,2,2,89.53698,475.16403,0.12463623,120.368164,-2.3549457,2.9195828,52,27,1,9,0.023712195,0.022046292,11.536446,0.004644798,0.002763142,0.00013017654,0.002002716064453125,0.0020069423428379107,True
50362,-11,-0.19221866,2.2404163,1,2,94.79253,456.95407,0.75834286,117.832596,2.2372408,-0.1884466,50,28,1,9,0.019481186,0.019382762,16.06351,0.0043517556,0.002714556,-0.003175497,0.003772065043449402,0.004930746006622559,True
50362,11,2.9573865,-2.2700293,2,2,94.79253,456.95407,0.6575062,103.421524,-2.2626104,2.971999,38,21,1,11,0.021329964,0.016817052,6.213429,0.004735961,0.001527919,0.007418871,0.014612436294555664,0.016387890089485584,True
50363,-11,0.5742784,-1.729157,1,2,59.10017,170.13255,0.091264166,69.500984,-1.7278421,0.57294154,35,21,1,9,0.014544467,0.015126889,6.852666,0.00581752,0.0023581565,0.0013148785,0.0013368725776672363,0.0018751356234939225,True
50363,11,-2.5448322,1.7087258,2,2,59.10017,170.13255,0.7123715,37.914078,1.7087059,-2.5208325,32,16,1,7,0.013883295,0.013070381,5.876184,0.0055968924,0.0029321227,-1.9907951e-05,0.023999691009521484,0.023999699266429017,True
50365,11,0.7544835,1.9504601,2,2,93.70245,347.2044,0.4999436,120.814735,1.9509912,0.75363123,47,20,1,9,0.020943856,0.021956783,8.080569,0.006463083,0.0025888241,0.0005310774,0.0008522868156433105,0.0010042091369393837,True
50366,-11,-2.0000734,2.3160784,1,2,76.34058,396.05978,0.21698023,94.20724,2.31363,-2.0076904,44,22,1,13,0.019979304,0.019956484,7.3421817,0.0041563218,0.0022228556,-0.0024483204,0.007616996765136719,0.008000806983638835,True
50366,11,1.1507823,-2.3443139,2,2,76.34058,396.05978,0.93354565,95.064735,-2.3447442,1.1482562,42,28,1,9,0.026156353,0.028015224,10.103754,0.005260223,0.0033726883,-0.00043034554,0.0025261640548706055,0.0025625577284920397,True
50371,11,2.4842234,1.683183,2,2,25.124077,68.65416,0.097912624,30.987915,1.6819682,2.4852884,37,14,1,7,0.011930515,0.010951942,6.26822,0.004963341,0.002511601,-0.0012147427,0.0010650157928466797,0.0016155055906627528,True
50371,-11,-0.71355444,-1.6437453,1,2,25.124077,68.65416,0.9086617,25.534945,-1.6441846,-0.7056312,41,15,1,7,0.015443274,0.015365396,10.620915,0.006898842,0.0029473933,-0.00043928623,0.007923245429992676,0.007935413696683989,True
50373,-11,0.6920828,1.9073825,1,2,19.414839,66.166824,0.9596782,24.800898,1.9047772,0.70964587,38,19,1,9,0.02929542,0.020632172,10.398535,0.009463533,0.0025588826,-0.002605319,0.017563045024871826,0.017755231278239077,True
50373,11,-2.3927665,-1.8870615,2,2,19.414839,66.166824,0.37634712,26.950024,-1.8905052,-2.3909028,37,14,1,7,0.022814898,0.01797529,9.4692135,0.0071770325,0.0032813686,-0.003443718,0.001863718032836914,0.003915691288921788,True
50374,11,-0.4627493,-2.869901,2,2,49.210667,437.5844,0.36276767,39.036533,-2.8871028,-0.48240447,52,38,1,7,0.024655676,0.0213349,24.107372,0.002659453,0.0016226335,-0.0172019,0.019655168056488037,0.026119552036113384,True
50378,11,1.9699723,-2.4283793,2,2,55.41835,315.6463,0.98075324,74.28749,-2.430276,1.9707441,46,17,1,9,0.023255542,0.027491014,14.9134245,0.0042266534,0.0031708097,-0.0018966198,0.0007718801498413086,0.002047673206913336,True
50378,-11,-1.1831523,2.4217668,1,2,55.41835,315.6463,0.47667617,79.13047,2.4178967,-1.1863,42,26,1,9,0.032018565,0.021078406,10.518285,0.005837244,0.0028319245,-0.0038700104,0.003147721290588379,0.004988499737735748,True
50381,-11,1.5775353,2.7193482,1,2,2.8837314,22.49174,0.21715076,10.5508,2.6916838,1.5447416,49,27,1,5,0.060132593,0.03916562,26.756842,0.008401295,0.0045881765,-0.027664423,0.032793641090393066,0.04290388347276806,True
50381,11,-1.403281,-2.7696013,2,2,2.8837314,22.49174,0.83854914,4.11449,-2.7761583,-1.4411045,48,9,3,7,0.037495293,0.01745172,33.30839,0.004344701,0.0029010966,-0.0065569878,0.03782355785369873,0.03838770137689486,True
50383,-11,1.546001,-2.7870166,1,2,30.650944,244.9962,0.9259265,34.285492,-2.7910476,1.5471166,52,15,1,9,0.035253026,0.001339942,11.425513,0.004346861,0.0029708697,-0.004030943,0.0011156797409057617,0.00418249237670995,True
50383,11,-1.5808095,2.7489526,2,2,30.650944,244.9962,0.2774243,41.042324,2.745633,-1.5819598,49,27,1,11,0.030859806,0.029161166,13.038091,0.004136115,0.0027082018,-0.0033197403,0.001150369644165039,0.0035134066014605126,True
50385,-11,-2.488161,-2.8836625,1,2,18.845543,169.63695,0.19062768,16.497187,-2.8895652,-2.4563842,52,14,1,7,0.042676914,0.0075530163,26.962418,0.0048199263,0.0037542924,-0.005902767,0.03177690505981445,0.03232049438312862,True
50385,11,0.67470264,2.891253,2,2,18.845543,169.63695,0.019861456,28.69094,2.8948069,0.6552286,52,38,1,9,0.038427487,0.038941644,41.339504,0.004027553,0.0024039447,0.0035538673,0.019474029541015625,0.019795651022583696,True
50388,11,-0.13643448,1.8354759,2,2,89.04389,283.3207,0.4823455,96.53076,1.8339843,-0.13450614,34,16,1,11,0.011122956,0.009657585,6.314803,0.003834145,0.002381004,-0.0014916658,0.0019283443689346313,0.002437945645345328,True
50388,-11,2.9918165,-1.8145353,1,2,89.04389,283.3207,0.09864488,109.11955,-1.8158377,2.9937332,38,18,1,11,0.015375204,0.014173448,6.489982,0.005436535,0.0030454216,-0.0013024807,0.001916646957397461,0.002317324204801961,True
50391,-11,0.2737915,2.8824213,1,2,77.61876,692.1676,0.48764944,78.18644,2.889344,0.26881465,52,14,1,11,0.017364642,0.0054403734,12.758595,0.0019319062,0.0008884906,0.006922722,0.004976838827133179,0.00852601910573495,True
50391,11,-2.8625839,-2.873616,2,2,77.61876,692.1676,0.869914,92.07816,-2.8708394,-2.875816,49,29,1,11,0.026893381,0.026021548,12.993312,0.0031814612,0.0014915231,0.0027766228,0.013232231140136719,0.013520413260615339,True
50394,11,0.5929545,-1.5534823,2,2,70.90651,177.33307,0.14057434,89.75269,-1.5528373,0.59111047,44,15,1,9,0.010231246,0.012012954,7.024425,0.0049354574,0.0028259722,0.00064504147,0.0018440485000610352,0.001953610337021018,True
50394,-11,-2.5707307,1.5812194,1,2,70.90651,177.33307,0.69266784,74.63696,1.5825326,-2.5723464,37,23,1,9,0.008595291,0.016685834,6.66735,0.0040123747,0.002796118,0.0013132095,0.001615762710571289,0.0020821163311041677,True
50396,-11,-2.9017234,1.807059,1,2,40.555393,126.58043,0.8526501,52.434517,1.8112578,-2.9005165,44,16,1,7,0.012128213,0.014494548,7.59552,0.0042583575,0.0025679197,0.0041987896,0.0012068748474121094,0.004368796329812184,True
50396,11,0.26981372,-1.8023092,2,2,40.555393,126.58043,0.70343214,50.944744,-1.8033878,0.269006,41,15,1,9,0.015086814,0.014490631,7.0070343,0.005402981,0.002803838,-0.0010786057,0.0008077025413513184,0.0013475064183594595,True
50397,11,1.0740222,-2.492987,2,2,80.29693,480.66418,0.78127074,96.44454,-2.4918432,1.0779306,52,26,1,11,0.022484155,0.016538946,8.819795,0.00383725,0.0030254538,0.0011436939,0.003908395767211914,0.004072295815384386,True
50397,-11,-2.0751455,2.4583972,1,2,80.29693,480.66418,0.9840873,103.58671,2.4584777,-2.0724452,49,24,1,11,0.023279035,0.021411547,10.355923,0.004038441,0.0029242157,8.058548e-05,0.002700328826904297,0.00270153100906776,True
50400,11,1.2814919,-1.4955124,2,2,88.21632,205.75705,0.9798681,105.64296,-1.4978766,1.2818537,31,14,1,7,0.007294812,0.009115375,4.90624,0.00375501,0.0023046646,-0.0023642778,0.0003618001937866211,0.0023918004299057355,True
50400,-11,-1.87943,1.4856688,1,2,88.21632,205.75705,0.81403816,79.29111,1.4892461,-1.8795891,42,13,1,5,0.009445817,0.017020218,7.812418,0.004955006,0.0029178464,0.0035773516,0.0001590251922607422,0.0035808844551651806,True
50404,11,-2.6510808,-1.6195472,2,2,55.010582,143.46597,0.047182593,66.34127,-1.6203465,-2.6530185,34,16,1,9,0.010267493,0.012472641,6.4561195,0.0045505734,0.002874485,-0.0007992983,0.0019376277923583984,0.002096015075855021,True
50404,-11,0.46342272,1.6060724,1,2,55.010582,143.46597,0.6817393,68.04763,1.6075529,0.4642853,46,28,1,7,0.01811165,0.020304164,17.927042,0.008206376,0.0024069678,0.0014804602,0.0008625984191894531,0.0017134288541208655,True
50406,-11,2.7423856,-2.2086666,1,2,9.210339,42.003727,0.98357505,16.076134,-2.19656,2.7766147,51,25,1,9,0.031738035,0.025301872,16.068115,0.0075076204,0.0029445372,0.012106657,0.03422904014587402,0.03630700109685752,True
50406,11,-0.31166056,2.1887386,2,2,9.210339,42.003727,0.5820273,15.885163,2.188268,-0.29000756,45,22,1,7,0.046822373,0.032669794,18.131723,0.010916104,0.004537075,-0.00047063828,0.02165299654006958,0.02165811071054671,True
50411,11,0.11887793,2.9928114,2,2,14.63415,142.05533,0.0057722786,9.712787,2.9902184,0.09284942,51,12,1,13,0.020172454,0.029680043,37.4121,0.0020313547,0.0013753007,-0.0025930405,0.02602851390838623,0.026157358336402575,True
50412,11,-2.2761664,-2.33296,2,2,32.173244,166.2735,0.748538,41.942234,-2.3384705,-2.2773168,48,24,1,7,0.029864924,0.023043787,13.292145,0.005766471,0.0032514713,-0.0055105686,0.001150369644165039,0.005629362101791733,True
50412,-11,0.84341425,2.3194313,1,2,32.173244,166.2735,0.48537973,42.502235,2.3200152,0.8504071,40,20,1,7,0.02728536,0.019168638,8.3047905,0.0056450986,0.0036213512,0.0005838871,0.0069928765296936035,0.007017210721172812,True
50413,11,-0.41129795,2.7234008,2,2,28.765867,225.63905,0.9252001,38.264713,2.72109,-0.3939193,50,34,1,9,0.037659515,0.02820384,19.949879,0.0051544216,0.0028985122,-0.0023107529,0.017378658056259155,0.01753160958544213,True
50413,-11,2.7142737,-2.7749126,1,2,28.765867,225.63905,0.5864526,26.611664,-2.7732153,2.6901813,50,23,3,9,0.021122137,0.016589267,18.503965,0.0026748404,0.00229312,0.0016973019,0.024092435836791992,0.024152148933640497,True
50414,-11,-1.7445266,1.8767112,1,2,85.6068,283.0179,0.9904504,107.257904,1.8768198,-1.7372602,46,17,1,9,0.018226108,0.017799698,6.530839,0.006018457,0.0030140183,0.00010859966,0.007266402244567871,0.00726721373475537,True
50414,11,1.4103699,-1.853837,2,2,85.6068,283.0179,0.9983886,94.1414,-1.8540901,1.410698,31,15,1,9,0.013551924,0.012454056,5.4878225,0.0046128924,0.0022445167,-0.00025308132,0.0003281831741333008,0.0004144325653057227,True
50416,-11,-0.49318153,-2.5559921,1,2,94.14978,622.92566,0.22907877,115.23876,-2.558545,-0.4843673,43,29,1,9,0.02754351,0.01606259,8.81247,0.0043391366,0.003054593,-0.0025529861,0.008814215660095215,0.00917649911237011,True
50416,11,2.6542232,2.598328,2,2,94.14978,622.92566,0.16986412,113.30352,2.5942638,2.6419716,49,27,1,13,0.03293505,0.030197786,9.986599,0.005186942,0.0030988704,-0.0040643215,0.012251615524291992,0.012908167693710412,True
50417,-11,-2.9703453,-2.5730515,1,2,93.83337,629.159,0.7569123,89.85681,-2.5682902,-2.9756453,40,19,1,9,0.021225274,0.005054431,8.5180235,0.0032890397,0.000781139,0.004761219,0.005300045013427734,0.007124583041677157,True
50420,11,-1.5170057,2.2645438,2,2,43.663776,213.83437,0.9106327,61.64976,2.2572389,-1.5141621,42,18,1,9,0.021609208,0.025337223,21.807621,0.004797649,0.0024764396,-0.007304907,0.002843618392944336,0.007838866712881433,True
50420,-11,1.6074342,-2.2780073,1,2,43.663776,213.83437,0.9971183,58.584435,-2.2774312,1.6048619,52,29,1,9,0.030949248,0.031058416,14.437508,0.00654967,0.002995971,0.0005760193,0.002572298049926758,0.002636003694378859,True
50421,11,1.3435005,-2.6037579,2,2,60.12206,405.8887,0.08884214,72.49521,-2.602317,1.3333915,44,24,1,11,0.035226904,0.013354869,8.461571,0.0053856494,0.002980779,0.0014407635,0.01010894775390625,0.010211102977688822,True
50421,-11,-1.8070695,2.5909276,1,2,60.12206,405.8887,0.3020291,82.715454,2.5863297,-1.8004847,52,28,1,9,0.036209475,0.025986549,13.982297,0.0057828864,0.0026729854,-0.0045979023,0.006584882736206055,0.008031275526913498,True
50422,-11,0.06017973,-2.8333259,1,2,15.329795,129.91188,0.97100383,19.123106,-2.8245459,0.0870384,49,23,1,7,0.038980816,0.02539234,15.06316,0.0048052203,0.004092126,0.008780003,0.02685866877436638,0.028257327046897134,True
50422,11,-3.0536249,2.8201942,2,2,15.329795,129.91188,0.893826,26.619642,2.8472655,-3.0552182,52,35,1,9,0.054565497,0.031254068,25.649292,0.0061594048,0.0044145663,0.027071238,0.0015933513641357422,0.027118087723296824,True
50423,-11,-1.8809414,-2.847302,1,2,6.861498,59.88951,0.29257482,14.040901,-2.8239567,-1.8783346,49,27,1,5,0.037771586,0.02824882,23.815474,0.0046192887,0.0037296233,0.023345232,0.0026067495346069336,0.023490316849037022,True
50425,-11,3.0545213,-1.5224785,1,2,15.9513645,37.613167,0.87040913,10.125071,-1.5253392,3.0899348,42,12,1,3,0.017557815,0.024610305,15.358521,0.0088297585,0.00338122,-0.0028607845,0.035413503646850586,0.035528866131913125,True
50425,11,0.01837321,1.4840876,2,2,15.9513645,37.613167,0.60432285,5.2133336,1.4917095,0.049354956,44,12,1,42,0.017634856,0.023480644,49.154793,0.009183619,0.0019911332,0.0076218843,0.030981745570898056,0.03190551177161348,True
50428,-11,-1.9483472,-2.8439116,1,2,27.221199,236.40933,0.45030433,29.203093,-2.8256748,-1.9580976,52,29,1,11,0.039899606,0.025858467,17.838413,0.004948941,0.0024110891,0.018236876,0.0097503662109375,0.020679778923820478,True
50429,-11,-1.28178,2.3172843,1,2,3.0368204,15.674818,0.0,4.7178264,2.306661,-1.283676,51,11,1,13,0.031144787,0.019744534,17.823662,0.0064292243,0.0043886737,-0.010623455,0.0018960237503051758,0.010791325526591348,True
50429,11,2.0930343,-2.337045,2,2,3.0368204,15.674818,0.93168163,4.581623,-2.3573923,2.0673504,48,22,1,9,0.03661949,0.028304245,22.442219,0.0069385055,0.004361633,-0.020347357,0.025683879852294922,0.03276700510755768,True
50431,11,-1.6238228,-2.298522,2,2,74.64857,372.97415,0.6873704,92.04484,-2.294743,-1.6207081,48,29,1,9,0.029118754,0.013746958,8.74629,0.006288369,0.0029591671,0.0037789345,0.0031147003173828125,0.004897111764549616,True
50431,-11,1.5079839,2.2849283,1,2,74.64857,372.97415,0.3388537,76.53169,2.2797184,1.5188931,52,23,1,9,0.035804793,0.017294347,10.295104,0.0078688925,0.0019181811,-0.005209923,0.010909199714660645,0.01208941408787512,True
50433,11,-1.9848617,-2.3017879,2,2,95.877754,489.74155,0.45938134,118.21186,-2.2996688,-1.9800111,52,25,1,9,0.024006542,0.015888555,10.964961,0.0050017447,0.0028985029,0.0021190643,0.004850625991821289,0.005293298229996163,True
50433,-11,1.1492558,2.32684,1,2,95.877754,489.74155,0.2994154,114.04955,2.3297515,1.1556544,51,27,1,11,0.026887026,0.018590849,10.981494,0.0052522034,0.0030824933,0.0029115677,0.006398677825927734,0.007029957632998701,True
50442,-11,-2.0395555,-2.14672,1,2,26.387291,113.22083,0.85015243,32.894157,-2.1431985,-2.0273676,42,22,1,9,0.025745528,0.021937598,10.036638,0.0063423323,0.0026319933,0.0035214424,0.012187957763671875,0.012686483787562092,True
50442,11,1.1346381,2.1249754,2,2,26.387291,113.22083,0.3712832,32.060448,2.1278117,1.1350448,38,19,1,7,0.024553291,0.020855794,8.372985,0.0059835697,0.0028686249,0.0028362274,0.0004067420959472656,0.0028652443339990657,True
50443,11,0.9333435,-1.7070231,2,2,52.572952,150.57365,0.15987925,57.644867,-1.7075926,0.93375635,30,16,1,9,0.012852945,0.0145364385,5.543085,0.0051267007,0.002823461,-0.0005694628,0.00041282176971435547,0.0007033559929356681,True
50445,11,-1.5508022,-1.8301426,2,2,96.95618,309.0219,0.727612,110.68767,-1.8334811,-1.5505093,51,14,1,9,0.012539684,0.016913906,6.1828723,0.0043023312,0.0023499026,-0.0033384562,0.00029289722442626953,0.003351280042030991,True
50445,-11,1.5785694,1.8233399,1,2,96.95618,309.0219,0.6743212,121.56222,1.8254006,1.5725771,40,17,1,9,0.013552961,0.013618747,6.790521,0.004755677,0.0026187515,0.0020606518,0.005992293357849121,0.0063367077717609455,True
50447,-11,-1.9574641,-2.6991956,1,2,97.44543,723.51624,0.54098636,108.54823,-2.7068877,-1.9596639,50,26,1,11,0.027090052,0.023593977,10.171013,0.0036416154,0.0030342857,-0.0076920986,0.0021997690200805664,0.008000460345288214,True
50447,11,1.1891398,2.6876638,2,2,97.44543,723.51624,0.5185969,116.82432,2.6701813,1.1954143,52,30,1,13,0.031466424,0.031744167,12.07258,0.0045625083,0.002516751,-0.01748252,0.00627446174621582,0.01857437331786262,True
50448,11,0.09390635,-2.9303668,2,2,11.885209,113.94689,0.1511212,22.952309,-2.9272292,0.097172655,52,27,1,7,0.039535996,0.02444251,32.842045,0.004355406,0.0038359736,0.0031375885,0.0032663047313690186,0.004529150935840402,True
50450,11,-1.5646836,2.4139287,2,2,99.3437,564.93567,0.3674662,91.60555,2.4167445,-1.5765343,50,17,1,11,0.01600509,0.009298204,8.398127,0.0029288786,0.0020513963,0.0028157234,0.011850714683532715,0.012180629567329276,True
50450,-11,1.5704572,-2.4330738,1,2,99.3437,564.93567,0.9899493,118.60387,-2.431309,1.5658963,52,26,1,11,0.029055003,0.020040529,8.60228,0.005441619,0.0027358553,0.0017647743,0.004560947418212891,0.004890467233413658,True
50452,11,1.1810036,1.6771299,2,2,32.577694,88.98309,0.29981783,42.384315,1.6788522,1.1829365,42,16,1,7,0.01339041,0.012456341,5.894141,0.005547797,0.0024865412,0.0017223358,0.001932978630065918,0.0025889857174969813,True
50452,-11,-2.0039167,-1.6485362,1,2,32.577694,88.98309,0.5247719,37.827843,-1.6487131,-2.0107121,39,15,1,9,0.015922282,0.019575216,6.9329534,0.0069935117,0.0029497377,-0.00017690659,0.006795406341552734,0.0067977086791710046,True
50454,-11,0.49080074,1.5239282,1,2,92.26061,221.7978,0.8291786,89.70091,1.5257719,0.49483174,40,13,1,5,0.010101601,0.023175262,7.1919165,0.0050408877,0.0028167646,0.0018436909,0.004031002521514893,0.004432626456608036,True
50454,11,-2.6329937,-1.5239506,2,2,92.26061,221.7978,0.15818153,107.54154,-1.5264077,-2.6355703,52,15,1,5,0.010768964,0.013166371,5.3836765,0.005332276,0.0023410502,-0.0024571419,0.002576589584350586,0.003560387599502005,True
50455,-11,2.4370465,2.410573,1,2,12.450295,71.69242,0.8045304,13.757715,2.4211478,2.4757257,47,22,1,7,0.045320928,0.028694311,16.710682,0.007887959,0.0044836923,0.010574818,0.03867912292480469,0.040098644846098375,True
50455,11,-0.6537128,-2.4626725,2,2,12.450295,71.69242,0.19387594,18.689484,-2.4614067,-0.6543446,45,22,1,7,0.03623323,0.023016501,14.482396,0.006326274,0.0031779765,0.0012657642,0.0006318092346191406,0.001414687935335193,True
50456,-11,-1.8450898,-2.852287,1,2,37.05652,321.0287,0.04278387,38.085773,-2.8879027,-1.8287473,52,38,1,11,0.03609256,0.03215675,35.988594,0.0038562708,0.0024403834,-0.035615683,0.016342520713806152,0.039186155886298264,True
50456,11,1.307697,2.845507,2,2,37.05652,321.0287,0.15636833,51.30054,2.841838,1.2987405,52,22,1,9,0.047058474,0.0134562515,17.95131,0.005755662,0.0034256992,-0.0036690235,0.008956551551818848,0.00967892295883511,True
50460,11,-1.8606583,-2.4828691,2,2,6.8258157,40.854137,0.25003096,10.284399,-2.4695206,-1.8681092,37,23,1,9,0.038089193,0.01810302,10.726312,0.0068868254,0.002453105,0.013348579,0.0074509382247924805,0.015287284224941132,True
50462,-11,1.8062681,-1.5117157,1,2,93.03358,223.1403,0.891672,101.92428,-1.5132091,1.8046767,31,15,1,5,0.010004079,0.01555981,5.87248,0.005009207,0.0028232448,-0.001493454,0.0015914440155029297,0.002182452483638794,True
50462,11,-1.317616,1.531207,2,2,93.03358,223.1403,0.8883741,91.94373,1.531172,-1.324655,38,14,1,7,0.0103617655,0.012475351,7.969512,0.0050811097,0.0025383492,-3.4928322e-05,0.007039070129394531,0.007039156787158586,True
50463,11,-0.042666145,-1.6863861,2,2,57.203407,162.71565,0.05500929,64.77194,-1.6872797,-0.04152666,47,20,1,9,0.015371366,0.015419007,8.224244,0.0064562294,0.003123958,-0.00089359283,0.0011394843459129333,0.0014480789786477468,True
50463,-11,3.0753732,1.7263395,1,2,57.203407,162.71565,0.15141438,61.38555,1.7243848,3.0773108,48,17,1,7,0.017540963,0.013210149,7.683784,0.006797243,0.002329644,-0.0019546747,0.0019376277923583984,0.0027522998742536098,True
50464,-11,2.526567,-1.9028952,1,2,43.75334,153.43095,0.32079977,49.846104,-1.9077544,2.5192983,52,18,1,9,0.016364932,0.020411316,8.58754,0.0051019755,0.002600567,-0.004859209,0.007268667221069336,0.008743308032681007,True
50464,11,-0.590649,1.9515207,2,2,43.75334,153.43095,0.7555724,51.421444,1.9524372,-0.5906921,32,15,1,9,0.01173115,0.014529148,5.822935,0.0035171192,0.0027682944,0.000916481,4.309415817260742e-05,0.0009174936310103968,True
50465,-11,-1.5070357,-1.7569697,1,2,29.920021,89.55629,0.64950824,39.970512,-1.7576504,-1.5132183,36,22,1,9,0.023138667,0.022623971,8.695848,0.008668012,0.0025007087,-0.00068068504,0.006182551383972168,0.00621990946426683,True
50466,11,-0.16324417,-1.6140314,2,2,60.561832,159.19492,0.23424165,75.010506,-1.6141751,-0.15931135,40,15,1,11,0.011500452,0.012474985,6.616914,0.005183529,0.0029000877,-0.0001436472,0.00393281877040863,0.003935441270962672,True
50466,-11,2.9539554,1.628666,1,2,60.561832,159.19492,0.5806094,75.0587,1.6280372,2.9548218,40,17,1,9,0.01152282,0.017799791,6.79179,0.00505651,0.0026069733,-0.000628829,0.0008664131164550781,0.0010705594744754906,True
50467,11,2.6517448,-2.4957478,2,2,17.1947,101.30293,0.3480126,26.229622,-2.4841213,2.646291,44,18,1,7,0.040378492,0.032060605,10.080435,0.007057275,0.002998715,0.011626482,0.005453824996948242,0.01284209058183242,True
50467,-11,-0.5257182,2.4244459,1,2,17.1947,101.30293,0.9428746,18.148418,2.425188,-0.51037973,43,19,1,7,0.018816484,0.0060337195,14.402769,0.0034229974,0.0024291857,0.00074219704,0.015338480472564697,0.015356426656243921,True
50470,11,1.782297,-1.8156601,2,2,85.66504,272.37012,0.9774553,105.35981,-1.8182471,1.7737484,37,16,1,7,0.0122986045,0.019056648,6.359229,0.0043513933,0.0021821805,-0.0025869608,0.008548617362976074,0.008931473845911376,True
50470,-11,-1.3732107,1.8327653,1,2,85.66504,272.37012,0.5021882,101.362785,1.8318652,-1.3735225,41,15,1,9,0.012885007,0.0116512,6.447983,0.004532168,0.0029753658,-0.00090014935,0.00031185150146484375,0.0009526385404629498,True
50473,-11,-2.3643222,-2.8982575,1,2,22.518656,199.86,0.827991,26.539314,-2.887315,-2.3931236,52,33,1,7,0.054941576,0.013636608,33.69566,0.006472479,0.002922606,0.010942459,0.028801441192626953,0.03081007014647318,True
50473,11,0.79538625,2.8488536,2,2,22.518656,199.86,0.44359136,24.14946,2.8854282,0.78336406,52,33,1,9,0.036222555,0.025529854,28.23482,0.0038473762,0.0022327607,0.036574602,0.012022197246551514,0.038499802568441266,True
50474,11,2.4667928,-1.8524649,2,2,28.086296,92.76617,0.16040911,35.395237,-1.8497485,2.4635825,47,21,1,9,0.018040642,0.021550631,9.233798,0.0063153203,0.002661709,0.002716422,0.003210306167602539,0.004205355452748209,True
50474,-11,-0.71537596,1.8762295,1,2,28.086296,92.76617,0.16788717,38.92429,1.8752328,-0.7197567,45,21,1,7,0.016271826,0.023020694,12.100106,0.005337764,0.0031647335,-0.0009967089,0.004380762577056885,0.004492717364105659,True
50477,11,-1.967877,2.492352,2,2,7.009927,43.15646,0.3697351,19.324791,2.49067,-1.9779959,49,31,1,5,0.04957993,0.046765406,26.778095,0.008249235,0.0034222244,-0.0016820431,0.010118842124938965,0.01025769149470973,True
50481,11,2.5258315,-2.578101,2,2,4.1187725,27.149874,0.5673985,7.003081,-2.5740597,2.5476012,43,23,1,5,0.038156856,0.027840186,17.724894,0.005867224,0.003396061,0.004041195,0.02176976203918457,0.022141675531960205,True
50482,-11,2.4429655,2.7185028,1,2,66.8102,507.8352,0.58214873,90.28537,2.7090726,2.4471426,52,38,1,9,0.035892636,0.032071732,17.565111,0.004999492,0.0025462196,-0.00943017,0.004177093505859375,0.010313884692265986,True
50482,11,-0.6915145,-2.7156897,2,2,66.8102,507.8352,0.13124727,86.134415,-2.7048538,-0.6991498,49,30,1,9,0.033555765,0.020486418,14.921894,0.004736406,0.0024961536,0.010835886,0.007635295391082764,0.01325572192753445,True
50487,-11,2.3558545,2.935308,1,2,47.54729,453.08835,0.20979425,42.70644,2.9439127,2.3123636,51,37,1,11,0.028078845,0.03417117,24.407085,0.0029783347,0.0025811289,0.008604765,0.04349088668823242,0.04433395090843947,True
50487,11,-0.77777016,-2.9542785,2,2,47.54729,453.08835,0.9120161,59.50112,-2.9502294,-0.78638244,52,38,1,13,0.03189167,0.03894364,27.144056,0.0034565069,0.002690033,0.0040490627,0.008612275123596191,0.009516627167205045,True
50488,-11,-1.7623907,-2.6101816,1,2,7.4327316,49.907322,0.9153933,12.479085,-2.6205792,-1.7415652,45,25,1,5,0.035335753,0.043705326,17.325077,0.005160388,0.004117435,-0.010397673,0.020825505256652832,0.0232768826953876,True
50488,11,1.4518716,2.5742497,2,2,7.4327316,49.907322,0.18338928,17.885357,2.5372555,1.4734445,46,26,1,11,0.05647381,0.03802746,16.51968,0.009310589,0.0033175326,-0.03699422,0.02157282829284668,0.04282474935738344,True
50490,11,0.26640004,2.3867278,2,2,32.845078,185.79816,0.71486175,41.2043,2.3907971,0.26170734,50,25,1,9,0.03347298,0.019219337,13.415167,0.0061792512,0.0034014694,0.0040693283,0.004692703485488892,0.0062113523465001895,True
50490,-11,-2.8948112,-2.4505723,1,2,32.845078,185.79816,0.68658406,50.673164,-2.4450567,-2.8870003,48,31,1,7,0.035956293,0.033653244,18.21607,0.0064720837,0.00349475,0.0055155754,0.007810831069946289,0.009561937767394177,True
50492,11,1.6776766,-2.8499305,2,2,63.76758,552.3101,0.964544,80.79189,-2.8479924,1.6796674,49,30,1,11,0.040061083,0.018041315,9.991023,0.004925659,0.0023578813,0.0019381046,0.001990795135498047,0.0027784014774026003,True
50493,11,1.5942279,-2.1080945,2,2,33.93895,139.57097,0.9949287,41.31624,-2.1071358,1.583367,46,24,1,9,0.026539419,0.03560636,13.629563,0.0068246066,0.0027735182,0.0009586811,0.010860919952392578,0.01090314870468015,True
50493,-11,-1.5738591,2.0763102,1,2,33.93895,139.57097,0.6532344,38.65499,2.0782568,-1.573723,41,17,1,7,0.018042576,0.021334164,7.6793046,0.0046577216,0.0034633786,0.0019466877,0.0001361370086669922,0.0019514420881102542,True
50496,-11,3.0479634,-1.9012644,1,2,66.04454,226.48016,0.36683077,75.39056,-1.9017475,3.0472465,38,16,1,9,0.018292492,0.016200725,5.986295,0.006071146,0.003042516,-0.00048303604,0.0007169246673583984,0.0008644679264280754,True
50496,11,-0.077079214,1.9057711,2,2,66.04454,226.48016,0.02206956,85.092735,1.90843,-0.078105785,37,21,1,11,0.018902775,0.015197407,7.2917657,0.0059879324,0.0022383542,0.002658844,0.0010265707969665527,0.0028501401695990697,True
50497,11,-0.22383468,-2.8300338,2,2,14.792415,126.98181,0.96649426,28.19942,-2.8503242,-0.23313645,52,23,1,7,0.052924033,0.03372928,29.315786,0.006019108,0.0043656616,-0.020290375,0.009301766753196716,0.022320890616464566,True
50497,-11,2.8893332,2.8494632,1,2,14.792415,126.98181,0.4569686,17.53183,2.8530793,2.8761811,44,22,1,9,0.033284068,0.019282607,17.406013,0.003951344,0.0022344573,0.0036160946,0.013152122497558594,0.013640178379047194,True
50499,11,-2.4538147,2.2346709,2,2,35.019978,167.27899,0.503216,37.43589,2.2349064,-2.4461675,41,20,1,7,0.019819919,0.021782763,11.376099,0.004392675,0.002689968,0.00023555756,0.007647275924682617,0.007650902981380096,True
50501,11,-2.6687016,-2.9716372,2,2,64.02065,618.2989,0.13363293,67.65939,-2.951245,-2.6453235,52,19,1,9,0.023948962,0.0056714993,11.597958,0.002548651,0.001883432,0.02039218,0.02337813377380371,0.03102221962929101,True
50501,-11,0.46701738,2.9449904,1,2,64.02065,618.2989,0.047481168,62.90179,2.941295,0.45680737,52,16,1,15,0.032959823,0.00439697,16.858583,0.0035777572,0.0026243418,-0.003695488,0.010210007429122925,0.01085821730690883,True
50505,11,1.4213686,-2.9399576,2,2,55.544228,527.2979,0.07452132,67.19558,-2.9297645,1.4215492,52,26,1,9,0.026527205,0.015621086,15.719978,0.002915471,0.0024667946,0.0101931095,0.0001806020736694336,0.010194709342718128,True
50505,-11,-1.7271366,2.9419422,1,2,55.544228,527.2979,0.672273,40.809628,2.9295864,-1.6976585,51,11,1,11,0.02395569,0.008465848,16.345222,0.0026088029,0.0021781398,-0.012355804,0.029478073120117188,0.03196283307714626,True
50507,11,1.6059519,2.1793408,2,2,7.454391,32.966526,0.041363124,12.385978,2.177575,1.6188717,42,24,1,5,0.030818783,0.020956427,17.678547,0.0072819106,0.0033254977,-0.001765728,0.012919783592224121,0.013039885100286712,True
50508,11,-0.5937918,-1.946636,2,2,82.85095,289.90924,0.71885,94.36038,-1.9466169,-0.59522516,36,22,1,9,0.0225804,0.020677537,8.240655,0.0066672345,0.0026846628,1.9073486e-05,0.0014333724975585938,0.0014334993947114419,True
50508,-11,2.5348935,1.9031094,1,2,82.85095,289.90924,0.6615728,93.59877,1.901824,2.5388327,33,15,1,11,0.016401568,0.015806329,5.6548843,0.0052499063,0.0028035983,-0.0012854338,0.003939151763916016,0.004143580164545939,True
50509,-11,-2.6629922,1.929629,1,2,40.89185,140.869,0.8386143,45.353897,1.9291245,-2.67203,38,18,1,9,0.022999918,0.015836593,7.131322,0.0071836826,0.00257112,-0.0005044937,0.00903773307800293,0.009051802753930686,True
50509,11,0.5052225,-1.887495,2,2,40.89185,140.869,0.20256606,53.925323,-1.8847197,0.5094274,46,14,1,9,0.017513746,0.018750204,9.377131,0.005761425,0.002767623,0.0027753115,0.004204928874969482,0.005038231935885678,True
50510,11,0.35577214,-1.5660487,2,2,76.347305,190.81355,0.22072956,93.643654,-1.5652378,0.3533571,30,16,1,9,0.008934149,0.009353127,5.1354094,0.004297085,0.0024975901,0.0008109808,0.0024150311946868896,0.0025475606979816876,True
50514,11,-2.6076388,2.0341005,2,2,32.921776,124.31379,0.93188137,40.866432,2.0375664,-2.6042805,43,29,1,9,0.027977243,0.034757193,13.597342,0.007540112,0.002505992,0.003465891,0.0033583641052246094,0.004826075945214769,True
50514,-11,0.50401855,-1.9745716,1,2,32.921776,124.31379,0.7451444,46.71256,-1.969198,0.49933687,42,26,1,9,0.027794132,0.025660347,16.102913,0.008464212,0.0031699466,0.005373597,0.004681676626205444,0.007126965798988914,True
50516,-11,1.2948016,-1.7731988,1,2,45.8951,137.73747,0.007820457,59.312653,-1.7748202,1.2971638,52,17,1,9,0.01496106,0.017317187,7.4452596,0.005544735,0.0024161946,-0.0016213655,0.0023622512817382812,0.0028651452566050067,True
50516,11,-1.8191457,1.7532766,2,2,45.8951,137.73747,0.29389235,57.372173,1.7528918,-1.8189943,41,27,1,7,0.014186669,0.013971828,8.608507,0.0053373063,0.0031893149,-0.0003848076,0.0001513957977294922,0.00041351851993457167,True
50520,-11,2.7334874,-2.2918293,1,2,75.56707,373.87668,0.6850224,92.95613,-2.287905,2.7295737,46,21,1,9,0.028767835,0.016529797,11.165088,0.006101806,0.0027354881,0.00392437,0.0039136409759521484,0.005542315689365401,True
50520,11,-0.39834452,2.271646,2,2,75.56707,373.87668,0.81680745,93.26213,2.2751665,-0.39807865,52,23,1,7,0.029469883,0.0214518,27.791649,0.0061455388,0.0029880062,0.0035204887,0.0002658665180206299,0.0035305135234909965,True
51781,11,-1.9418708,-2.507495,2,2,10.994788,68.7874,0.3557162,18.300226,-2.4853709,-1.9455577,48,20,1,9,0.037176482,0.030054955,13.325953,0.006463103,0.0029336587,0.022124052,0.0036869049072265625,0.022429154240327577,True
51784,11,2.5887532,2.2134643,2,2,85.507065,384.50778,0.5817914,106.19521,2.216138,2.5796788,52,18,1,11,0.018049315,0.01722464,9.911416,0.0040545133,0.002789573,0.002673626,0.00907444953918457,0.009460122087541894,True
51784,-11,-0.5624221,-2.1552806,1,2,85.507065,384.50778,0.37327936,105.39679,-2.1522875,-0.56685525,40,19,1,9,0.02510172,0.017338242,8.589805,0.006256586,0.0025825717,0.0029931068,0.004433155059814453,0.005348976736241947,True
51788,-11,-0.9259626,-2.6190162,1,2,80.27073,544.4108,0.59398925,96.89098,-2.6184487,-0.92718005,50,24,1,9,0.0293399,0.02562254,14.407231,0.0043417006,0.0026588535,0.0005674362,0.0012174248695373535,0.0013431705680081005,True
51788,11,2.2222314,2.5852156,2,2,80.27073,544.4108,0.33278048,93.964264,2.5880723,2.2027068,49,21,1,11,0.034744583,0.011478245,8.56748,0.005295109,0.0030686948,0.0028567314,0.019524574279785156,0.019732458411352363,True
51789,11,2.4650779,2.409173,2,2,88.17302,495.33502,0.61669666,111.58721,2.4132805,2.4640758,52,22,1,11,0.020378608,0.01884787,9.360273,0.003754921,0.0030118914,0.0041074753,0.0010020732879638672,0.004227943134317747,True
51789,-11,-0.6839122,-2.4129615,1,2,88.17302,495.33502,0.60833305,96.8842,-2.4185433,-0.6787401,37,23,1,9,0.020762654,0.010405051,8.301977,0.0037686578,0.0029644805,-0.005581856,0.005172133445739746,0.007609735695275729,True
51790,11,0.85953265,1.8159624,2,2,59.95909,186.86603,0.21258128,75.03242,1.8136388,0.8633208,38,17,1,7,0.015607189,0.013200456,7.4999256,0.005544338,0.0028470631,-0.0023236275,0.003788173198699951,0.004444041019641252,True
51790,-11,-2.3023448,-1.7904263,1,2,59.95909,186.86603,0.21627854,74.56203,-1.7862829,-2.304296,44,25,1,9,0.020706607,0.012054175,10.292477,0.007739311,0.0029793726,0.0041433573,0.0019512176513671875,0.004579809984258349,True
51791,-11,1.4204218,-2.793513,1,2,26.120348,213.78017,0.71900094,27.350557,-2.7985263,1.4097295,52,29,1,7,0.04576576,0.0066509666,27.233154,0.0054030214,0.0025122012,-0.0050132275,0.010692358016967773,0.011809274704438079,True
51791,11,-1.7042745,2.789769,2,2,26.120348,213.78017,0.38758376,36.278652,2.8018568,-1.7012476,49,35,1,7,0.060296714,0.021063406,25.876646,0.006877829,0.0028174515,0.012087822,0.0030269622802734375,0.01246105720876762,True
51793,11,-2.5688825,-2.5407245,2,2,98.405624,618.0283,0.53467304,113.16115,-2.5424426,-2.5644479,52,38,1,9,0.021719083,0.021357441,19.266119,0.0034484905,0.0025858043,-0.0017180443,0.0044345855712890625,0.004755757073335651,True
51793,-11,0.56687397,2.507926,1,2,98.405624,618.0283,0.75301284,121.48788,2.5007474,0.5768083,46,32,1,11,0.02412714,0.023329208,9.54322,0.0040630833,0.0023585795,-0.007178545,0.009934306144714355,0.012256506286705646,True
51794,11,2.6485353,-2.3710093,2,2,5.671733,31.14211,0.9238152,12.173018,-2.3575382,2.652031,42,28,1,9,0.05836592,0.04162215,20.827171,0.0113130445,0.0041362355,0.013471127,0.0034956932067871094,0.013917295570982398,True
51794,-11,-0.61016065,2.4060793,1,2,5.671733,31.14211,0.014472468,13.253057,2.4270878,-0.6141396,44,27,1,7,0.060401008,0.031643547,19.202806,0.010546695,0.00393206,0.021008492,0.0039789676666259766,0.021381975850917202,True
51795,11,0.5729535,-2.1582973,2,2,42.667824,189.23514,0.038588714,56.75043,-2.1591275,0.57932943,44,18,1,9,0.022220736,0.018682424,11.103052,0.0053154314,0.0027262887,-0.0008301735,0.006375908851623535,0.006429727965610014,True
51795,-11,-2.5880983,2.1813436,1,2,42.667824,189.23514,0.99063027,49.49259,2.1805253,-2.574399,45,22,1,11,0.017265074,0.016381854,8.08917,0.0039838753,0.0025593275,-0.00081825256,0.01369929313659668,0.013723708307161037,True
51796,-11,-2.514072,-1.682111,1,2,13.706331,37.286224,0.46269035,12.245139,-1.6859637,-2.5513616,23,12,1,5,0.018451206,0.013572939,4.7621336,0.0074699214,0.002915857,-0.003852725,0.03728961944580078,0.037488120899125524,True
51796,11,0.7310391,1.6359373,2,2,13.706331,37.286224,0.055681318,17.621555,1.6348124,0.73789227,34,16,1,13,0.013085943,0.019938927,7.54022,0.0057097976,0.0025322884,-0.0011249781,0.006853163242340088,0.006944884596577952,True
51799,-11,-2.78926,2.6167898,1,2,34.36434,237.4123,0.48234746,43.576687,2.6240683,-2.786112,42,17,1,13,0.022299575,0.026446907,8.761545,0.0032664752,0.0029856535,0.0072784424,0.0031478404998779297,0.007929982555629806,True
51800,11,0.3788265,2.9234686,2,2,57.6474,538.33386,0.2527607,67.86146,2.919881,0.3911623,52,38,1,9,0.024754066,0.027929617,22.497654,0.002687443,0.0023532684,-0.0035874844,0.012335807085037231,0.012846874344127414,True
51800,-11,-2.7694688,-2.9253397,1,2,57.6474,538.33386,0.73313916,75.122635,-2.9181094,-2.771398,52,33,1,9,0.03425513,0.020081641,18.108316,0.0038978253,0.0029583701,0.007230282,0.0019292831420898438,0.0074832553325939145,True
51801,11,-1.1124923,2.4119544,2,2,48.97429,271.27097,0.28315985,61.971226,2.4107947,-1.1180265,52,28,1,9,0.027746256,0.022109674,10.864663,0.0051334337,0.0031270862,-0.001159668,0.005534172058105469,0.005654369121879122,True
51801,-11,2.0156431,-2.3817406,1,2,48.97429,271.27097,0.11419453,68.372986,-2.3958874,2.0142817,52,25,1,13,0.037303336,0.024338692,9.808451,0.0066729463,0.0022396895,-0.014146805,0.0013613700866699219,0.014212157161915378,True
51802,11,-1.2817392,1.7808051,2,2,87.22514,265.48175,0.45122162,111.3024,1.7845451,-1.2792059,35,15,1,9,0.014637533,0.013148269,5.426428,0.0052484563,0.0024900073,0.003739953,0.0025333166122436523,0.004517182986572259,True
51802,-11,1.8454992,-1.7753209,1,2,87.22514,265.48175,0.6204128,105.538185,-1.7765526,1.8450671,35,18,1,7,0.010932304,0.015899915,6.5601106,0.0040636524,0.0026598563,-0.0012316704,0.00043201446533203125,0.0013052388372766844,True
51805,11,2.1269064,1.750337,2,2,40.96938,123.90556,0.73216087,50.204006,1.747571,2.1255965,39,19,1,11,0.017513761,0.015544526,6.9312077,0.006740895,0.0029399816,-0.0027660131,0.0013098716735839844,0.003060488914233213,True
51805,-11,-1.045365,-1.7929016,1,2,40.96938,123.90556,0.35092467,50.237644,-1.7918829,-1.047393,44,25,1,9,0.015630992,0.0201896,10.52357,0.005673482,0.0026987945,0.0010187626,0.0020279884338378906,0.002269496473375989,True
51807,-11,-2.4160213,2.617769,1,2,54.56937,376.73047,0.2068634,68.91601,2.6221561,-2.4267244,41,27,1,11,0.029242426,0.014690808,9.4163685,0.004228966,0.0038294955,0.0043871403,0.010703086853027344,0.01156732760454099,True
51807,11,0.7351601,-2.6220782,2,2,54.56937,376.73047,0.13545567,60.65774,-2.6203032,0.72425777,49,22,1,11,0.0219727,0.020615214,8.728602,0.0033032703,0.0024789902,0.0017750263,0.010902345180511475,0.011045897375038421,True
51810,11,2.3433359,2.701467,2,2,72.51517,546.0139,0.3377172,95.45695,2.711062,2.3469791,47,30,1,11,0.02963712,0.023664435,10.993877,0.004017264,0.0029245822,0.009594917,0.0036432743072509766,0.010263327175512893,True
51810,-11,-0.80481344,-2.713689,1,2,72.51517,546.0139,0.9971275,63.129795,-2.7082372,-0.7790221,44,30,1,9,0.024242809,0.012693517,9.363942,0.003266472,0.0028103776,0.0054519176,0.02579134702682495,0.026361278174446223,True
51813,-11,-0.22283712,-2.4761739,1,2,82.99421,495.54855,0.35387138,103.61199,-2.4788365,-0.22200152,39,19,1,9,0.029342657,0.021346651,7.096356,0.0050234618,0.0033321003,-0.0026626587,0.0008355975151062012,0.0027906942709965384,True
51813,11,2.926051,2.4697504,2,2,82.99421,495.54855,0.6669988,95.09942,2.4691813,2.928442,39,25,1,9,0.02063638,0.018577773,7.7057004,0.0035376437,0.0029231578,-0.00056910515,0.0023910999298095703,0.002457893314237715,True
51816,-11,-0.3091291,1.4933597,1,2,98.19913,230.35742,0.9728114,101.46296,1.4957647,-0.30820447,41,16,1,7,0.008568338,0.015974978,7.3541813,0.004431555,0.0028473514,0.0024050474,0.0009246170520782471,0.0025766586415929995,True
51816,11,2.8496914,-1.5004787,2,2,98.19913,230.35742,0.7731964,114.27105,-1.5021058,2.8508935,42,14,1,7,0.009910329,0.01682288,9.452418,0.005039026,0.0024740046,-0.0016270876,0.0012021064758300781,0.0020229864064229674,True
51818,-11,2.4475875,-1.768278,1,2,34.45816,103.470024,0.26535112,41.20423,-1.7682011,2.4473968,49,17,1,9,0.013251521,0.01828553,10.649628,0.0049422244,0.0027014492,7.688999e-05,0.00019073486328125,0.00020564984537754712,True
51819,-11,-1.4356301,1.8101385,1,2,17.995914,56.942543,0.82728356,15.363705,1.8149706,-1.4081745,39,14,1,9,0.021049066,0.013433402,6.613775,0.0072638714,0.0027242966,0.0048321486,0.027455568313598633,0.02787755173628275,True
51819,11,1.7723823,-1.8284805,2,2,17.995914,56.942543,0.9579332,15.122292,-1.8252139,1.7363906,37,13,1,7,0.020704487,0.021910176,6.9338393,0.007372717,0.0029300994,0.003266573,0.035991668701171875,0.03613960037334841,True
51820,11,1.4200013,-2.6383085,2,2,62.254105,446.39355,0.86899316,84.700134,-2.6333163,1.4179336,44,30,1,11,0.030906728,0.023910068,13.402672,0.0046539633,0.0029865727,0.0049922466,0.0020676851272583008,0.005403503361361556,True
51822,11,0.3852761,1.7377815,2,2,19.3326,56.591637,0.8728374,22.324192,1.7422718,0.37646708,37,21,1,9,0.020958228,0.023310855,10.888482,0.00802699,0.0030041581,0.0044902563,0.008809030055999756,0.009887437131744097,True
51822,-11,-2.823783,-1.7359277,1,2,19.3326,56.591637,0.77158964,21.963034,-1.7376194,-2.8004231,38,19,1,7,0.025247276,0.023740215,19.022654,0.009478374,0.0027621496,-0.001691699,0.02335977554321289,0.023420951283337394,True
51825,11,0.4562339,2.7882135,2,2,56.47418,472.23727,0.54913485,66.39006,2.779322,0.4490632,49,17,1,7,0.022706488,0.0058028973,12.030242,0.002891171,0.001951607,-0.0088915825,0.007170677185058594,0.01142273407997663,True
51825,-11,-2.6930218,-2.83895,1,2,56.47418,472.23727,0.866787,67.44547,-2.8340883,-2.6894674,52,30,1,11,0.027688676,0.023877582,14.573714,0.0033772627,0.0026352387,0.0048615932,0.0035543441772460938,0.00602232947263761,True
51827,11,1.8332379,1.8310027,2,2,66.36253,212.66292,0.88825333,78.46099,1.8297634,1.8268993,39,25,1,9,0.030531924,0.026082654,9.696752,0.010837294,0.0028067166,-0.0012392998,0.006338596343994141,0.006458611889744847,True
51827,-11,-1.3261209,-1.8339005,1,2,66.36253,212.66292,0.9353758,80.96554,-1.8362172,-1.3165582,37,23,1,9,0.018877216,0.0149237225,7.0564723,0.0062956153,0.0029714652,-0.0023167133,0.00956261157989502,0.009839242899684948,True
51828,-11,-1.976617,1.6755111,1,2,6.405918,17.77561,0.9616145,7.9861426,1.6797627,-2.008276,31,17,1,11,0.027116975,0.031795893,8.838071,0.011090779,0.0026028538,0.0042515993,0.03165900707244873,0.031943212503640614,True
51832,-11,-0.30029237,-2.34747,1,2,32.150734,168.56386,0.4166372,40.210518,-2.3547559,-0.30993766,43,22,1,9,0.034641348,0.010848597,14.966434,0.0065839537,0.003076149,-0.0072858334,0.009645283222198486,0.01208779781892748,True
51832,11,2.8629472,2.3342252,2,2,32.150734,168.56386,0.8789863,23.852852,2.3362496,2.881672,41,14,1,7,0.030549223,0.0153776985,12.144582,0.0057473476,0.0025492378,0.0020244122,0.018724679946899414,0.01883379631489356,True
51836,-11,2.4735074,-2.6276765,1,2,3.6537097,25.838842,0.305463,8.415531,-2.6387172,2.4635253,52,31,1,9,0.048541967,0.022880942,27.403606,0.0067798714,0.0034617945,-0.011040688,0.009982109069824219,0.014884195725425296,True
51836,11,-0.52783924,2.662763,2,2,3.6537097,25.838842,0.19997595,11.368628,2.6453547,-0.5131104,51,26,1,5,0.045538004,0.050265785,19.508148,0.0067239907,0.0033135572,-0.017408371,0.014728844165802002,0.02280329420741926,True
51837,-11,-2.564279,2.5218127,1,2,36.32416,231.24428,0.71406335,46.27338,2.5277176,-2.5651314,50,17,1,9,0.025168434,0.025008343,10.283808,0.0039557973,0.003007262,0.005904913,0.0008523464202880859,0.005966111907597579,True
51839,11,0.52146095,-2.9384048,2,2,60.012436,560.5082,0.20445988,68.183495,-2.9389687,0.53370243,52,25,1,9,0.017065153,0.01975033,15.939294,0.0018003522,0.0011301647,-0.00056385994,0.012241482734680176,0.012254461945549898,True
51840,11,-2.1906726,-2.0785768,2,2,48.73851,195.31404,0.7412412,64.83301,-2.082789,-2.1914601,44,22,1,9,0.024431376,0.022702761,7.650056,0.0063039316,0.00213137,-0.004212141,0.0007874965667724609,0.00428512338755375,True
51840,-11,0.9319372,2.052326,1,2,48.73851,195.31404,0.25800595,59.082123,2.0503964,0.93305606,43,17,1,13,0.021080175,0.021086928,8.633457,0.005718982,0.003135775,-0.0019295216,0.0011188387870788574,0.0022304379901075468,True
51841,11,2.3597772,-1.8924059,2,2,41.143013,138.98868,0.9936629,48.63043,-1.8936638,2.3550067,41,16,1,9,0.016329763,0.011618364,6.593447,0.0052673924,0.0029616868,-0.0012578964,0.004770517349243164,0.0049335726599778786,True
51841,-11,-0.8088313,1.8833202,1,2,41.143013,138.98868,0.9715013,51.317287,1.8874924,-0.78693,52,22,1,7,0.026313068,0.031402174,9.098275,0.008486048,0.0029727814,0.004172206,0.021901249885559082,0.022295112681888718,True
51843,11,2.7208457,-2.0005503,2,2,96.82643,356.9419,0.69434917,112.66796,-1.9980943,2.7203903,41,18,1,11,0.01603017,0.01178917,7.9514594,0.0046379953,0.002835805,0.0024559498,0.0004553794860839844,0.002497810993193394,True
51843,-11,-0.43119693,1.9577185,1,2,96.82643,356.9419,0.040749375,129.5028,1.9578547,-0.42944494,44,23,1,9,0.018610893,0.016583772,8.797405,0.0056295856,0.0024924204,0.00013625622,0.0017519891262054443,0.0017572796178394426,True
51844,-11,-0.5757583,1.7560796,1,2,66.85322,199.1112,0.95664436,78.66573,1.7565925,-0.56753147,45,19,1,11,0.018668458,0.015427744,7.2324433,0.006972065,0.0029243536,0.0005129576,0.00822681188583374,0.008242788318422224,True
51844,11,2.584949,-1.7540624,2,2,66.85322,199.1112,0.84968996,83.98858,-1.7563403,2.5864072,34,14,1,9,0.013345169,0.015517334,5.328158,0.0050549186,0.0028355208,-0.002277851,0.0014581680297851562,0.002704599680370897,True
51845,11,2.6408234,-2.1412673,2,2,3.5054243,15.2740755,0.06455509,9.21697,-2.1331725,2.6519153,44,20,1,5,0.03909105,0.03796813,14.718448,0.009898433,0.00414957,0.008094788,0.011091947555541992,0.013731601757481296,True
51845,-11,-0.7420656,2.166781,1,2,3.5054243,15.2740755,0.12626101,11.730476,2.1733363,-0.77961075,40,18,1,15,0.03844745,0.039094042,18.734133,0.008834423,0.0039292746,0.006555319,0.03754514455795288,0.03811312222482717,True
51846,11,-2.0871181,1.9641376,2,2,87.063545,312.64737,0.2848345,104.31167,1.9640512,-2.0869575,45,21,1,9,0.016478509,0.019874714,8.524941,0.004856103,0.0027160023,-8.6307526e-05,0.00016069412231445312,0.0001824050161799509,True
51846,-11,1.0425407,-1.9392651,1,2,87.063545,312.64737,0.6127914,107.91004,-1.9394597,1.0417739,47,23,1,9,0.018491058,0.016853845,9.197356,0.0057479683,0.0025789854,-0.00019454956,0.000766754150390625,0.0007910508571831722,True
51849,-11,1.6959463,-1.6016867,1,2,25.081944,64.14544,0.70569843,28.56602,-1.6043066,1.6931248,38,20,1,7,0.017517833,0.023822157,8.691075,0.007930414,0.0030802863,-0.0026198626,0.0028215646743774414,0.003850312615825581,True
51849,11,-1.3848526,1.5817848,2,2,25.081944,64.14544,0.032028716,32.17157,1.5838429,-1.3877482,40,16,1,11,0.018410215,0.022697827,9.899834,0.008594036,0.0025367378,0.0020580292,0.0028955936431884766,0.0035524564220861003,True
51850,11,2.339271,2.1164837,2,2,98.28197,412.48212,0.9958796,115.00893,2.114864,2.3326437,51,21,1,9,0.017769163,0.016033506,8.248278,0.004440716,0.0026469668,-0.0016195774,0.006627321243286133,0.006822346941107875,True
51850,-11,-0.8112605,-2.109525,1,2,98.28197,412.48212,0.73810124,125.240105,-2.1131313,-0.81343013,43,24,1,11,0.017698623,0.017066352,7.294651,0.004415838,0.0023948674,-0.0036063194,0.0021696090698242188,0.004208650983579338,True
51852,11,-1.7671018,1.7690772,2,2,14.365958,43.32216,0.9825216,20.189949,1.7735583,-1.8027179,40,17,1,9,0.022696018,0.01954719,9.008608,0.008284931,0.0049816715,0.004481077,0.035616159439086914,0.03589694787038123,True
51852,-11,1.2866933,-1.7680373,1,2,14.365958,43.32216,0.4011583,19.09117,-1.7607528,1.2869358,37,14,1,5,0.021576619,0.018147841,9.688516,0.008347548,0.0022409747,0.007284522,0.00024247169494628906,0.007288556340798884,True
51853,-11,-0.1047588,1.9018086,1,2,21.509008,73.37098,0.31510884,35.241116,1.9010073,-0.10966961,44,27,1,7,0.031498134,0.029493988,19.262894,0.009876854,0.002661071,-0.00080132484,0.00491081178188324,0.0049757606316293375,True
51856,-11,2.879952,1.9136288,1,2,64.05651,220.97675,0.12770267,75.817566,1.9108819,2.8813708,52,21,1,9,0.013374281,0.01306717,7.6982856,0.004192042,0.0025415611,-0.0027469397,0.0014188289642333984,0.0030917233046779628,True
51856,11,-0.2446632,-1.905885,2,2,64.05651,220.97675,0.041324276,82.34639,-1.905961,-0.24228455,47,18,1,9,0.014599503,0.014882261,9.096612,0.004674778,0.0028937522,-7.605553e-05,0.0023786425590515137,0.002379858161083939,True
51857,11,-2.4262793,-2.1564367,2,2,7.010643,30.776922,0.11028418,11.046779,-2.1611433,-2.4213648,44,22,1,9,0.029322904,0.032892432,14.284795,0.0070158215,0.0030013167,-0.004706621,0.004914522171020508,0.006804763808991992,True
51857,-11,0.5955975,2.1632478,1,2,7.010643,30.776922,0.26527083,15.936262,2.1763275,0.5856657,45,31,1,7,0.034201995,0.034969732,30.095072,0.0078416895,0.0033535222,0.013079643,0.009931802749633789,0.016423086791422424,True
51860,-11,-0.6994182,1.6911829,1,2,30.353865,84.88767,0.9374273,33.719578,1.6915269,-0.6914293,37,14,1,5,0.01717237,0.01600912,7.2548985,0.0070493524,0.0028862942,0.000344038,0.00798887014389038,0.007996274653113325,True
51860,11,2.487453,-1.684861,2,2,30.353865,84.88767,0.3307546,37.285915,-1.6820602,2.4880726,42,14,1,7,0.015907308,0.01670295,9.434051,0.0066444236,0.0028001019,0.002800703,0.0006196498870849609,0.002868432315307392,True
51864,11,2.0075734,2.8532534,2,2,72.08895,616.15234,0.08580809,69.86521,2.861944,1.9936945,48,32,1,11,0.030972097,0.017909128,12.899649,0.0037372704,0.00209725,0.008690596,0.013878822326660156,0.016375230216717062,True
51864,-11,-1.1398976,-2.8176737,1,2,72.08895,616.15234,0.9972033,92.80813,-2.820667,-1.1354045,52,30,1,11,0.034315746,0.023671238,12.952961,0.0041501997,0.0025102722,-0.0029933453,0.004493117332458496,0.005398909112998644,True
51868,-11,2.2304988,1.8242738,1,2,14.927536,47.502754,0.2649655,17.171928,1.8201379,2.2177415,46,16,1,9,0.02304476,0.014176447,16.938457,0.00818094,0.0036434436,-0.0041359663,0.012757301330566406,0.01341100122232685,True
51868,11,-0.8314919,-1.8263755,2,2,14.927536,47.502754,0.15905648,22.092518,-1.8248544,-0.83228606,36,22,1,7,0.020259729,0.01884203,10.326133,0.007076956,0.003120442,0.0015211105,0.0007941722869873047,0.0017159507219312912,True
51870,-11,-2.5793564,-2.0209258,1,2,39.997837,150.43958,0.96429163,50.42746,-2.0167272,-2.5756657,38,15,1,9,0.0189757,0.017460985,6.360019,0.0054658046,0.0027502147,0.004198551,0.0036907196044921875,0.005590102232134407,True
51870,11,0.5869941,1.9790572,2,2,39.997837,150.43958,0.8356303,50.352757,1.9816569,0.5866072,46,16,1,9,0.01900561,0.014182967,8.152348,0.005452839,0.0034609572,0.0025997162,0.00038689374923706055,0.002628347584257203,True
51871,11,-2.9559898,-2.2552924,2,2,57.801533,283.0605,0.09997574,67.49492,-2.2566693,-2.9570374,48,24,1,11,0.024293058,0.014764217,9.77987,0.0052094692,0.0030726362,-0.0013768673,0.0010476112365722656,0.0017301019600861065,True
51871,-11,0.17265442,2.2873971,1,2,57.801533,283.0605,0.092583284,74.52205,2.2821107,0.16905248,52,28,1,9,0.03384404,0.024509879,14.020989,0.0073544746,0.003322877,-0.005286455,0.003601938486099243,0.0063969186680568925,True
51874,-11,-1.282707,-2.3766868,1,2,30.772799,169.25809,0.07041551,45.30627,-2.375927,-1.2880242,43,19,1,9,0.034785163,0.02200268,10.173102,0.0067521716,0.003264184,0.00075984,0.005317211151123047,0.005371228096892788,True
51874,11,1.8804644,2.4026742,2,2,30.772799,169.25809,0.13642102,39.830364,2.4043856,1.8725542,46,27,1,9,0.029744621,0.026090562,12.510609,0.0054169917,0.0029348026,0.0017113686,0.00791025161743164,0.008093260344381849,True
51875,-11,-2.6535027,2.9441738,1,2,58.01228,549.2724,0.3075042,64.992355,2.9496791,-2.6515157,52,16,1,11,0.02854819,0.0026798754,12.640756,0.003140389,0.0014090732,0.0055053234,0.001986980438232422,0.005852920347945793,True
51875,11,0.49458963,-2.932438,2,2,58.01228,549.2724,0.72119814,48.39275,-2.9182644,0.47028,52,32,1,13,0.046262745,0.013343211,19.593452,0.005220887,0.0027243586,0.014173508,0.024309635162353516,0.02813977040310431,True
51876,11,-1.3706741,-2.3714967,2,2,24.035397,129.59598,0.78336996,34.23098,-2.3706708,-1.3484559,51,26,1,9,0.042144354,0.025305782,21.331898,0.008002325,0.0035514503,0.00082588196,0.02221822738647461,0.02223357167001409,True
51876,-11,1.7427272,2.3672311,1,2,24.035397,129.59598,0.45758548,34.119747,2.3739133,1.7363727,43,25,1,9,0.031373605,0.030938016,10.827167,0.00589597,0.003133268,0.0066821575,0.0063544511795043945,0.009221186336185962,True
51877,-11,-0.59118134,1.4877412,1,2,42.77621,100.230675,0.97814894,45.755585,1.4917064,-0.58972406,50,13,1,5,0.009181413,0.016619159,8.889571,0.00473689,0.0023437697,0.0039651394,0.0014572739601135254,0.004224450096992218,True
51877,11,2.590024,-1.5037351,2,2,42.77621,100.230675,0.8997058,50.27634,-1.5048008,2.5903306,44,14,1,7,0.008884615,0.019228991,6.081167,0.0045221364,0.0026512658,-0.001065731,0.0003066062927246094,0.001108959010358024,True
51882,-11,-1.5267048,-1.5038743,1,2,62.71083,146.11398,0.9170274,68.33357,-1.5057317,-1.5233223,27,14,1,7,0.007741068,0.016663307,5.0715084,0.0039672274,0.0030357633,-0.0018573999,0.003382444381713867,0.0038588683099839813,True
51883,-11,0.36547625,1.9610504,1,2,20.807432,76.644104,0.94479555,24.53951,1.9655194,0.36082846,37,15,1,5,0.023983587,0.031489633,6.978892,0.007048888,0.0029407947,0.004469037,0.004647791385650635,0.006447810280451103,True
51884,-11,-0.113186255,-1.4883008,1,2,54.944405,125.8806,0.82777894,60.089745,-1.4906663,-0.11397831,45,14,1,7,0.009352627,0.014415515,10.07274,0.0049177334,0.0027019526,-0.00236547,0.0007920563220977783,0.0024945542871031238,True
51885,-11,-2.7212842,1.5923023,1,2,22.476265,57.647007,0.2635118,28.031439,1.5926149,-2.7224653,45,16,1,7,0.013284005,0.012037671,13.072255,0.006204753,0.0027348697,0.00031256676,0.0011811256408691406,0.0012217838422676922,True
51885,11,0.48794436,-1.5973634,2,2,22.476265,57.647007,0.52712256,31.586731,-1.5969627,0.48828125,46,19,1,5,0.019755693,0.025496472,10.337748,0.009280093,0.0028581321,0.00040066242,0.0003368854522705078,0.0005234712833563939,True
51886,11,-0.07076742,2.1359925,2,2,87.888405,370.9344,0.8956536,100.29152,2.132864,-0.07376528,46,18,1,13,0.022166634,0.016697358,8.689822,0.005566148,0.0022488935,-0.0031285286,0.002997860312461853,0.004332996353011339,True
51886,-11,3.060862,-2.1018612,1,2,87.888405,370.9344,0.9905253,101.874794,-2.1036496,3.0646086,46,21,1,11,0.0148128765,0.013802562,6.711103,0.0037930866,0.0024666798,-0.0017883778,0.003746509552001953,0.004151461042265149,True
51888,-11,0.08985978,-2.403508,1,2,67.32462,375.76785,0.13970336,81.8724,-2.4080167,0.08511229,49,25,1,9,0.03658204,0.025695218,15.151065,0.0067923637,0.0025919338,-0.0045087337,0.004747495055198669,0.006547319242650204,True
51889,-11,-0.12497639,2.123001,1,2,12.998705,55.69648,0.09187055,17.556562,2.1212876,-0.12916163,37,15,1,7,0.019397803,0.011889135,6.3559966,0.0047410075,0.0026831313,-0.0017135143,0.004185236990451813,0.004522426335682435,True
51889,11,3.0828485,-2.146123,2,2,12.998705,55.69648,0.17544146,17.417305,-2.1450696,3.0803547,43,14,1,9,0.025103781,0.022534458,14.303488,0.0063116658,0.0030045242,0.0010533333,0.0024938583374023438,0.0027071831136795473,True
51890,11,0.8517319,-2.6840634,2,2,27.64747,200.90137,0.24999313,39.398434,-2.6817224,0.8520015,51,27,1,7,0.04107109,0.031700294,15.403677,0.005831578,0.0032739828,0.002341032,0.0002695918083190918,0.0023565039026743227,True
51890,-11,-2.3079045,2.6594362,1,2,27.64747,200.90137,0.7591201,39.11167,2.6536613,-2.3147717,46,32,1,9,0.03366837,0.020384256,30.892275,0.0047571408,0.0029151784,-0.005774975,0.006867170333862305,0.008972645227198397,True
51892,11,2.458054,-1.927663,2,2,41.355343,146.0562,0.9588702,45.76873,-1.9305542,2.4487474,43,18,1,9,0.0206249,0.016254097,8.386072,0.0062872735,0.0025737174,-0.002891183,0.009306669235229492,0.009745410749901035,True
51892,-11,-0.7091657,1.9409655,1,2,41.355343,146.0562,0.35162258,52.667435,1.9408877,-0.71040076,37,23,1,7,0.024421787,0.014584603,7.5696287,0.007462474,0.0035260483,-7.7843666e-05,0.0012350678443908691,0.001237518572222883,True
51893,11,0.53302395,-2.6009517,2,2,35.471447,241.27356,0.982083,42.794228,-2.5931087,0.54051816,46,25,1,9,0.033870343,0.026450481,13.551013,0.0053323284,0.0030138395,0.007843018,0.007494211196899414,0.010847862747772498,True
51893,-11,-2.6235857,2.6088886,1,2,35.471447,241.27356,0.9670155,41.764133,2.6078224,-2.6183116,44,18,1,11,0.024915446,0.022073556,8.442102,0.003715877,0.0033470115,-0.0010662079,0.005274057388305664,0.005380750931864472,True
51898,11,2.4878716,-2.975614,2,2,25.21506,252.45789,0.9990606,16.945086,-2.9895604,2.4982176,49,8,3,9,0.009749587,0.0077027204,33.62778,0.00096756424,0.00014085263,-0.013946295,0.010345935821533203,0.017364835910076797,True
51899,11,0.8121561,-2.026068,2,2,81.333435,309.72263,0.9980625,94.53513,-2.027351,0.80825967,52,27,1,9,0.01576065,0.018913401,9.789123,0.004371188,0.002729846,-0.0012829304,0.0038964152336120605,0.004102189898186802,True
51899,-11,-2.3414445,1.9992702,1,2,81.333435,309.72263,0.5871745,100.32529,1.9993532,-2.342627,43,20,1,11,0.0208017,0.022089522,10.494516,0.00602633,0.003048107,8.2969666e-05,0.00118255615234375,0.0011854632085576396,True
51900,-11,-2.9602737,-2.8558068,1,2,49.028362,417.9887,0.88369983,56.68464,-2.8602626,-2.9703307,52,32,1,9,0.034360982,0.021826293,15.867003,0.003911247,0.0033456727,-0.004455805,0.01005697250366211,0.01099985874998141,True
51900,11,0.18994743,2.8102202,2,2,49.028362,417.9887,0.74945676,58.190495,2.808523,0.190442,51,26,1,11,0.029683068,0.020776823,15.635783,0.0035723685,0.0027155962,-0.0016973019,0.0004945695400238037,0.001767889304433998,True
51902,-11,-1.7997682,-2.3999224,1,2,29.484077,163.64578,0.4043911,43.222523,-2.4019947,-1.7940848,52,25,1,9,0.027832732,0.026568616,11.304766,0.0050488478,0.0033234376,-0.0020723343,0.005683422088623047,0.006049450887898529,True
51902,11,1.3641249,2.3976898,2,2,29.484077,163.64578,0.42790487,40.112904,2.3996105,1.366999,48,25,1,7,0.030395797,0.024928337,11.982461,0.00551022,0.0032354777,0.0019207001,0.002874135971069336,0.0034568405157813136,True
51906,11,1.557749,-1.7257035,2,2,36.759754,106.9647,0.17463315,44.85061,-1.7239757,1.5652959,41,18,1,7,0.020772645,0.016506774,11.448885,0.00837869,0.0030306866,0.0017278194,0.007546901702880859,0.0077421628297811036,True
51906,-11,-1.6195904,1.7350546,1,2,36.759754,106.9647,0.3117964,39.51155,1.7344668,-1.6253967,37,15,1,9,0.012138224,0.017274272,7.99498,0.0046966076,0.0030733594,-0.000587821,0.005806326866149902,0.005836005928575565,True
51911,11,-1.5115341,-1.4885544,2,2,48.20325,113.342834,0.41128197,53.289513,-1.489935,-1.5105065,39,13,1,5,0.008211856,0.012350153,6.2767496,0.004229003,0.002438561,-0.001380682,0.0010275840759277344,0.0017211077067174727,True
51911,-11,1.5950375,1.5107062,1,2,48.20325,113.342834,0.23549463,56.142883,1.5107023,1.5936246,25,13,1,5,0.008603784,0.011733221,4.6558356,0.0043650926,0.0031177502,-3.9339066e-06,0.0014128684997558594,0.0014128739764123189,True
51914,-11,-0.020408152,2.3078642,1,2,16.10194,80.89514,0.83835536,29.050194,2.2943447,-0.013631885,38,20,1,7,0.043653633,0.030508347,11.19124,0.009322409,0.003441549,-0.0135195255,0.006776266731321812,0.01512267705329245,True
51914,11,-3.116778,-2.2870312,2,2,16.10194,80.89514,0.07389261,24.9355,-2.2791538,-3.1206918,38,21,1,7,0.02672616,0.016118795,10.459541,0.0057776296,0.002883556,0.00787735,0.00391387939453125,0.008796083937163114,True
51915,11,-2.9234664,-2.347002,2,2,33.152664,172.08432,0.15778288,45.367046,-2.3445787,-2.9361901,42,23,1,7,0.038116746,0.022826562,15.42431,0.0075214636,0.0027848233,0.0024232864,0.012723684310913086,0.012952392041793428,True
51920,11,1.5721953,2.9893038,2,2,58.71142,580.36694,0.09699754,31.1809,2.9916368,1.5983433,52,17,1,11,0.028518654,0.0036595287,28.372889,0.0028887605,0.0023954515,0.0023329258,0.026147961616516113,0.026251827353804776,True
51920,-11,-1.5757145,-2.9739692,1,2,58.71142,580.36694,0.044062767,28.25734,-2.987896,-1.5631344,46,7,1,7,0.015733965,0.0079827355,11.622132,0.0015999959,0.00036315498,-0.013926744,0.012580037117004395,0.018767299924503267,True
51921,11,2.4427986,-1.759615,2,2,35.80345,106.13168,0.5728839,44.915596,-1.7589376,2.4437897,34,18,1,9,0.014044595,0.021932647,6.550211,0.0053515853,0.0025272542,0.0006773472,0.0009911060333251953,0.0012004542373284725,True
51921,-11,-0.73471814,1.7406639,1,2,35.80345,106.13168,0.0034971435,41.620766,1.7396902,-0.7351953,36,15,1,9,0.013938362,0.015885836,6.7671623,0.00539367,0.0028545363,-0.0009737015,0.00047713518142700195,0.0010843212382713211,True
51931,-11,1.228444,-2.545041,1,2,58.933937,380.5872,0.057408728,67.48591,-2.548614,1.2342455,47,29,1,11,0.022733923,0.017546974,8.658562,0.00364262,0.0028953168,-0.0035729408,0.005801558494567871,0.00681351501705172,True
51931,11,-1.9035896,2.5598154,2,2,58.933937,380.5872,0.060219787,68.0804,2.5546634,-1.9024664,46,30,1,9,0.03722001,0.031542458,13.204076,0.00598018,0.0036274556,-0.005151987,0.001123189926147461,0.005272999838054143,True
51936,11,2.802783,-1.5968828,2,2,89.21146,230.76598,0.5787079,109.62096,-1.597485,2.8031697,37,15,1,9,0.010952731,0.011031518,6.4817133,0.005016597,0.0027670588,-0.0006021261,0.0003867149353027344,0.000715614626173376,True
51939,11,-2.6768837,-1.5135604,2,2,92.61271,219.84021,0.91813403,75.49326,-1.5172002,-2.6899505,43,16,1,5,0.011167512,0.028295636,9.536791,0.005593276,0.0026284733,-0.0036398172,0.013066768646240234,0.013564243879556083,True
51939,-11,0.44669366,1.5064236,1,2,92.61271,219.84021,0.99850655,107.4321,1.5083976,0.44851413,47,14,1,5,0.00882596,0.016957076,7.807008,0.004578098,0.0025011997,0.0019739866,0.0018204748630523682,0.002685284325937235,True
51940,-11,-2.9152203,2.9219048,1,2,3.3361437,30.320932,0.16273148,10.222154,2.9249563,-2.9157405,52,38,1,7,0.03563285,0.038168896,53.037304,0.003889811,0.0021028551,0.0030515194,0.0005202293395996094,0.003095546659382183,True
51941,11,-1.4855433,-2.7730744,2,2,16.686941,132.1336,0.5594267,20.259552,-2.7710745,-1.4958913,49,10,3,9,0.050272293,0.005907517,17.39282,0.00638181,0.003228076,0.001999855,0.010348081588745117,0.010539554675333976,True
51941,-11,1.6287103,2.7438529,1,2,16.686941,132.1336,0.13710496,22.382002,2.7376888,1.6464146,52,22,1,9,0.023979263,0.02084928,16.16191,0.003167703,0.0016258581,-0.006164074,0.017704367637634277,0.018746744805682124,True
51942,-11,-0.8738423,-1.5814162,1,2,41.55136,104.44072,0.085820116,49.154453,-1.5828922,-0.87683946,43,16,1,7,0.013498276,0.013360594,6.0162497,0.0062331227,0.0031211555,-0.0014759302,0.002997159957885742,0.0033408588579908393,True
51942,11,2.3052275,1.5641594,2,2,41.55136,104.44072,0.9919088,50.03291,1.5630674,2.305667,43,15,1,9,0.01346387,0.01694776,6.779737,0.0066699465,0.0029573578,-0.0010919571,0.0004394054412841797,0.0011770503104039341,True
51945,-11,-2.1069584,1.6013061,1,2,31.533121,81.17811,0.6172862,22.648087,1.600251,-2.0790253,40,14,1,9,0.01880746,0.02330938,12.851867,0.00862461,0.0029237075,-0.0010551214,0.027933120727539062,0.027953041243840217,True
51946,11,-1.1946312,-2.013219,2,2,15.1508045,57.38908,0.785233,23.63346,-2.0132134,-1.1927996,40,20,1,7,0.031105047,0.025443273,10.219472,0.008699071,0.003114883,5.722046e-06,0.001831650733947754,0.0018316596717132278,True
51946,-11,1.8821825,2.001261,1,2,15.1508045,57.38908,0.2937337,23.24989,1.9984093,1.8819796,43,21,1,9,0.02651792,0.032251533,10.525192,0.007755384,0.0025055849,-0.0028517246,0.0002028942108154297,0.0028589332518759026,True
51950,-11,-1.9736956,-1.7507948,1,2,44.34323,130.96974,0.81248844,54.123478,-1.7515727,-1.9836472,46,18,1,9,0.014846088,0.029173514,7.2337236,0.0057676295,0.0028418014,-0.0007779598,0.009951591491699219,0.009981953451344536,True
51950,11,1.1970128,1.7416534,2,2,44.34323,130.96974,0.8339227,51.138916,1.7444122,1.2003767,52,28,1,7,0.01709535,0.019036444,12.738282,0.0065237507,0.0028451977,0.0027587414,0.003363966941833496,0.004350508881030037,True
51951,11,2.255383,-1.5302083,2,2,99.61197,238.63507,0.5206058,107.37682,-1.5296879,2.2547064,27,14,1,7,0.010249142,0.017060416,4.948993,0.0050810752,0.0027847134,0.00052046776,0.0006766319274902344,0.0008536494904834905,True
51951,-11,-0.9027786,1.5101067,1,2,99.61197,238.63507,0.7134103,116.25011,1.5129904,-0.9021805,50,16,1,5,0.009532379,0.013159798,6.172866,0.0048096715,0.002861583,0.0028836727,0.0005981326103210449,0.0029450519325642226,True
51953,11,2.2607546,2.3817348,2,2,48.80025,266.04877,0.438209,62.757805,2.3835204,2.2593784,52,26,1,9,0.031698056,0.0187188,13.666007,0.0058760517,0.00323244,0.0017855167,0.0013761520385742188,0.0022542990931308693,True
51953,-11,-0.89461786,-2.3794253,1,2,48.80025,266.04877,0.9691131,69.97054,-2.3704855,-0.87577885,47,23,1,9,0.028845679,0.033238713,14.387565,0.0057044574,0.002424459,0.008939743,0.018839001655578613,0.020852505494490647,True
51957,11,1.6341529,1.7714963,2,2,57.44898,168.79536,0.2541779,75.34988,1.7687898,1.6337367,40,26,1,9,0.012865865,0.011790331,10.487919,0.0046999916,0.0025278754,-0.0027065277,0.00041615962982177734,0.0027383354583176613,True
51957,-11,-1.5300595,-1.7108982,1,2,57.44898,168.79536,0.08660092,72.799934,-1.7101781,-1.5340588,34,16,1,9,0.014662232,0.009197272,6.145803,0.005804141,0.0030273658,0.0007200241,0.00399935245513916,0.004063650425148027,True
51958,11,-2.5340385,-2.9477494,2,2,17.489187,168.0062,0.0021452606,24.081453,-2.938661,-2.5246084,50,14,3,9,0.029248169,0.00665518,32.00697,0.0030654697,0.0015315822,0.009088278,0.009430170059204102,0.013096751577127787,True
51958,-11,0.5860048,2.9580047,1,2,17.489187,168.0062,0.50486225,28.966112,2.9410284,0.5838482,52,38,1,9,0.05438889,0.039394647,36.02262,0.006008314,0.0027779858,-0.016976357,0.0021566152572631836,0.017112792970199027,True
51959,11,-0.38271195,2.0056152,2,2,41.96479,160.8246,0.55476856,47.795486,2.0091667,-0.37993038,37,23,1,11,0.019214623,0.019451747,7.352553,0.0054360568,0.0029869932,0.0035514832,0.0027815699577331543,0.004511115607587341,True
51959,-11,2.7357843,-2.032949,1,2,41.96479,160.8246,0.04216178,52.474327,-2.0294993,2.7272246,45,23,1,11,0.01546111,0.01676406,8.322751,0.0042677755,0.0026406525,0.0034496784,0.008559703826904297,0.009228694989578892,True
51961,11,3.039228,2.0066578,2,2,73.16286,275.7985,0.16168481,84.50954,2.006965,3.0428154,48,16,1,9,0.015744478,0.017261988,7.2300243,0.0045018117,0.0024733217,0.00030708313,0.003587484359741211,0.0036006032939004027,True
51961,-11,-0.115885116,-1.9974871,1,2,73.16286,275.7985,0.7169076,84.892296,-1.9975183,-0.11840277,44,17,1,9,0.014599528,0.01399182,6.364195,0.0041505154,0.002505445,-3.1232834e-05,0.0025176554918289185,0.0025178492141999654,True
51964,11,-2.2972622,-2.895124,2,2,94.48238,861.8446,0.27253354,115.61181,-2.8942347,-2.2864976,52,38,1,11,0.023853717,0.027495462,16.074987,0.002646599,0.0021281615,0.0008893013,0.010764598846435547,0.010801270532995183,True
51964,-11,0.8401664,2.9064915,1,2,94.48238,861.8446,0.95912546,109.21108,2.9108927,0.8340401,51,22,1,11,0.023946173,0.022301683,13.598628,0.002627996,0.001937814,0.004401207,0.006126284599304199,0.007543340432251804,True
51965,-11,2.3489275,2.0189052,1,2,28.323763,108.544014,0.83525634,35.9173,2.011399,2.3450112,37,23,1,9,0.03376718,0.02338947,8.822644,0.0098656565,0.0024535097,-0.007506132,0.003916263580322266,0.00846635331770757,True
51966,-11,2.4165237,2.1009438,1,2,59.521717,243.58704,0.1506103,79.625626,2.0952778,2.421483,36,22,1,9,0.024128227,0.01684914,7.153308,0.0064626313,0.0026915,-0.0056660175,0.0049593448638916016,0.007529864311778402,True
51966,11,-0.7098767,-2.0732982,2,2,59.521717,243.58704,0.86043066,73.23414,-2.0759184,-0.7214073,40,24,1,9,0.019797612,0.021098498,8.14188,0.005090053,0.0028629506,-0.0026202202,0.011530578136444092,0.011824541671778196,True
51968,11,2.1471188,-2.7486794,2,2,77.03359,611.4723,0.6731004,97.65485,-2.7467797,2.1328955,52,27,1,11,0.032560468,0.016668528,10.596831,0.004284228,0.0034374597,0.0018997192,0.014223337173461914,0.01434964297584715,True
51968,-11,-1.0004673,2.7730424,1,2,77.03359,611.4723,0.4492469,58.840576,2.7836711,-1.033438,49,21,1,11,0.04820842,0.0067675184,11.363672,0.005726129,0.002698322,0.0106287,0.03297066688537598,0.034641508961016955,True
51969,-11,-1.3341937,-1.7295809,1,2,86.92721,251.04713,0.87362987,102.760185,-1.7309774,-1.3329487,52,17,1,9,0.010663638,0.01346825,9.421626,0.0041597704,0.0027997917,-0.0013965368,0.0012450218200683594,0.0018709341360223406,True
51969,11,1.822636,1.7150961,2,2,86.92721,251.04713,0.087375335,107.751724,1.7167546,1.8224372,47,14,1,9,0.012305724,0.01246665,6.274326,0.0049808915,0.0028271948,0.0016584396,0.00019884109497070312,0.0016703172776659522,True
51970,11,2.684825,-2.615528,2,2,49.343872,339.2306,0.53073424,52.1942,-2.609941,2.66236,47,28,1,9,0.031066906,0.012871995,9.7268095,0.004725718,0.0029326791,0.005587101,0.022464990615844727,0.02314933049468418,True
51970,-11,-0.46747962,2.6158445,1,2,49.343872,339.2306,0.81849384,70.86997,2.60463,-0.4605027,44,26,1,7,0.033946905,0.024690758,12.367117,0.0049937633,0.0036720906,-0.011214495,0.006976902484893799,0.013207651817830728,True
51971,-11,-0.2293338,1.6175804,1,2,4.035122,10.47997,0.8885119,3.0681133,1.6173048,-0.2209171,39,15,1,17,0.033542242,0.04446719,9.759366,0.015029161,0.0025966528,-0.00027561188,0.008416697382926941,0.00842120874594354,True
51971,11,-2.9997685,-1.6097072,2,2,4.035122,10.47997,0.27898276,6.560892,-1.6122265,-2.9702923,52,12,1,7,0.03365938,0.0235181,22.895391,0.015410459,0.002305232,-0.00251925,0.029476165771484375,0.02958362669788445,True
51972,11,0.6159326,-1.9971138,2,2,70.13007,273.87183,0.045524716,78.59483,-2.0008824,0.616618,49,20,1,13,0.017987674,0.01677479,8.853685,0.005142095,0.0033316303,-0.0037685633,0.0006853938102722168,0.0038303829666943676,True
51974,-11,1.0936332,2.3893452,1,2,46.868534,259.11703,0.9819165,60.64968,2.3825786,1.0920748,43,16,1,13,0.022962231,0.023328038,7.9793525,0.0044135754,0.00279414,-0.0067665577,0.0015584230422973633,0.006943701094256976,True
51974,11,-2.0338416,-2.4003007,2,2,46.868534,259.11703,0.08786555,61.655804,-2.4047046,-2.028359,48,29,1,11,0.02518918,0.01697686,10.674646,0.0046261684,0.0036541976,-0.0044038296,0.005482673645019531,0.007032312995909112,True
51976,11,0.88678646,-2.4783423,2,2,62.732346,373.09955,0.5403783,79.215256,-2.4702027,0.8836878,52,26,1,13,0.027253808,0.023459988,10.418649,0.004821887,0.002514727,0.00813961,0.0030986666679382324,0.008709477015938176,True
51980,11,1.2560757,-2.1965306,2,2,55.32866,249.76836,0.95951015,65.31376,-2.1910427,1.2496413,44,23,1,9,0.023626382,0.017153261,9.882907,0.0057040392,0.0027560706,0.005487919,0.006434440612792969,0.00845690718393183,True
51981,11,0.17493907,-1.5867611,2,2,38.604546,97.83919,0.9415578,44.565136,-1.5866193,0.1638152,34,17,1,7,0.010456653,0.014928666,6.163558,0.004850336,0.002189365,0.00014185905,0.011123865842819214,0.011124770347310645,True
51981,-11,-3.0065937,1.5767723,1,2,38.604546,97.83919,0.82753557,36.5446,1.5774312,-3.0204098,41,17,1,7,0.011372456,0.017155435,8.352334,0.0053859074,0.0028253153,0.00065886974,0.013816118240356445,0.013831819567793587,True
51983,11,3.007398,2.5689554,2,2,42.55318,285.74194,0.44716358,39.08364,2.5734425,2.973115,46,23,1,7,0.050728813,0.033443052,15.875925,0.007818956,0.0034471327,0.0044870377,0.03428292274475098,0.034575313418154056,True
51983,-11,-0.14691089,-2.6153963,1,2,42.55318,285.74194,0.16648872,56.457577,-2.6182504,-0.14804693,49,33,1,11,0.0316235,0.017869487,17.050344,0.004639939,0.0025950023,-0.0028541088,0.0011360347270965576,0.003071890688292436,True
51984,11,1.4398073,-1.683825,2,2,91.14409,258.4469,0.9716808,103.590225,-1.6866502,1.4328976,39,16,1,9,0.013672949,0.017483909,6.147783,0.0055432557,0.0033731032,-0.002825141,0.006909728050231934,0.007464969086318498,True
51984,-11,-1.716602,1.722121,1,2,91.14409,258.4469,0.36943537,119.41922,1.7188451,-1.716819,42,28,1,7,0.021566503,0.014957263,9.512971,0.008846221,0.0024973217,-0.0032758713,0.00021708011627197266,0.0032830559543521845,True
51985,-11,2.2828755,2.6085608,1,2,75.11326,507.65707,0.61178434,92.67781,2.611333,2.283858,47,27,1,11,0.030627731,0.03027051,13.713907,0.004457726,0.0035295088,0.0027720928,0.000982522964477539,0.002941062796331753,True
51985,11,-0.8516231,-2.588424,2,2,75.11326,507.65707,0.051189158,92.816086,-2.5816739,-0.84614414,50,20,1,11,0.025679134,0.019201592,10.573918,0.0040680757,0.002222023,0.006750107,0.005478978157043457,0.008693856659293068,True
51986,11,-2.621244,2.2733834,2,2,35.935364,179.18796,0.71991056,50.599815,2.2756622,-2.6262345,42,22,1,9,0.029275537,0.02977168,9.898165,0.006263051,0.0039947596,0.0022788048,0.004990577697753906,0.005486238852891714,True
51986,-11,0.49994445,-2.3062394,1,2,35.935364,179.18796,0.6981267,40.97925,-2.301762,0.5037871,42,20,1,9,0.024745625,0.01282557,10.628118,0.005276143,0.002470353,0.0044772625,0.003842651844024658,0.005900157036797347,True
51987,-11,-0.7350928,2.9624038,1,2,77.94231,766.15857,0.0188557,56.642727,2.9824524,-0.74376273,52,12,1,13,0.011724365,0.0060981065,10.111469,0.0011925382,0.00013938383,0.020048618,0.008669912815093994,0.021842950409267002,True
51987,11,2.4110763,-2.989728,2,2,77.94231,766.15857,0.005801217,54.00829,-2.9848585,2.4127502,52,19,1,11,0.0181526,0.026145047,21.874607,0.0018490566,0.0016991675,0.004869461,0.0016739368438720703,0.0051491470718890925,True
51990,11,0.6068242,2.2420568,2,2,63.61866,301.7958,0.8642201,83.133484,2.2360623,0.60032785,42,26,1,9,0.0256613,0.019280372,8.63217,0.0058498555,0.0025471076,-0.0059945583,0.0064963698387146,0.008839544656765681,True
51990,-11,-2.5469267,-2.2353513,1,2,63.61866,301.7958,0.73300564,79.14475,-2.23586,-2.5438056,35,14,1,9,0.013529887,0.014156105,7.070945,0.0029809559,0.0027956953,-0.00050878525,0.0031211376190185547,0.0031623349704347423,True
51996,-11,0.20279002,-2.8865557,1,2,16.57809,149.48924,0.20589112,27.283916,-2.8876143,0.18842617,52,38,1,9,0.04738071,0.04652057,34.09635,0.004996841,0.0029218062,-0.0010585785,0.014363855123519897,0.014402809532571179,True
51998,-11,2.4343612,1.6884884,1,2,74.37988,209.46304,0.9956023,90.65352,1.6889954,2.4394393,46,16,1,11,0.0137586985,0.015357557,7.5246167,0.0056439457,0.0022505168,0.0005069971,0.00507807731628418,0.005103323944639939,True
51998,11,-0.688896,-1.7023575,2,2,74.37988,209.46304,0.34870878,89.77207,-1.699142,-0.6887986,48,23,1,9,0.021506757,0.017877268,10.656978,0.009226023,0.0025898602,0.0032155514,9.739398956298828e-05,0.0032170259847038043,True
51999,11,-2.3972967,-2.6917593,2,2,65.989494,485.17926,0.65771437,86.17868,-2.691873,-2.4108715,48,28,1,13,0.02892967,0.02579779,13.6630745,0.0040221484,0.0025487307,-0.00011372566,0.013574838638305664,0.013575315008584013,True
51999,-11,0.736848,2.6753404,1,2,65.989494,485.17926,0.42685655,85.15991,2.6855562,0.7315927,52,23,1,9,0.029908646,0.022840895,9.788714,0.004119228,0.0034547485,0.010215759,0.005255281925201416,0.011488242934669496,True
52006,-11,1.5920736,2.4570122,1,2,40.201267,238.43524,0.28131446,60.617054,2.4663904,1.5877591,49,28,1,9,0.047159687,0.028050615,16.934868,0.007733473,0.0033529277,0.009378195,0.004314422607421875,0.010323021900726929,True
52006,11,-1.5342239,-2.4754202,2,2,40.201267,238.43524,0.18901096,57.269005,-2.4733496,-1.5253671,46,22,1,9,0.032849956,0.02439989,11.01318,0.005589223,0.0036168937,0.0020706654,0.008856773376464844,0.009095608259827057,True
52007,-11,1.6891489,-2.2075386,1,2,41.590805,188.33287,0.7223694,56.21414,-2.2090776,1.6865957,44,18,1,7,0.023885814,0.025920775,10.011337,0.005485022,0.003045091,-0.0015389919,0.002553224563598633,0.002981182948106132,True
52007,11,-1.4328773,2.1748939,2,2,41.590805,188.33287,0.13247797,52.16604,2.1760712,-1.4321885,40,17,1,9,0.016521297,0.013784537,6.4223266,0.003909122,0.0027994628,0.001177311,0.0006887912750244141,0.0013639994422573487,True
52008,11,-1.9580657,-2.8284838,2,2,3.0956032,25.488043,0.63751215,7.6414084,-2.8261511,-1.9611727,52,13,1,5,0.050191402,0.019726528,32.035442,0.0059769433,0.0043449383,0.0023326874,0.0031069517135620117,0.0038851743015672286,True
52009,-11,1.4388152,-1.532629,1,2,42.544136,101.292725,0.029899325,52.444828,-1.535056,1.4366913,45,15,1,5,0.011382789,0.012618942,8.384846,0.005598331,0.0027957126,-0.002426982,0.0021239519119262695,0.0032251222002112924,True
52009,11,-1.6637306,1.4945109,2,2,42.544136,101.292725,0.84991044,42.477455,1.4961817,-1.6804229,40,14,1,7,0.014536669,0.014718082,7.158209,0.0073133805,0.0026627013,0.0016708374,0.016692280769348145,0.016775694766769593,True
52011,-11,2.9391356,-2.660123,1,2,97.67709,698.25146,0.16832359,124.893814,-2.655379,2.950815,52,24,1,11,0.024387203,0.024926057,12.951404,0.0035451297,0.0021532418,0.004744053,0.011679410934448242,0.012606136495478558,True
52012,-11,-2.6794367,-1.9422733,1,2,33.399303,120.01755,0.013201655,46.646988,-1.9459136,-2.6819496,49,22,1,11,0.024817802,0.01871083,13.354625,0.0072099897,0.0029322144,-0.003640294,0.0025129318237304688,0.00442341124718263,True
52012,11,0.4932759,1.9625229,2,2,33.399303,120.01755,0.52481,32.10884,1.959407,0.5035326,34,20,1,9,0.032759387,0.013681906,9.50488,0.010269911,0.002650046,-0.0031158924,0.010256677865982056,0.010719525491217425,True
52016,-11,-0.23056339,-2.2674534,1,2,8.237622,40.600548,0.07915801,18.117968,-2.2781038,-0.2208244,42,22,1,7,0.036077254,0.032545216,19.724758,0.0075189294,0.004138055,-0.010650396,0.0097389817237854,0.01443186430467496,True
52020,-11,-1.2250367,2.5218558,1,2,44.435345,280.13248,0.6454036,55.99634,2.5180178,-1.2317278,48,29,1,11,0.028085932,0.021189624,10.337194,0.0047874325,0.002231615,-0.0038380623,0.006691098213195801,0.007713722654164294,True
52020,11,1.9295167,-2.5342462,2,2,44.435345,280.13248,0.8737035,56.748024,-2.5453157,1.9262838,50,31,1,7,0.026429577,0.025175985,15.652667,0.004140606,0.0025986847,-0.011069536,0.0032328367233276367,0.011531949891098318,True
52021,11,-1.838888,-2.991009,2,2,55.576046,556.7348,0.019213688,29.04437,-2.9912171,-1.8643807,47,14,3,13,0.017648203,0.009014272,17.81248,0.0017891068,0.0010531506,-0.00020813942,0.02549266815185547,0.025493517833335578,True
52023,-11,0.5527874,2.022221,1,2,35.109474,136.42685,0.84200865,51.020996,2.0279047,0.5550147,52,24,1,9,0.032358605,0.02377515,12.50021,0.008795845,0.0026644708,0.0056836605,0.002227306365966797,0.006104497551163583,True
52023,11,-2.5615711,-2.044942,2,2,35.109474,136.42685,0.26571816,43.726006,-2.0472243,-2.5577385,51,22,1,9,0.019493874,0.014921725,20.005592,0.005319696,0.0029549864,-0.002282381,0.003832578659057617,0.004460708734466692,True
52024,-11,2.2942135,1.8533349,1,2,42.51742,137.70125,0.6200265,49.96979,1.8518987,2.2991772,47,15,1,9,0.014219201,0.018240707,6.5779743,0.00473029,0.0028027245,-0.0014362335,0.00496363639831543,0.005167248109014317,True
52024,11,-0.8200029,-1.8340039,2,2,42.51742,137.70125,0.30547023,53.394325,-1.836027,-0.805034,41,16,1,9,0.012217456,0.026870115,7.6535616,0.0041778665,0.002708414,-0.0020231009,0.014968931674957275,0.015105027396542127,True
52026,-11,-3.0793328,-1.6878825,1,2,34.517845,97.60974,0.5635867,47.464863,-1.6885402,-3.0757723,39,20,1,9,0.011759263,0.018225381,8.958941,0.0048252745,0.0023996357,-0.00065767765,0.0035605430603027344,0.0036207743318194693,True
52026,11,0.101571865,1.7120289,2,2,34.517845,97.60974,0.8788054,40.836933,1.7113926,0.10230168,38,18,1,17,0.016377805,0.01738038,9.312303,0.006358728,0.0025384368,-0.00063622,0.0007298141717910767,0.0009681965564727402,True
52027,11,-0.2738932,-2.3221734,2,2,43.997536,227.29924,0.59368926,55.46344,-2.3245285,-0.2730251,40,15,1,11,0.016079286,0.013647561,6.921622,0.0032052188,0.0028302893,-0.0023550987,0.0008681118488311768,0.002510001584902719,True
52027,-11,2.851598,2.329421,1,2,43.997536,227.29924,0.8792543,55.59225,2.332612,2.8527818,44,22,1,13,0.02127967,0.024992839,9.456331,0.004214731,0.0031356544,0.0031909943,0.0011837482452392578,0.003403484140210062,True
52029,-11,-1.740572,-2.6029193,1,2,36.206272,243.84988,0.52758765,42.165955,-2.6094372,-1.7344232,38,15,1,7,0.025692081,0.01589901,9.232675,0.0037590307,0.003014726,-0.006517887,0.006148815155029297,0.008960512365509828,True
52029,11,1.4159718,2.5869842,2,2,36.206272,243.84988,0.50593895,48.799408,2.5858827,1.413867,48,26,1,9,0.023351504,0.018195586,10.748427,0.003639387,0.002707972,-0.0011014938,0.0021047592163085938,0.0023755630970716387,True
52038,11,2.2340343,-2.234453,2,2,25.941671,123.080894,0.96837956,33.57781,-2.230732,2.2130575,45,20,1,11,0.018176528,0.024384353,8.121654,0.0039759204,0.0022077125,0.0037209988,0.020976781845092773,0.02130425329181343,True
52038,-11,-0.9373543,2.2433264,1,2,25.941671,123.080894,0.11143916,28.680891,2.2424304,-0.93903774,47,19,1,9,0.01684988,0.015140353,9.829855,0.003707948,0.0028526601,-0.000895977,0.0016834139823913574,0.0019070022173430469,True
52039,-11,1.6006061,-2.6656375,1,2,4.302526,31.504055,0.6222264,10.060867,-2.676125,1.593726,48,21,1,7,0.03248005,0.033896886,19.542501,0.00445561,0.0033809813,-0.010487556,0.006880044937133789,0.012542880764686603,True
52039,11,-1.4260951,2.6944036,2,2,4.302526,31.504055,0.6793474,15.342738,2.651255,-1.4080344,45,28,1,9,0.047872253,0.028141906,21.134573,0.00666304,0.0036533158,-0.043148756,0.018060684204101562,0.046776098831632106,True
52041,11,0.15127605,1.9489334,2,2,86.04534,312.9983,0.9227569,112.14332,1.9512482,0.15140612,42,16,1,9,0.013446318,0.012550464,6.264562,0.004091965,0.0026262526,0.002314806,0.0001300722360610962,0.0023184575639019073,True
52041,-11,-3.0022373,-1.9814092,1,2,86.04534,312.9983,0.002440357,115.85204,-1.97927,-2.9917157,45,25,1,9,0.016667511,0.018312199,7.880592,0.0048143454,0.0026357104,0.0021392107,0.010521650314331055,0.010736915198205231,True
52044,-11,-0.9355582,1.6837246,1,2,47.86127,134.79482,0.95937765,57.22543,1.6844726,-0.93508226,32,15,1,13,0.013744374,0.011375305,5.899298,0.005713943,0.002158948,0.0007479191,0.00047594308853149414,0.0008865127058877118,True
52044,11,2.2345228,-1.7074527,2,2,47.86127,134.79482,0.63619196,58.659775,-1.7082088,2.2341251,36,22,1,7,0.022017878,0.028367294,9.519593,0.008979013,0.00303389,-0.0007561445,0.00039768218994140625,0.0008543451589300255,True
52046,11,-0.88673604,-2.621954,2,2,68.139824,457.42813,0.9247411,85.057434,-2.6183548,-0.88920724,52,24,1,17,0.030210637,0.027792204,13.128822,0.004584815,0.0026140406,0.0035991669,0.0024712085723876953,0.004365876082436558,True
52046,-11,2.246932,2.5621958,1,2,68.139824,457.42813,0.8594956,93.14843,2.5618398,2.256094,46,32,1,11,0.025377192,0.035961676,17.042938,0.0040475866,0.0026998522,-0.00035595894,0.009161949157714844,0.00916886138702729,True
52048,-11,2.7320063,2.6071126,1,2,80.53328,542.69965,0.09626471,89.70464,2.605596,2.743233,46,20,1,9,0.022929532,0.0088785,7.507765,0.0033908866,0.0025449677,-0.0015165806,0.011226654052734375,0.011328626475597878,True
52048,11,-0.4029129,-2.583992,2,2,80.53328,542.69965,0.20646134,102.68877,-2.5862474,-0.4190035,47,23,1,9,0.028802311,0.018983208,9.56116,0.004483253,0.0025972382,-0.0022554398,0.016090571880340576,0.01624787715179219,True
52050,-11,-3.0600367,2.1919303,1,2,42.143475,191.88689,0.032492727,51.517704,2.1900246,-3.0567207,43,22,1,9,0.024235087,0.015795536,12.329372,0.00568114,0.002824518,-0.0019056797,0.0033159255981445312,0.003824523191862428,True
52050,11,0.100710616,-2.201505,2,2,42.143475,191.88689,0.54119796,56.383984,-2.201081,0.104858436,52,29,1,9,0.026350109,0.025765665,10.759683,0.0060761115,0.0031765213,0.00042390823,0.004147820174694061,0.0041694256669413165,True
52058,11,-1.848658,2.3060741,2,2,99.159966,498.21533,0.78843546,124.57379,2.3086798,-1.8431611,38,24,1,13,0.02258212,0.023023427,8.315761,0.004631376,0.0026160951,0.0026056767,0.005496859550476074,0.006083174801893192,True
52058,-11,1.2855593,-2.2887921,1,2,99.159966,498.21533,0.36815447,129.82805,-2.2904394,1.2798169,45,21,1,9,0.021195289,0.02522839,8.711269,0.004321946,0.002596123,-0.001647234,0.005742430686950684,0.005974017899746534,True
52059,11,0.5795144,1.8645076,2,2,2.4671228,8.066188,0.06130578,5.192873,1.8723701,0.59934044,29,12,1,5,0.020231329,0.021437487,10.011626,0.00670433,0.0047717057,0.007862568,0.019826054573059082,0.021328207082452356,True
52060,-11,-1.5770392,1.6165361,1,2,23.91259,62.975773,0.07310245,28.738945,1.6188459,-1.5768596,29,12,1,7,0.010529694,0.013206248,4.9812922,0.004733576,0.0027665552,0.0023097992,0.00017964839935302734,0.002316774884520516,True
52060,11,1.6261759,-1.6304712,2,2,23.91259,62.975773,0.19611579,31.402971,-1.6345959,1.6291082,41,18,1,9,0.015725888,0.022104882,10.3388,0.0067579686,0.0022989833,-0.0041246414,0.002932310104370117,0.00506074188924387,True
52061,-11,2.999168,-2.005877,1,2,15.210764,57.5464,0.93686515,22.52394,-2.0100622,3.0302672,39,20,1,11,0.034743086,0.019887093,8.737082,0.0095241945,0.0032829538,-0.0041851997,0.031099319458007812,0.03137966805699239,True
52061,11,-0.07779087,2.006047,2,2,15.210764,57.5464,0.012346391,23.523485,2.0097873,-0.07264695,45,19,1,9,0.020831827,0.0274264,20.6858,0.0059394697,0.0028467893,0.0037403107,0.0051439180970191956,0.006360017082450936,True
52068,11,-0.7172785,-2.7728133,2,2,4.0489926,33.200188,0.9640385,12.225943,-2.7952032,-0.7527269,51,28,1,9,0.037408847,0.04710758,27.28259,0.004489053,0.003310101,-0.022389889,0.035448431968688965,0.0419272997463582,True
52068,-11,2.3154864,2.815632,1,2,4.0489926,33.200188,0.7314128,7.25035,2.806485,2.2931297,51,27,1,7,0.10033941,0.020290408,35.798996,0.010975948,0.004671333,-0.009147167,0.022356748580932617,0.02415563857103999,True
52070,-11,0.80307215,-1.6075659,1,2,46.902817,124.70896,0.06591868,58.20902,-1.6101379,0.80196047,47,17,1,7,0.012004182,0.018837243,10.76602,0.005431683,0.0024967275,-0.0025720596,0.0011116862297058105,0.002802023736609981,True
52070,11,-2.3074708,1.660681,2,2,46.902817,124.70896,0.827102,55.44338,1.6604092,-2.3095937,48,17,1,7,0.015006499,0.016640352,7.8032084,0.0063327984,0.0030805694,-0.00027179718,0.0021228790283203125,0.00214020771796424,True
52072,-11,0.4921188,-2.6343455,1,2,12.277802,85.26432,0.37687168,21.359467,-2.6324887,0.49564376,50,23,1,9,0.042018563,0.034274112,19.913368,0.0062309136,0.00336593,0.0018568039,0.003524959087371826,0.003984100559546452,True
52074,-11,-0.3519333,-1.9388009,1,2,16.301687,57.292892,0.40855828,23.544552,-1.9375141,-0.34419987,41,21,1,5,0.024460563,0.029581083,10.61122,0.0075072334,0.0030728516,0.0012868643,0.007733434438705444,0.007839772182945614,True
52074,11,2.8549666,1.9199868,2,2,16.301687,57.292892,0.09469401,26.3322,1.9186362,2.843451,36,22,1,7,0.025452724,0.025206914,7.98273,0.008157862,0.0028343103,-0.0013506413,0.011515617370605469,0.011594553685122912,True
52076,11,-0.33408463,-1.6659527,2,2,33.69793,91.14529,0.9426566,27.677624,-1.6654903,-0.3264725,32,18,1,9,0.012330772,0.012854835,6.0442886,0.0051017962,0.002681382,0.00046241283,0.007612138986587524,0.00762617109566318,True
52076,-11,2.7651172,1.6386071,1,2,33.69793,91.14529,0.1716851,41.626617,1.6381314,2.7628431,33,16,1,7,0.011924858,0.017064212,5.6130404,0.0050810263,0.0023357652,-0.00047576427,0.002274036407470703,0.0023232720950171187,True
52077,-11,1.3530798,-1.7473012,1,2,78.55233,231.31007,0.6893383,92.204094,-1.7489479,1.3548458,43,23,1,11,0.017623145,0.017216813,8.565899,0.006562715,0.0027334155,-0.0016466379,0.0017659664154052734,0.0024145504567278492,True
52077,11,-1.7719864,1.7386944,2,2,78.55233,231.31007,0.37169757,89.942535,1.739543,-1.7739073,32,18,1,9,0.012605871,0.02104918,6.3418064,0.0048532356,0.002701219,0.0008485317,0.001920938491821289,0.002100002565316556,True
52079,-11,2.3177412,2.293504,1,2,89.920525,455.46506,0.6735425,112.20386,2.2905462,2.3136876,52,18,1,9,0.019102365,0.021512173,11.239422,0.0039594844,0.002413204,-0.002957821,0.004053592681884766,0.005017999385649968,True
52079,11,-0.815815,-2.31796,2,2,89.920525,455.46506,0.041472793,111.75897,-2.3197768,-0.82405126,42,19,1,11,0.019191982,0.018841086,7.4014964,0.003934844,0.0025152927,-0.0018167496,0.008236289024353027,0.008434277438096261,True
52081,11,3.011052,-1.4835219,2,2,27.775114,64.40398,0.8937826,6.173384,-1.5019736,3.023458,47,9,1,3,0.019647613,0.044534877,18.635303,0.010170246,0.004974394,-0.01845169,0.012406110763549805,0.02223457799123219,True
52081,-11,-0.19236046,1.4848888,1,2,27.775114,64.40398,0.98212606,28.190172,1.4857837,-0.19028108,32,14,1,5,0.011997396,0.019380465,5.9850492,0.0061778845,0.0025535622,0.00089490414,0.002079382538795471,0.002263776743021214,True
52083,-11,-0.28016314,1.9067723,1,2,8.90383,31.098585,0.22049937,14.958098,1.9172153,-0.2875442,49,22,1,7,0.0339776,0.04150937,18.354683,0.010493675,0.0025046906,0.010443091,0.007381051778793335,0.012788200913773905,True
52083,11,2.981829,-1.9400585,2,2,8.90383,31.098585,0.61141396,11.384239,-1.930478,3.0169623,47,17,1,5,0.032514647,0.020335358,12.024404,0.010226309,0.003923185,0.009580493,0.03513336181640625,0.036416190922493714,True
52084,-11,2.1465738,1.559123,1,2,21.702713,52.90149,0.97022897,31.39428,1.5604026,2.1675868,42,18,1,7,0.01771322,0.027315691,10.177498,0.00862006,0.003061715,0.0012795925,0.02101302146911621,0.021051945948217653,True
52084,11,-0.9205888,-1.5200541,2,2,21.702713,52.90149,0.7406386,15.632245,-1.5243278,-0.9518736,44,10,1,7,0.025209181,0.021398138,13.338044,0.012054148,0.0031475655,-0.004273653,0.03128480911254883,0.03157536051782672,True
52087,-11,-2.496613,2.158215,1,2,33.01333,143.87811,0.97852176,38.929882,2.1525822,-2.499875,46,19,1,9,0.02313935,0.017861662,17.559734,0.0057641305,0.0025112461,-0.0056328773,0.003262042999267578,0.00650924214937339,True
52087,11,0.67055744,-2.1454282,2,2,33.01333,143.87811,0.0021080154,53.51382,-2.1481445,0.6744469,49,27,1,33,0.026596623,0.021949846,18.840582,0.0062541137,0.0028255195,-0.0027163029,0.00388944149017334,0.00474405484153233,True
52088,-11,-2.3024197,2.5557704,1,2,4.7359667,30.78002,0.7372924,5.0962873,2.557669,-2.258531,45,10,1,42,0.019842701,0.021680214,44.158775,0.0031310786,0.0012454818,0.0018985271,0.04388856887817383,0.043929612830517085,True
52088,11,0.9570964,-2.5631058,2,2,4.7359667,30.78002,0.14465599,13.523248,-2.5464287,0.9637536,51,28,1,9,0.04734481,0.04818069,19.866404,0.007629215,0.0042294296,0.016677141,0.0066571831703186035,0.017956756896295344,True
52089,-11,-0.103020586,-2.2573233,1,2,91.5677,448.5455,0.022059774,120.33592,-2.2580762,-0.10329253,52,25,1,11,0.029027168,0.020915335,8.544567,0.00606975,0.0027650523,-0.0007529259,0.0002719461917877197,0.000800532386080415,True
52089,11,3.0467305,2.2858858,2,2,91.5677,448.5455,0.17023836,116.18157,2.284915,3.0533,47,28,1,9,0.025044946,0.027846312,12.504642,0.0052768867,0.0028497628,-0.00097084045,0.006569385528564453,0.0066407347040995535,True
52092,-11,-0.012967638,-2.6480827,1,2,95.08994,669.72766,0.50384957,114.98899,-2.647108,-0.019894123,51,31,1,9,0.026004996,0.018144198,13.172233,0.003799887,0.0027128141,0.00097465515,0.00692648533731699,0.0069947231390637505,True
52092,11,3.1340013,2.6322184,2,2,95.08994,669.72766,0.793073,117.77387,2.6322267,-3.1350489,46,24,1,9,0.02482114,0.025088903,10.083999,0.0036243002,0.0024698745,8.34465e-06,-0.014135185872213185,0.014135188335328374,True
52100,-11,-0.11128788,1.9084601,1,2,36.49803,125.28117,0.9624218,47.68981,1.9093018,-0.10125231,52,23,1,9,0.025195569,0.022184107,15.200435,0.008020765,0.0029292728,0.0008416176,0.010035566985607147,0.010070795642881984,True
52100,11,3.060255,-1.9006733,2,2,36.49803,125.28117,0.3106893,45.58174,-1.9009573,3.0602646,40,16,1,9,0.018994486,0.016262427,9.857769,0.0061111613,0.0031650418,-0.00028407574,9.5367431640625e-06,0.00028423577153833586,True
52102,11,-0.032135896,-2.4384317,2,2,16.915432,97.65001,0.8827841,25.594828,-2.4300919,-0.05113487,51,25,1,9,0.03470955,0.025506347,14.767612,0.0064366907,0.0026957616,0.008339882,0.018998973071575165,0.02074884591779494,True
52102,-11,3.0721612,2.4391294,1,2,16.915432,97.65001,0.87529904,19.640766,2.430659,3.070923,41,19,1,9,0.033497006,0.017242936,10.472651,0.0062487465,0.0027671335,-0.008470297,0.001238107681274414,0.008560305878719813,True
52103,-11,-1.8661803,1.6398894,1,2,10.015066,26.73603,0.15315637,16.217472,1.6439724,-1.8778507,39,21,1,7,0.021443358,0.022291418,8.66137,0.009332458,0.0025362673,0.0040830374,0.011670351028442383,0.012363991565981136,True
52104,11,1.6180212,-1.6702919,2,2,88.20027,237.74881,0.23513727,102.702576,-1.6699545,1.6189718,36,15,1,9,0.011907505,0.013883807,5.991544,0.0050462815,0.0025802327,0.0003373623,0.0009505748748779297,0.0010086654088833288,True
52104,-11,-1.5398265,1.6271391,1,2,88.20027,237.74881,0.7065748,101.10166,1.6305435,-1.5455816,41,15,1,7,0.009925419,0.018814968,5.9967136,0.004325814,0.0025921264,0.003404379,0.005755066871643066,0.006686597810072521,True
52105,11,1.2996258,2.6864998,2,2,33.73805,255.5337,0.762594,45.45579,2.6918902,1.3005108,47,23,1,9,0.023690572,0.02510425,11.66675,0.003234541,0.0025770292,0.0053904057,0.000885009765625,0.00546257405925668,True
52105,-11,-1.8561457,-2.7412634,1,2,33.73805,255.5337,0.009646291,39.73582,-2.75121,-1.8465517,46,28,1,9,0.027211394,0.019709947,19.0815,0.0035291347,0.0028880208,-0.009946585,0.009594082832336426,0.013819586654102383,True
52108,11,-0.23823293,-3.0254428,2,2,19.860107,202.955,0.0,2.1897285,-2.9917736,-0.2107287,49,7,3,3,0.012842657,0.029488744,45.50843,0.0012936766,0.00017496334,0.033669233,0.027504220604896545,0.04347527340461835,True
52109,-11,-2.4554772,-2.0227363,1,2,84.958435,325.8499,0.45920306,108.97161,-2.0266266,-2.459018,37,18,1,9,0.015526772,0.01539123,5.838629,0.0042687617,0.0024612558,-0.003890276,0.0035407543182373047,0.005260341105634581,True
52109,11,0.6975215,2.017236,2,2,84.958435,325.8499,0.059655253,105.689224,2.0174904,0.7026315,42,23,1,11,0.015690358,0.013113915,8.320725,0.004513539,0.0025714329,0.00025439262,0.005109965801239014,0.00511629417615208,True
52116,-11,-3.093106,-2.239313,1,2,4.038053,19.352566,0.018246505,8.4129,-2.2437806,-3.0946782,51,21,1,5,0.045580857,0.043548863,28.436302,0.009702201,0.0034123103,-0.0044677258,0.0015721321105957031,0.0047362614235915805,True
52116,11,0.23798133,2.2620606,2,2,4.038053,19.352566,0.0948183,7.077253,2.2623754,0.24073535,35,14,1,9,0.038544316,0.017929543,9.090507,0.008292952,0.0038501977,0.00031471252,0.00275401771068573,0.002771941111169886,True
52117,-11,-0.85803956,2.009735,1,2,64.96567,252.59221,0.48450562,84.56526,2.0099032,-0.8584147,48,21,1,7,0.022145335,0.017192738,8.818282,0.0063477545,0.0030961367,0.0001680851,0.0003751516342163086,0.0004110855737124086,True
52117,11,2.2982473,-2.0591583,2,2,64.96567,252.59221,0.3079073,78.83341,-2.0610027,2.2949586,41,21,1,9,0.024249427,0.026395112,8.422204,0.00646336,0.0031635084,-0.0018444061,0.003288745880126953,0.003770634353632899,True
52122,11,1.1565299,2.5184045,2,2,83.447395,526.7411,0.20172301,96.615,2.5142272,1.1558181,40,21,3,9,0.024376405,0.016700711,9.096665,0.0041274917,0.0024326388,-0.004177332,0.0007117986679077148,0.0042375416568719,True
52123,-11,0.4601248,-2.9365127,1,2,32.77602,305.44968,0.02376565,33.29148,-2.942102,0.47583914,52,18,1,9,0.025573423,0.025192538,20.662628,0.0027169497,0.0019058747,-0.0055892467,0.01571434736251831,0.016678740766865638,True
52123,11,-2.6696508,2.9083881,2,2,32.77602,305.44968,0.7688402,47.21299,2.8954883,-2.6493142,51,28,1,7,0.022540905,0.020695766,34.31998,0.0024378411,0.0014206842,-0.012899876,0.020336627960205078,0.024082882584343563,True
52125,11,0.34080467,-1.5284827,2,2,41.820858,100.2785,0.20663124,42.43863,-1.5286665,0.34279665,49,13,1,5,0.013014749,0.020148223,8.281141,0.0063554803,0.0029344906,-0.00018382072,0.0019919872283935547,0.0020004507434161116,True
52125,-11,-2.840189,1.5138565,1,2,41.820858,100.2785,0.77176785,39.43388,1.5168004,-2.8425634,38,15,1,5,0.010600536,0.022413634,8.564961,0.005288398,0.0027583488,0.0029438734,0.002374410629272461,0.0037820915142513165,True
52127,-11,-1.8673913,-2.7770696,1,2,48.563496,396.02115,0.3843814,45.438236,-2.7870162,-1.8574929,50,35,3,7,0.045035776,0.013377449,24.021183,0.005134287,0.0019554468,-0.009946585,0.00989842414855957,0.014032581748249302,True
52127,11,1.2832527,2.798984,2,2,48.563496,396.02115,0.57466596,43.76329,2.8007464,1.3150265,52,21,1,9,0.026295112,0.016464328,14.656032,0.0032062423,0.002771939,0.0017623901,0.03177380561828613,0.031822645120458404,True
52128,11,-1.8447573,-1.8460319,2,2,25.365747,82.66082,0.28505117,35.324047,-1.843607,-1.8439405,51,19,1,9,0.022611065,0.029755892,10.871911,0.0079263365,0.0026553113,0.0024249554,0.0008168220520019531,0.0025588291746009417,True
52128,-11,1.2512062,1.8543019,1,2,25.365747,82.66082,0.65259355,32.78601,1.8548499,1.2458899,52,17,1,7,0.021588992,0.029917898,10.27824,0.0073037404,0.003293682,0.0005480051,0.005316257476806641,0.005344427297622532,True
52130,11,0.5935327,-1.728313,2,2,18.55544,53.097454,0.87385684,24.701382,-1.7277716,0.59700674,42,14,1,7,0.017926853,0.020258667,6.559187,0.007059358,0.002842269,0.0005413294,0.0034740567207336426,0.0035159788944877446,True
52130,-11,-2.620199,1.6973478,1,2,18.55544,53.097454,0.06392985,26.46087,1.6998382,-2.6217797,40,15,1,7,0.02041974,0.019367274,7.189819,0.008262159,0.0031154524,0.0024904013,0.0015807151794433594,0.0029497049095937367,True
52131,11,-1.0954453,-1.762352,2,2,41.19456,124.09962,0.30971405,55.6881,-1.7628961,-1.0892596,52,17,1,7,0.013384449,0.016446924,6.900909,0.005056618,0.0028017003,-0.0005440712,0.006185650825500488,0.006209532156529554,True
52131,-11,2.0155187,1.7720807,1,2,41.19456,124.09962,0.8683693,42.4525,1.7749724,2.0285182,44,15,1,9,0.015448323,0.019988677,7.5876837,0.005614934,0.0027356695,0.002891779,0.012999534606933594,0.013317292720823682,True
52137,-11,-1.4122839,1.7526872,1,2,70.26041,206.40953,0.55972224,93.31802,1.7522923,-1.4140534,32,14,1,9,0.011775813,0.013976118,5.7952094,0.004444183,0.0027047095,-0.00039494038,0.0017695426940917969,0.0018130800442978836,True
52137,11,1.747816,-1.7284887,2,2,70.26041,206.40953,0.023873083,88.19354,-1.7284307,1.7504169,42,17,1,9,0.013350256,0.014343489,7.0693636,0.005302652,0.002734888,5.7935715e-05,0.0026009082794189453,0.002601553463796262,True
52138,11,-2.164917,1.9822037,2,2,30.537199,111.5412,0.3365529,36.56031,1.9791514,-2.1538777,52,17,1,7,0.017989388,0.025434395,10.498156,0.0053504626,0.003054667,-0.0030523539,0.011039257049560547,0.011453473705877798,True
52138,-11,0.94327,-1.9566847,1,2,30.537199,111.5412,0.9448751,49.046608,-1.9602551,0.94300455,41,18,1,29,0.011654837,0.021463409,12.809642,0.0035055915,0.0023710737,-0.0035704374,0.00026547908782958984,0.003580293644793016,True
52142,-11,-0.21657287,-1.8984883,1,2,57.77176,196.7002,0.0013389426,78.44576,-1.8992461,-0.21776989,48,23,1,9,0.022658324,0.025773384,9.596757,0.007446567,0.002695636,-0.00075781345,0.001197025179862976,0.0014167393894379203,True
52144,11,2.641628,-1.9427619,2,2,32.256306,115.8719,0.21006592,39.444675,-1.9434414,2.648694,46,15,1,9,0.017511852,0.012800146,9.035749,0.0053332145,0.0030728034,-0.00067949295,0.007066011428833008,0.0070986074819006295,True
52144,-11,-0.5322143,1.9613317,1,2,32.256306,115.8719,0.13474737,37.849773,1.9635118,-0.5318332,51,14,1,7,0.017076949,0.01952884,7.7701073,0.005143106,0.0026949234,0.0021800995,0.00038111209869384766,0.0022131606824442257,True
52145,-11,2.1175442,-2.9208167,1,2,34.386612,315.1995,0.7102287,56.160233,-2.9265273,2.1099565,52,34,1,7,0.034011588,0.042300973,35.670578,0.0037029425,0.0023363295,-0.005710602,0.0075876712799072266,0.009496511382920368,True
52145,11,-1.012528,2.8908165,2,2,34.386612,315.1995,0.34654784,38.591583,2.8913128,-1.033747,52,33,1,13,0.031166008,0.030286292,25.210453,0.0034649095,0.0026443608,0.0004963875,0.02121901512145996,0.02122482045287367,True
52146,-11,2.9821734,1.9581707,1,2,35.09102,125.440445,0.06198538,45.22397,1.9600389,2.9814792,44,24,1,9,0.01497163,0.018688828,10.637412,0.0044366466,0.0025672428,0.001868248,0.00069427490234375,0.001993080072806674,True
52146,11,-0.1296168,-1.9357793,2,2,35.09102,125.440445,0.4989583,48.02018,-1.9352424,-0.12720773,45,28,1,9,0.0198175,0.01888344,13.734113,0.0062101963,0.0030479077,0.00053691864,0.0024090707302093506,0.002468178155903191,True
52147,-11,-1.1342283,1.8730776,1,2,51.09582,170.6025,0.37992534,61.780426,1.8716402,-1.1349384,45,19,1,9,0.015717791,0.0141806165,6.554171,0.0051700417,0.002634697,-0.0014374256,0.0007100105285644531,0.0016032177917852791,True
52147,11,2.0294077,-1.8780905,2,2,51.09582,170.6025,0.3152309,64.24674,-1.8787981,2.0267806,48,18,1,9,0.019723548,0.017833006,8.866516,0.0063894284,0.0026022904,-0.00070762634,0.002627134323120117,0.002720766398039844,True
52149,11,0.44703415,-2.8365846,2,2,75.01304,640.0963,0.65533334,87.68415,-2.8403609,0.43953913,51,34,1,13,0.030497368,0.007251853,17.140665,0.0036851568,0.0018463082,-0.0037763119,0.007495015859603882,0.008392603532368639,True
52149,-11,-2.7002459,2.8307319,1,2,75.01304,640.0963,0.04227727,58.835186,2.8299005,-2.6649506,49,23,1,9,0.046916403,0.007833195,16.874554,0.0057800566,0.0016294067,-0.0008313656,0.03529524803161621,0.035305037917410236,True
52151,-11,-3.0849197,-2.180487,1,2,55.2351,246.61363,0.15586728,67.188866,-2.1812537,-3.0894277,36,19,1,9,0.021608394,0.018511984,8.169557,0.005143934,0.0032059907,-0.00076675415,0.004508018493652344,0.004572760945670875,True
52151,11,0.07158489,2.1727226,2,2,55.2351,246.61363,0.26583093,69.849884,2.1789043,0.07218814,47,24,1,9,0.028721292,0.019687248,9.176493,0.006634222,0.002670536,0.006181717,0.0006032511591911316,0.006211081711508888,True
52152,-11,1.5646007,1.8882921,1,2,84.20684,285.71667,0.0490952,102.14401,1.8874506,1.5590618,44,18,1,9,0.015687358,0.013295904,7.1441426,0.005043503,0.0032188927,-0.0008414984,0.0055389404296875,0.005602497709454312,True
52155,11,2.2553215,-1.7130612,2,2,63.66736,187.68867,0.3799509,81.80576,-1.7142676,2.2544718,32,18,1,9,0.010634882,0.01681146,6.2768464,0.004250249,0.0026756348,-0.001206398,0.0008497238159179688,0.001475610626988969,True
52155,-11,-0.9065746,1.7764949,1,2,63.66736,187.68867,0.41748253,76.23353,1.7764028,-0.90666294,36,14,1,11,0.014118626,0.016783336,7.385638,0.0052070273,0.002616551,-9.202957e-05,8.83340835571289e-05,0.00012756313085865673,True
52157,-11,0.6575605,-2.3918395,1,2,78.606316,434.02652,0.34028754,92.432755,-2.4023504,0.6532373,47,26,1,9,0.023578411,0.01900593,8.770297,0.0043867147,0.0028571202,-0.0105109215,0.004323244094848633,0.011365294163269516,True
52157,11,-2.4756641,2.395165,2,2,78.606316,434.02652,0.24781422,89.78492,2.3967817,-2.4721096,42,25,1,11,0.026364947,0.024928953,7.866783,0.0047563137,0.002236806,0.0016167164,0.0035545825958251953,0.0039049749349854097,True
52159,11,-2.218217,2.9830143,2,2,38.397465,386.34967,0.1835358,35.329945,2.97503,-2.2070045,51,14,1,11,0.023124572,0.013016738,19.764944,0.002400831,0.0022190714,-0.0079844,0.011212348937988281,0.01376471601328081,True
52160,-11,1.477214,-1.4974223,1,2,5.4834313,12.526937,0.77703184,4.729639,-1.5084058,1.4866289,45,7,1,29,0.014134962,0.061162375,18.482992,0.0071923565,0.002702022,-0.010983467,0.009414911270141602,0.01446641292432151,True
52162,-11,2.9534392,1.9901626,1,2,63.470043,236.21552,0.77698624,80.11892,1.9909143,2.9538894,45,19,1,9,0.026216038,0.022499459,9.300791,0.007954285,0.0026585353,0.0007517338,0.00045013427734375,0.0008761989177654732,True
52162,11,-0.17237811,-1.9873899,2,2,63.470043,236.21552,0.24818766,77.29281,-1.9850584,-0.164022,41,23,1,11,0.014349608,0.020890927,8.696127,0.0041255406,0.0025067923,0.0023314953,0.008356109261512756,0.008675277067485075,True
52168,-11,0.95381993,1.6141948,1,2,62.38458,164.30919,0.7812852,73.832146,1.6149659,0.95773333,41,17,1,9,0.0109972,0.0154134,6.6488643,0.004963509,0.0027907917,0.0007711649,0.003913402557373047,0.003988660784742353,True
52168,11,-2.1641598,-1.6327946,2,2,62.38458,164.30919,0.08547651,74.13037,-1.6302928,-2.165183,44,17,1,9,0.01222028,0.015443455,8.378502,0.0054169167,0.0026250244,0.0025018454,0.0010232925415039062,0.0027030275487566783,True
52169,11,-2.6959343,1.8441628,2,2,46.18592,150.96387,0.00176179,57.281727,1.8475387,-2.6934974,37,18,1,9,0.020071061,0.01581157,7.532112,0.00679136,0.0030717999,0.0033758879,0.0024368762969970703,0.004163530351611804,True
52169,-11,0.42069376,-1.8624753,1,2,46.18592,150.96387,0.5857311,48.269115,-1.8628421,0.42102927,32,15,1,11,0.011337544,0.011772064,6.031387,0.003795833,0.00249695,-0.00036680698,0.00033551454544067383,0.0004971090158859622,True
52170,-11,-1.967054,-1.5895106,1,2,47.980556,123.211464,0.985349,57.93181,-1.5907165,-1.963684,47,23,1,9,0.011903774,0.018848483,11.751922,0.0054603554,0.0029764664,-0.0012059212,0.003370046615600586,0.0035793099987345995,True
52170,11,1.2061558,1.6025896,2,2,47.980556,123.211464,0.09573739,54.918594,1.6036654,1.2023566,38,18,1,7,0.013482309,0.01597824,8.294384,0.006166597,0.0028511533,0.0010757446,0.0037992000579833984,0.00394856272423292,True
52171,-11,2.6140187,-2.3727176,1,2,60.1221,320.93243,0.32895243,58.26303,-2.3716912,2.6292818,39,20,1,7,0.024211278,0.02281963,7.9753585,0.004589206,0.0026603304,0.001026392,0.015263080596923828,0.015297552410571505,True
52171,11,-0.51617396,2.3457031,2,2,60.1221,320.93243,0.34073845,82.85238,2.3451133,-0.51328176,46,29,1,9,0.032340374,0.023706734,12.3187275,0.006452611,0.0033445142,-0.00058984756,0.0028921961784362793,0.002951731506106325,True
52172,11,0.59083176,2.3952298,2,2,9.1771345,50.462124,0.9827798,14.834104,2.3986638,0.5806983,52,28,1,7,0.029538386,0.048623513,23.333853,0.005399526,0.002737141,0.0034339428,0.010133445262908936,0.010699470847300486,True
52172,-11,-2.6230302,-2.3838005,1,2,9.1771345,50.462124,0.8584864,19.259726,-2.3677216,-2.6015744,44,27,1,9,0.042299885,0.041123413,27.70109,0.008138076,0.0037747188,0.016078949,0.021455764770507812,0.02681198290808684,True
52174,-11,-1.4526353,1.5421354,1,2,59.85196,145.34,0.43545747,72.63999,1.542894,-1.4551233,46,15,1,7,0.010771552,0.013728166,7.530635,0.0054658074,0.003235125,0.0007586479,0.0024880170822143555,0.0026011104678463877,True
52174,11,1.7160696,-1.5279266,2,2,59.85196,145.34,0.87064147,62.034916,-1.529732,1.7144417,38,13,1,5,0.011528815,0.015168485,8.322624,0.0056485734,0.0027603027,-0.0018054247,0.0016279220581054688,0.0024309850935798553,True
52176,-11,3.0518105,2.9075031,1,2,12.449529,114.81001,0.085039966,14.644473,2.8913584,3.0868075,52,27,1,7,0.041570097,0.022817397,36.45469,0.004434536,0.0029889613,-0.016144753,0.034996986389160156,0.03854143340326945,True
52176,11,-0.058362365,-2.9161792,2,2,12.449529,114.81001,0.7783394,20.116531,-2.9081175,-0.08019795,52,34,1,9,0.040559445,0.034070995,31.27119,0.0045296834,0.0034062963,0.008061647,0.021835587918758392,0.023276233706597094,True
52178,11,0.9639428,2.4628353,2,2,49.21932,295.9085,0.9918591,66.95325,2.4696152,0.9590897,52,24,1,9,0.03695297,0.018639209,15.544668,0.0062412815,0.0029286973,0.006779909,0.0048531293869018555,0.008337867419670688,True
52178,-11,-2.1899242,-2.497331,1,2,49.21932,295.9085,0.5786616,59.74131,-2.498852,-2.2005324,44,19,1,9,0.017853085,0.021056714,7.3007717,0.0029687574,0.0023004576,-0.0015211105,0.010608196258544922,0.01071669749122762,True
52180,11,0.65630937,2.2690856,2,2,86.41905,421.54913,0.6407448,105.85691,2.2737849,0.6563443,51,25,1,9,0.023189586,0.017305663,7.8352575,0.004779495,0.0026544284,0.00469923,3.4928321838378906e-05,0.0046993599752899115,True
52180,-11,-2.493976,-2.265323,1,2,86.41905,421.54913,0.47042352,104.413895,-2.2666004,-2.494642,50,20,1,9,0.017644377,0.018358037,6.6631145,0.0037788637,0.0027690025,-0.0012774467,0.0006659030914306641,0.0014405891566139477,True
52181,-11,2.5018241,2.5519724,1,2,17.01274,110.489006,0.51885927,26.441214,2.558326,2.4929588,52,27,1,9,0.030896123,0.04388066,17.69201,0.004807281,0.003308264,0.0063536167,0.0088653564453125,0.010907015683017217,True
52186,-11,1.7149318,-2.6325,1,2,8.0494175,55.98508,0.69621134,11.589432,-2.6272817,1.7423365,52,19,1,7,0.040271923,0.033042748,17.964302,0.0058750687,0.0024436223,0.0052182674,0.02740466594696045,0.027897061327159908,True
52186,11,-1.3619318,2.6227207,2,2,8.0494175,55.98508,0.71380144,16.979395,2.620182,-1.3478138,52,28,1,7,0.04254348,0.044690512,22.335318,0.0064235367,0.0035035932,-0.002538681,0.014117956161499023,0.014344392198747162,True
52187,11,-1.5226201,2.5154097,2,2,42.096462,265.07404,0.9500226,50.812027,2.5056841,-1.5135798,42,28,1,11,0.024547316,0.030182905,10.376103,0.0041876594,0.0023384786,-0.009725571,0.009040236473083496,0.013278275372874756,True
52187,-11,1.605199,-2.5383966,1,2,42.096462,265.07404,0.40041453,50.358986,-2.5375504,1.6086024,39,20,1,11,0.033433855,0.009727161,8.987119,0.0053352243,0.0035999888,0.00084614754,0.0034034252166748047,0.0035070313457767643,True
52189,-11,-1.0069292,-2.6786814,1,2,42.70776,307.07788,0.50834996,55.674282,-2.668684,-1.0062627,52,27,1,9,0.02607072,0.02551328,16.158527,0.0037703754,0.0025195917,0.009997368,0.000666499137878418,0.010019560085013672,True
52189,11,2.1464558,2.6436396,2,2,42.70776,307.07788,0.9653235,63.409718,2.6421866,2.1465375,48,27,1,9,0.03523562,0.033179827,13.7377615,0.0051702373,0.0033751791,-0.0014529228,8.177757263183594e-05,0.0014552224212465562,True
52192,11,0.5699269,1.8098633,2,2,53.683758,170.10413,0.2521033,67.74753,1.8082721,0.5694911,48,19,1,9,0.014456137,0.017227115,7.2110043,0.005107418,0.0029932705,-0.0015912056,0.00043582916259765625,0.001649812810791664,True
52192,-11,-2.593895,-1.8314363,1,2,53.683758,170.10413,0.33571133,62.657837,-1.834893,-2.5968866,52,16,1,11,0.015250611,0.014994036,7.8610654,0.0051786285,0.0026726685,-0.0034567118,0.0029916763305664062,0.004571540568152277,True
52196,11,-2.819412,-2.350133,2,2,56.08166,297.4628,0.6285723,73.28932,-2.3569,-2.821739,45,31,1,9,0.032714233,0.030292297,16.650074,0.00616965,0.003005075,-0.0067670345,0.00232696533203125,0.007155943259871563,True
52196,-11,0.30989924,2.3551269,1,2,56.08166,297.4628,0.12284928,73.38091,2.3561497,0.31184646,49,26,1,11,0.021314323,0.020542316,11.215309,0.0041627,0.0027413324,0.0010228157,0.0019472241401672363,0.0021995076306087756,True
52197,11,2.8050125,1.8872344,2,2,75.20509,251.89098,0.5720881,97.45586,1.8886162,2.804554,36,19,1,9,0.016541544,0.019016245,6.920435,0.00526953,0.0023670052,0.0013817549,0.0004584789276123047,0.0014558329052284653,True
52202,-11,1.0863683,-1.5277727,1,2,99.602234,238.684,0.23370881,118.26358,-1.530431,1.0874488,47,17,1,5,0.011942811,0.018427534,10.023424,0.005838663,0.0024046814,-0.0026583672,0.0010805130004882812,0.002869568618829896,True
52202,11,-2.0386722,1.5131472,2,2,99.602234,238.684,0.93064106,106.25127,1.5138966,-2.0391674,51,16,1,5,0.010621162,0.013665725,7.3202825,0.0052669095,0.00287048,0.0007493496,0.0004951953887939453,0.0008981888928755002,True
52205,11,-1.5600837,2.4802198,2,2,66.01685,385.54306,0.6981737,80.21062,2.4769354,-1.5573765,50,25,1,9,0.020611022,0.019688806,12.341716,0.0036016325,0.0022730879,-0.0032844543,0.002707242965698242,0.004256384008090759,True
52206,11,-3.1206903,-1.6578246,2,2,21.082144,57.52843,0.03281242,29.044394,-1.658014,-3.1194212,32,18,1,9,0.014823128,0.015308716,6.233383,0.006272394,0.003173374,-0.00018942356,0.0012691020965576172,0.001283160713622928,True
52206,-11,-0.0461605,1.6657404,1,2,21.082144,57.52843,0.9915385,28.100304,1.6648779,-0.020653807,42,15,1,11,0.020490598,0.015444263,10.513654,0.009279532,0.0023325195,-0.0008624792,0.025506693869829178,0.02552127156985874,True
52209,-11,1.7995132,-2.8175766,1,2,24.149652,200.08916,0.98965275,39.382835,-2.820054,1.7980791,50,26,1,7,0.040779676,0.042141937,34.18898,0.004886805,0.0029209834,-0.0024774075,0.0014340877532958984,0.002862543506673923,True
52209,11,-1.3241063,2.7905939,2,2,24.149652,200.08916,0.6404244,42.316933,2.8085659,-1.3373402,52,38,1,9,0.05226924,0.025255833,48.97352,0.0060012983,0.0028368093,0.017971992,0.01323390007019043,0.02231879515204906,True
52211,11,-2.4233904,-1.7725171,2,2,54.785843,166.19255,0.7109621,69.820366,-1.7732449,-2.423804,40,16,1,9,0.014025551,0.014299295,7.3067183,0.0051766546,0.002814439,-0.0007277727,0.00041365623474121094,0.000837116830371414,True
52211,-11,0.69531447,1.7765601,1,2,54.785843,166.19255,0.78468215,51.65282,1.7740546,0.71316034,42,15,1,9,0.01887387,0.015168844,7.588086,0.0070796143,0.002755973,-0.0025054216,0.017845869064331055,0.01802088178921938,True
52212,11,-0.40243053,-2.1523771,2,2,84.56761,366.09015,0.27313095,103.129654,-2.1514485,-0.4018956,43,26,1,11,0.017573537,0.011135511,8.407918,0.00428523,0.002919928,0.00092864037,0.0005349218845367432,0.0010716876182820863,True
52212,-11,2.7291346,2.1374116,1,2,84.56761,366.09015,0.2590434,107.2906,2.1373253,2.7265873,50,27,1,9,0.023883445,0.022844687,8.415676,0.0059490753,0.00261871,-8.6307526e-05,0.0025472640991210938,0.0025487258345401518,True
52226,-11,2.0934443,2.1319618,1,2,52.146786,221.36296,0.99691606,59.877666,2.1318872,2.1061676,44,16,1,11,0.01631494,0.012556661,8.2583885,0.004048607,0.002826707,-7.4625015e-05,0.012723207473754883,0.012723426319710995,True
52227,-11,2.3463268,2.0355303,1,2,62.136467,239.59499,0.13230291,84.92106,2.0313811,2.3410687,52,28,1,9,0.03333823,0.021277668,12.257612,0.009020993,0.0023281404,-0.0041491985,0.005258083343505859,0.00669800636786617,True
52229,11,2.4419909,-2.9709582,2,2,34.697254,342.82596,0.059187233,27.52714,-2.949939,2.4492576,52,38,1,13,0.027364174,0.04284413,31.812143,0.0029505554,0.001934136,0.02101922,0.0072667598724365234,0.02223990585155592,True
52229,-11,-0.7100529,2.991435,1,2,34.697254,342.82596,0.62568486,13.336874,3.002902,-0.6918678,52,6,1,7,0.0075259632,0.016232338,16.582453,0.00073399325,1.1135354e-09,0.01146698,0.018185079097747803,0.021498575107755748,True
52230,-11,-3.0014694,1.827425,1,2,55.50295,173.3509,0.56744194,36.410194,1.8231022,-3.0135515,35,19,1,7,0.017702704,0.014915836,7.6971874,0.0063057872,0.0026346685,-0.0043227673,0.012082099914550781,0.012832125879906169,True
52230,11,0.161978,-1.7838755,2,2,55.50295,173.3509,0.19362538,77.2175,-1.7873749,0.16318786,36,19,1,9,0.021623516,0.017665353,7.302403,0.007862187,0.0030507857,-0.0034993887,0.001209855079650879,0.003702630234072719,True
52231,-11,-0.086196125,1.8543382,1,2,55.103474,177.3986,0.96364105,58.583088,1.8526232,-0.08285011,36,22,1,9,0.017334945,0.012706777,8.342883,0.006010931,0.0029340482,-0.0017149448,0.0033460110425949097,0.003759897025554596,True
52236,-11,-0.6040749,2.4388304,1,2,68.38941,387.94025,0.42607307,63.297554,2.4445753,-0.61646634,45,15,1,11,0.020540344,0.0044443468,6.1507463,0.0037067428,0.0023954713,0.005744934,0.012391448020935059,0.013658413219053655,True
52236,11,2.5468807,-2.4033449,2,2,68.38941,387.94025,0.9822299,58.078316,-2.4059234,2.5631015,51,25,1,11,0.028203856,0.0138132,9.688762,0.005429028,0.0031643184,-0.002578497,0.016220808029174805,0.01642447136123118,True
52237,11,0.4521205,-1.8937428,2,2,21.900398,74.18413,0.5358196,16.300867,-1.8963763,0.42762008,44,15,1,9,0.02169848,0.016282791,7.991494,0.006797482,0.0026467217,-0.0026334524,0.02450042963027954,0.02464155278776646,True
52237,-11,-2.7400866,1.8877848,1,2,21.900398,74.18413,0.7374486,16.658754,1.8890893,-2.728621,36,14,1,7,0.014135254,0.010537235,7.7043176,0.0045401924,0.0032426699,0.0013045073,0.01146554946899414,0.011539521818148902,True
52238,11,0.01787786,-1.6727117,2,2,19.370718,53.197887,0.9101669,24.0698,-1.6683722,0.0011253674,43,22,1,11,0.022076983,0.011719044,11.748169,0.009524391,0.0030547846,0.004339576,0.016752492636442184,0.017305430557874778,True
52238,-11,3.0870256,1.6646702,1,2,19.370718,53.197887,0.13898869,22.152918,1.6641024,3.0855474,37,17,1,7,0.021942265,0.022190582,7.8242197,0.009611278,0.0029330994,-0.00056779385,0.0014781951904296875,0.0015834932454867386,True
52239,-11,-2.7150652,-2.672067,1,2,38.27232,277.2392,0.9603726,50.953316,-2.6745255,-2.7209473,52,28,1,11,0.02729692,0.02820367,10.377837,0.0038515376,0.0033388904,-0.0024585724,0.0058820247650146484,0.006375170077871135,True
52239,11,0.4396159,2.6649647,2,2,38.27232,277.2392,0.026709957,56.74971,2.6592233,0.43729275,51,28,1,9,0.035700325,0.035328537,14.025136,0.005200137,0.0034225138,-0.005741358,0.002323150634765625,0.006193562792124198,True
52244,-11,-0.36448234,-2.1530704,1,2,48.86281,215.27357,0.50065005,61.149536,-2.1501303,-0.36375883,48,23,1,9,0.020080239,0.017623939,9.6143675,0.004982981,0.0028426081,0.002940178,0.0007235109806060791,0.0030278894176467798,True
52245,11,-1.8118695,1.5803688,2,2,67.59434,168.60219,0.744718,78.79054,1.5802721,-1.8127798,42,16,1,9,0.011299684,0.015916983,7.421349,0.0052987826,0.0026378876,-9.6678734e-05,0.0009102821350097656,0.0009154017385236247,True
52245,-11,1.3064755,-1.5486296,1,2,67.59434,168.60219,0.8540912,82.407326,-1.5484042,1.3080566,41,16,1,9,0.010131749,0.014144853,6.762849,0.004907598,0.0024932183,0.00022542477,0.0015810728073120117,0.0015970621614049144,True
52247,11,0.30125082,-1.5517662,2,2,56.241802,140.27173,0.7177455,65.94475,-1.5526916,0.30244258,33,15,1,7,0.011123296,0.02599753,5.455378,0.005332287,0.0030749666,-0.0009254217,0.0011917650699615479,0.0015088768398915065,True
52247,-11,-2.8682764,1.5769212,1,2,56.241802,140.27173,0.98451877,75.26954,1.577496,-2.8569028,45,16,1,7,0.018322963,0.016840136,13.769576,0.008929255,0.0025665092,0.0005748272,0.011373519897460938,0.011388036756225704,True
52248,-11,1.538473,2.9538672,1,2,11.742762,114.280235,0.29572877,20.652586,2.9434078,1.5238944,52,38,1,9,0.04233609,0.03916908,41.601654,0.004656683,0.0033359246,-0.010459423,0.014578580856323242,0.017942534670818286,True
52248,11,-1.5714692,-2.978192,2,2,11.742762,114.280235,0.1392333,18.948603,-2.945425,-1.5967339,49,30,3,41,0.031198595,0.05064601,50.772125,0.0033157775,0.00239535,0.032767057,0.025264739990234375,0.04137616572312854,True
52250,-11,1.4136832,-2.2088895,1,2,40.2518,187.73705,0.286517,55.536358,-2.2017715,1.4120579,42,28,1,9,0.028281284,0.018356405,12.479546,0.006680846,0.0035608076,0.0071179867,0.0016252994537353516,0.007301187069305152,True
52250,11,-1.7083033,2.233988,2,2,40.2518,187.73705,0.15266809,54.0089,2.2421286,-1.699815,37,19,1,7,0.022137783,0.01963444,8.037447,0.0047560874,0.0024189942,0.008140564,0.008488297462463379,0.01176095129983008,True
52253,-11,-0.8043611,2.802734,1,2,5.5717854,46.75181,0.55539256,17.715559,2.8009055,-0.8184532,52,35,1,7,0.052787177,0.057796255,30.987986,0.00639529,0.0034451634,-0.0018284321,0.014092087745666504,0.014210211147528361,True
52255,11,2.5968125,-2.6823978,2,2,53.311787,388.3383,0.6550175,72.27619,-2.6864204,2.5980463,49,35,1,9,0.038585402,0.028935527,14.141401,0.0051755146,0.0028298828,-0.0040225983,0.001233816146850586,0.00420756450915433,True
52255,-11,-0.55406517,2.665922,1,2,53.311787,388.3383,0.7056703,60.43229,2.663958,-0.54592323,51,20,1,9,0.027723681,0.023833344,16.086035,0.0040689893,0.0016381011,-0.0019638538,0.008141934871673584,0.008375429856857308,True
52256,-11,-1.9507399,-2.6381109,1,2,94.53125,660.493,0.5098324,118.601746,-2.6397064,-1.9554529,43,26,1,11,0.023940196,0.016534556,8.152346,0.003521891,0.0025019697,-0.0015954971,0.0047130584716796875,0.004975794534906991,True
52256,11,1.1963308,2.6260138,2,2,94.53125,660.493,0.2500492,112.93367,2.6213808,1.1943595,52,28,1,9,0.024315512,0.018677479,14.744758,0.0035185525,0.0029231573,-0.00463295,0.0019712448120117188,0.005034881351914394,True
52259,-11,-0.9118347,2.3447595,1,2,23.014229,119.53616,0.34022096,29.338,2.3499203,-0.9182723,46,18,1,9,0.02856374,0.017442599,13.845728,0.0055180294,0.003197375,0.0051608086,0.0064375996589660645,0.008250856571779649,True
52259,11,2.2603588,-2.3180158,2,2,23.014229,119.53616,0.57801247,30.695396,-2.309458,2.263836,47,26,1,9,0.034318153,0.02369711,10.958856,0.0073333206,0.002892374,0.0085577965,0.0034770965576171875,0.009237211842657115,True
52263,-11,-2.1203518,-2.1586437,1,2,56.88633,255.01547,0.053567935,73.30349,-2.1570764,-2.1247077,48,21,1,9,0.021786043,0.016978256,7.6384487,0.0054350547,0.0022220104,0.0015673637,0.004355907440185547,0.0046293151456601785,True
52263,11,1.035695,2.203387,2,2,56.88633,255.01547,0.30717096,72.31115,2.2007284,1.0385163,42,28,1,11,0.024767213,0.019917713,12.665091,0.0056661516,0.0027605672,-0.0026586056,0.00282132625579834,0.0038766048794299994,True
52266,11,2.5703967,-2.7555575,2,2,19.335934,152.20416,0.8984523,24.986607,-2.7469568,2.5984344,49,26,1,5,0.036148082,0.027442615,20.157759,0.0048443456,0.002304088,0.008600712,0.02803778648376465,0.029327286208489366,True
52266,-11,-0.5949029,2.7491908,1,2,19.335934,152.20416,0.8381993,36.13563,2.746283,-0.6057693,51,34,1,9,0.046248045,0.024850613,24.08641,0.0061357105,0.0038537967,-0.002907753,0.010866403579711914,0.011248722336880419,True
52271,11,-1.0997424,1.9069834,2,2,27.829292,95.95994,0.6961385,35.163757,1.9077358,-1.0843014,51,19,1,9,0.023599748,0.023132218,9.689316,0.0073716575,0.0024734084,0.00075244904,0.015441060066223145,0.015459382766461069,True
52271,-11,2.0027988,-1.9116793,1,2,27.829292,95.95994,0.53220546,37.278957,-1.915922,2.000775,37,16,1,7,0.022482669,0.023464995,6.2388268,0.006881433,0.0027719133,-0.004242778,0.0020236968994140625,0.004700692726779996,True
52274,-11,-2.6779974,-2.101271,1,2,63.62401,265.09427,0.039450314,85.39903,-2.1035588,-2.674326,43,17,1,9,0.023313431,0.01993065,12.360452,0.0059264596,0.003010304,-0.0022878647,0.003671407699584961,0.004325917164453105,True
52274,11,0.4775194,2.1098046,2,2,63.62401,265.09427,0.3952971,82.39163,2.1113954,0.48083195,45,26,1,9,0.021836752,0.024192106,13.16099,0.005526405,0.002708372,0.0015907288,0.0033125579357147217,0.003674705167032052,True
52275,11,0.22251557,2.5631526,2,2,65.88928,436.16586,0.35011876,91.15267,2.5613365,0.22282435,45,22,1,9,0.026664913,0.021781765,19.467691,0.004246678,0.003457946,-0.0018160343,0.00030878186225891113,0.0018420984833060954,True
52275,-11,-2.9273915,-2.5919466,1,2,65.88928,436.16586,0.93224907,86.9352,-2.5855236,-2.9396021,48,25,1,11,0.029767223,0.017627724,10.740816,0.0047299974,0.0022968296,0.0064229965,0.012210607528686523,0.013796877169086098,True
52278,11,2.8653603,-2.2641184,2,2,52.359646,253.61813,0.9528668,61.547684,-2.2584085,2.8666658,39,22,1,7,0.02285518,0.015126517,6.7837286,0.005119988,0.0028774256,0.0057098866,0.0013055801391601562,0.005857247240074018,True
52278,-11,-0.29069528,2.255938,1,2,52.359646,253.61813,0.07105726,60.399582,2.2533817,-0.29843116,45,31,1,13,0.024984496,0.015905233,14.349203,0.005540851,0.0033072636,-0.002556324,0.007735878229141235,0.008147306559097673,True
52280,-11,-0.91890365,-2.0377471,1,2,26.355719,101.41547,0.08089553,37.99043,-2.03486,-0.92371696,40,26,1,11,0.022897108,0.018056292,12.893183,0.006314696,0.0035498368,0.002887249,0.0048133134841918945,0.005612859629177176,True
52280,11,2.2593484,2.0093026,2,2,26.355719,101.41547,0.9793804,35.253048,2.0106833,2.2542412,44,21,1,9,0.023121785,0.023640033,10.827379,0.00656105,0.0031566122,0.001380682,0.00510716438293457,0.005290501936426966,True
52282,11,-0.8065576,-2.1186757,2,2,37.472225,155.55508,0.6153397,53.223877,-2.123813,-0.8020074,48,28,1,7,0.031412374,0.019034693,30.066166,0.007401397,0.0024045245,-0.005137205,0.00455021858215332,0.006862606358251635,True
52282,-11,2.3113031,2.0851047,1,2,37.472225,155.55508,0.122487344,44.920326,2.086976,2.3071992,40,15,1,9,0.014912186,0.012469749,5.93489,0.003847907,0.0028340882,0.0018713474,0.004103899002075195,0.0045104243876056506,True
52284,11,-1.3131251,2.8430586,2,2,20.409122,176.14551,0.6015855,31.278486,2.8528256,-1.3163972,52,33,1,9,0.04948454,0.015477836,25.40486,0.0056774267,0.0026349463,0.0097670555,0.0032720565795898438,0.010300569187083821,True
52284,-11,1.8080391,-2.847186,1,2,20.409122,176.14551,0.1515043,31.535566,-2.8355684,1.7999396,51,30,1,9,0.04581443,0.029271282,22.569036,0.0055290535,0.00317671,0.0116176605,0.00809943675994873,0.014162305892953213,True
53797,-11,-1.4050083,-2.7012603,1,2,97.92864,740.7357,0.11247877,132.6988,-2.7053008,-1.3979297,51,29,1,13,0.036754128,0.021748308,18.480711,0.0050792675,0.0026819338,-0.0040404797,0.007078647613525391,0.00815062742419428,True
53797,11,1.7414695,2.7231722,2,2,97.92864,740.7357,0.24758352,119.20195,2.716723,1.7543427,49,19,1,9,0.023269676,0.023452152,11.474417,0.0031129445,0.0022513608,-0.0064492226,0.012873172760009766,0.014398300253490811,True
53798,-11,1.6717519,-2.184638,1,2,70.18731,314.10977,0.9339253,78.66453,-2.1860557,1.6767048,43,29,1,11,0.028264964,0.016546262,11.194799,0.006415162,0.0027993436,-0.0014176369,0.004952907562255859,0.005151794601808962,True
53798,11,-1.4580935,2.1734061,2,2,70.18731,314.10977,0.5022911,90.92082,2.1750925,-1.4546247,45,20,1,11,0.021718426,0.017861467,7.9314375,0.004991859,0.0027023538,0.0016863346,0.0034688711166381836,0.0038570443585519815,True
53801,11,2.1224036,-2.7385156,2,2,40.783283,320.5983,0.9870148,42.819588,-2.7357395,2.1345322,51,26,1,9,0.028592939,0.0099888025,11.592427,0.0038037666,0.0031733615,0.002776146,0.012128591537475586,0.012442255379780097,True
53801,-11,-1.0304773,2.763643,1,2,40.783283,320.5983,0.9599252,42.080994,2.7910922,-1.040642,51,21,1,9,0.049260035,0.02164568,20.672098,0.005690334,0.0021572313,0.027449131,0.010164737701416016,0.02927074816871006,True
53803,11,-2.3720946,-1.6259481,2,2,14.971078,39.259018,0.36297512,17.43068,-1.631218,-2.3534303,33,16,1,7,0.025059838,0.02312484,10.9268,0.010749741,0.0023488635,-0.005269885,0.01866436004638672,0.019394071879088093,True
53803,-11,0.6705768,1.6122582,1,2,14.971078,39.259018,0.7858902,16.84878,1.6124547,0.7195125,36,16,1,9,0.025444798,0.017896863,7.7536135,0.01131202,0.0026273378,0.00019645691,0.04893571138381958,0.04893610572938609,True
53804,-11,-1.8428346,2.814898,1,2,26.68768,220.71486,0.9750183,37.816616,2.7866986,-1.843115,50,32,1,9,0.03857702,0.027703794,23.625109,0.0047845566,0.0020957189,-0.028199434,0.0002803802490234375,0.028200828097722633,True
53804,11,1.3151062,-2.7895713,2,2,26.68768,220.71486,0.84674895,30.428265,-2.7926996,1.3026806,48,26,1,9,0.032253854,0.0137025,12.504531,0.0038275588,0.0022562623,-0.0031282902,0.012425541877746582,0.012813285695968027,True
53805,-11,-1.0962331,2.5127983,1,2,82.57133,512.1038,0.27239957,98.25405,2.510301,-1.0917567,51,22,1,9,0.028177029,0.021802226,11.464638,0.004804986,0.0027443124,-0.0024971962,0.004476428031921387,0.005125855689195233,True
53805,11,2.052555,-2.510104,2,2,82.57133,512.1038,0.087042905,98.75703,-2.5248578,2.0508683,43,27,1,9,0.03234413,0.023588628,11.535682,0.005066543,0.002452393,-0.0147538185,0.0016868114471435547,0.014849932373441649,True
53806,11,1.8472818,1.6441188,2,2,70.24851,192.89952,0.5851118,79.59033,1.646611,1.8457482,42,18,1,7,0.013471889,0.015435516,6.7486744,0.0059282193,0.0027273006,0.0024921894,0.0015336275100708008,0.002926264055908707,True
53806,-11,-1.3142765,-1.6933291,1,2,70.24851,192.89952,0.09632244,84.31989,-1.692113,-1.3154585,33,15,1,9,0.013706639,0.010500064,5.396974,0.0055571115,0.0031721138,0.001216054,0.0011820793151855469,0.0016959064636339288,True
53808,11,-2.6837614,2.0590558,2,2,85.636116,338.49777,0.8665251,105.20485,2.0553484,-2.680043,42,21,1,9,0.016157256,0.0135068735,7.316739,0.0044005984,0.0022717416,-0.003707409,0.0037183761596679688,0.005250828679980329,True
53808,-11,0.44688258,-2.0433388,1,2,85.636116,338.49777,0.04608052,104.955826,-2.0400357,0.44079807,41,20,1,11,0.017494366,0.013373902,6.5507693,0.0047161086,0.0029044922,0.003303051,0.00608450174331665,0.006923243973151712,True
53809,-11,1.4913524,2.0555544,1,2,42.189938,166.62993,0.48177662,57.155144,2.0577168,1.4846643,44,16,1,9,0.02241836,0.020793773,11.105391,0.006140713,0.003266129,0.0021624565,0.006688117980957031,0.00702902127383817,True
53809,11,-1.6279792,-2.0451443,2,2,42.189938,166.62993,0.037597608,57.270203,-2.0408275,-1.6313374,50,19,1,9,0.028034238,0.024520297,10.900191,0.0078065926,0.003443143,0.004316807,0.0033582448959350586,0.005469243955395404,True
53810,-11,-1.6941928,2.0691292,1,2,56.72319,231.16666,0.1848848,75.22436,2.0715914,-1.6949742,41,27,1,9,0.024027005,0.023948157,8.916071,0.0062751505,0.002911846,0.0024621487,0.0007814168930053711,0.002583174086118975,True
53810,11,1.4634014,-2.0964935,2,2,56.72319,231.16666,0.50612843,67.84868,-2.0985963,1.4631169,43,20,1,9,0.017949099,0.015702417,8.411506,0.0045666886,0.0031128891,-0.0021028519,0.00028455257415771484,0.0021220169991890505,True
53811,-11,-0.7144097,-2.827197,1,2,65.4914,555.4532,0.60368437,43.721386,-2.8246174,-0.7448326,47,11,3,5,0.029097235,0.006879755,12.474514,0.0034883344,0.0032155062,0.002579689,0.030422866344451904,0.030532042055562293,True
53811,11,2.4336967,2.8278444,2,2,65.4914,555.4532,0.46954086,88.751434,2.8237114,2.4254196,50,27,1,9,0.031679556,0.025693016,15.51109,0.0037756297,0.0028953464,-0.004132986,0.008277177810668945,0.009251661861869003,True
53812,11,0.98371327,-1.9191259,2,2,36.62347,124.46759,0.08909262,41.227512,-1.9185622,0.98143935,52,16,1,7,0.013100992,0.0113181025,6.515874,0.00409225,0.002697313,0.00056374073,0.0022739171981811523,0.0023427554334492875,True
53812,-11,-2.188008,1.8698777,1,2,36.62347,124.46759,0.5473804,45.45623,1.8725437,-2.1930542,40,17,1,7,0.02247706,0.019071586,9.262903,0.007131639,0.0028680302,0.0026659966,0.00504612922668457,0.005707097121804511,True
53815,11,-0.8087952,2.7292337,2,2,70.352234,538.4039,0.055068806,88.20135,2.724969,-0.80086875,52,27,1,13,0.030801967,0.030313462,11.23422,0.0041784025,0.0031599288,-0.0042648315,0.007926464080810547,0.009000978886447906,True
53815,-11,2.3260367,-2.7186894,1,2,70.352234,538.4039,0.8955568,90.45115,-2.7209818,2.3302124,50,30,1,13,0.030427441,0.028882507,11.837386,0.0040267995,0.00334156,-0.0022923946,0.004175662994384766,0.004763531732070665,True
53816,-11,-1.3218476,-2.6039822,1,2,57.3178,388.12515,0.22449991,61.716576,-2.6086369,-1.3053486,50,21,1,9,0.03193003,0.011551185,9.615475,0.004575136,0.0026298668,-0.004654646,0.016498923301696777,0.017142934353324434,True
53816,11,1.8290325,2.5967712,2,2,57.3178,388.12515,0.9516677,73.128395,2.6041572,1.8371189,47,27,1,9,0.037289906,0.028142167,12.58688,0.0054784366,0.0036300088,0.007385969,0.008086323738098145,0.010951765681732157,True
53818,11,0.5704553,1.8269587,2,2,25.507263,81.31602,0.07008778,35.01675,1.825556,0.5680237,42,19,1,9,0.015658708,0.02026168,12.644594,0.0055395076,0.0031199588,-0.0014026165,0.002431631088256836,0.0028071627564149187,True
53818,-11,-2.6176305,-1.8271483,1,2,25.507263,81.31602,0.70891404,24.727882,-1.8265868,-2.569527,34,14,1,9,0.018680247,0.016313618,7.5301228,0.00642753,0.0027170875,0.00056147575,0.04810357093811035,0.04810684766246799,True
53819,-11,2.2917337,-2.8565052,1,2,76.04269,678.5963,0.83092153,89.003334,-2.8540337,2.2908764,49,28,1,9,0.032806903,0.018856758,12.219458,0.0039554117,0.0028761134,0.002471447,0.0008573532104492188,0.0026159328220068537,True
53820,-11,2.7384996,2.794655,1,2,67.646675,562.6967,0.99099743,72.00718,2.8045237,2.7530901,52,26,1,9,0.034079403,0.015133481,17.011229,0.004049422,0.0030747417,0.009868622,0.01459050178527832,0.017614551912955544,True
53822,11,-0.13814265,-1.7891047,2,2,16.98982,51.63496,0.6883114,21.417103,-1.7940619,-0.13984482,34,18,1,5,0.019135168,0.03531816,8.312787,0.006813298,0.0024622583,-0.004957199,0.0017021745443344116,0.0052412995586497415,True
53822,-11,2.9298418,1.764494,1,2,16.98982,51.63496,0.8510065,12.661082,1.7673504,2.945033,38,15,1,7,0.018166352,0.021183738,9.551079,0.006745253,0.002942012,0.002856493,0.015191316604614258,0.015457543557013282,True
53825,-11,-1.1693422,-1.8067234,1,2,31.433195,97.60298,0.07894812,39.534573,-1.8068236,-1.1706754,50,26,1,9,0.025919696,0.019134669,13.3663435,0.009365722,0.0028403227,-0.00010025501,0.0013332366943359375,0.0013370008042845902,True
53825,11,2.011093,1.7918421,2,2,31.433195,97.60298,0.4346205,39.521305,1.788522,2.0146503,35,18,1,9,0.021987757,0.020670887,7.361493,0.008349718,0.0025286851,-0.003320098,0.003557443618774414,0.004866051317073736,True
53826,-11,0.31608084,-1.867884,1,2,56.520874,186.16888,0.9017573,64.029854,-1.8652003,0.31891295,43,21,1,7,0.019416448,0.022539912,10.003969,0.006632532,0.0025895105,0.0026837587,0.0028321146965026855,0.003901722003314626,True
53826,11,-2.8052616,1.8548139,2,2,56.520874,186.16888,0.041479502,72.83082,1.8515832,-2.8070433,40,20,1,9,0.02393839,0.017386371,7.7774086,0.008068776,0.0026817657,-0.003230691,0.0017817020416259766,0.003689420834109929,True
53827,11,0.7847722,-2.209933,2,2,17.289583,78.38039,0.6534223,20.05627,-2.2093587,0.76010597,39,16,1,9,0.037930995,0.023855047,8.825679,0.008540477,0.0037420713,0.00057435036,0.024666249752044678,0.024672935681894322,True
53827,-11,-2.4037807,2.1750221,1,2,17.289583,78.38039,0.273044,26.979578,2.1795113,-2.404838,40,26,1,7,0.028511638,0.023979476,15.410753,0.0066373744,0.0033739747,0.0044891834,0.0010573863983154297,0.004612031365370012,True
53828,-11,0.8287137,-2.6989057,1,2,41.61251,306.31152,0.15480743,52.710384,-2.702953,0.82615507,48,29,1,11,0.026325988,0.016650794,8.863484,0.0034846722,0.0028754235,-0.004047394,0.0025586485862731934,0.004788327385510537,True
53828,11,-2.3010845,2.670716,2,2,41.61251,306.31152,0.927045,53.161797,2.65767,-2.3160734,44,24,1,11,0.02863436,0.01909336,10.010305,0.004241699,0.0020454086,-0.013046026,0.014988899230957031,0.019871233171724692,True
53830,-11,2.1456442,-2.6473475,1,2,3.4560394,24.934711,0.44409224,7.183568,-2.649207,2.1277943,52,24,1,7,0.036013447,0.032834865,33.344986,0.005212246,0.0033871897,-0.0018596649,0.01784992218017578,0.017946533800202835,True
53831,-11,-2.0488582,-2.605265,1,2,22.36313,150.97577,0.3478784,38.084385,-2.6117008,-2.0410132,45,31,1,7,0.056425724,0.026242154,17.384472,0.007980546,0.0029627269,-0.006435871,0.007844924926757812,0.010147082536733089,True
53831,11,1.116694,2.589492,2,2,22.36313,150.97577,0.31036562,33.02202,2.5754426,1.1292261,46,24,1,9,0.034311704,0.030772772,14.318938,0.005489096,0.0029517598,-0.01404953,0.01253211498260498,0.018826661944735368,True
53833,-11,1.1612204,-2.436364,1,2,86.171974,504.4578,0.45838708,108.5372,-2.4344316,1.1571549,46,26,1,11,0.027863711,0.021951072,9.827536,0.0050457506,0.002614603,0.0019323826,0.004065513610839844,0.004501389042568017,True
53833,11,-1.9731296,2.4697518,2,2,86.171974,504.4578,0.7513733,105.04093,2.4716506,-1.9696391,48,28,1,11,0.023465406,0.027967958,9.574817,0.004022606,0.0027363456,0.0018987656,0.0034905672073364258,0.0039735840365885235,True
53834,11,-0.6556841,1.9224646,2,2,86.85759,307.034,0.9292835,104.358696,1.9213333,-0.66183656,36,19,1,9,0.015590309,0.013820294,7.9707093,0.004927234,0.002444737,-0.0011312962,0.006152451038360596,0.006255596272084502,True
53834,-11,2.4737234,-1.9481332,1,2,86.85759,307.034,0.07827629,100.27976,-1.9482912,2.4759371,34,20,1,13,0.014329313,0.013470157,6.5707536,0.0042731767,0.0027912825,-0.00015795231,0.002213716506958008,0.002219344431355291,True
53835,11,-1.2790632,-1.5643516,2,2,41.616444,104.15385,0.3258776,48.86669,-1.5645155,-1.2747583,42,14,1,7,0.010744359,0.012845841,5.771412,0.0051443046,0.0025920514,-0.00016391277,0.0043048858642578125,0.004308005304254239,True
53835,-11,1.8248965,1.5717361,1,2,41.616444,104.15385,0.9594955,51.094074,1.5764692,1.8231307,51,15,1,7,0.01788444,0.019420557,8.487108,0.008109982,0.0025665886,0.0047330856,0.0017657279968261719,0.0050517218898307355,True
53838,-11,1.1569484,-2.1061008,1,2,9.182148,39.329956,0.10478263,19.862688,-2.0940118,1.1590551,51,22,1,9,0.036215186,0.030762114,20.378633,0.009446089,0.004134655,0.012089014,0.0021066665649414062,0.012271198104585204,True
53838,11,-1.8908865,2.1634297,2,2,9.182148,39.329956,0.6961685,18.486345,2.158455,-1.8962702,39,22,1,7,0.04382401,0.023578424,14.478872,0.0104461,0.003652505,-0.004974842,0.005383610725402832,0.007330233137629083,True
53840,-11,-0.06263598,-1.9546312,1,2,90.9071,333.01102,0.038369738,111.861,-1.9508727,-0.06120241,46,22,1,9,0.016076358,0.017796477,8.005064,0.004831234,0.0026613036,0.0037585497,0.0014335699379444122,0.004022663085500213,True
53840,11,3.0901656,1.9903575,2,2,90.9071,333.01102,0.027268663,108.663475,1.9926924,3.090869,49,20,1,9,0.017152237,0.01400331,9.426386,0.0048892065,0.0027710344,0.0023348331,0.0007033348083496094,0.0024384678819792944,True
53841,-11,0.59247875,2.7051628,1,2,94.677246,703.9247,0.8684734,109.77832,2.7120264,0.59797776,52,26,1,9,0.025049368,0.011715678,16.765026,0.0033383414,0.0020958597,0.006863594,0.005499005317687988,0.008794770146439894,True
53841,11,-2.5439093,-2.684531,2,2,94.677246,703.9247,0.054646596,99.77077,-2.6939025,-2.543728,52,18,1,13,0.024897521,0.010148252,11.545124,0.0033255378,0.0024869365,-0.009371519,0.0001811981201171875,0.009373270677162378,True
53842,-11,3.0872588,2.4198728,1,2,8.525127,47.262028,0.4565624,10.55258,2.4229584,3.0642529,40,17,1,5,0.032267675,0.017174222,15.82903,0.0058299014,0.004093587,0.0030856133,0.023005962371826172,0.02321196487933763,True
53842,11,0.022827627,-2.3763187,2,2,8.525127,47.262028,0.9529703,16.442596,-2.381948,0.020536648,41,21,1,7,0.035287876,0.026778437,13.6572485,0.0066171554,0.004079547,-0.005629301,0.002290979027748108,0.00607763227205612,True
53843,11,2.7852726,2.1498616,2,2,25.634497,111.65275,0.9730225,37.403122,2.1512656,2.7758737,45,26,1,9,0.020681769,0.024539137,12.33694,0.0050109955,0.002914245,0.001404047,0.009398937225341797,0.009503229394363929,True
53843,-11,-0.38932097,-2.15254,1,2,25.634497,111.65275,0.906919,33.781418,-2.150172,-0.3791349,50,17,1,7,0.021938968,0.026904952,10.148166,0.005326891,0.0031349997,0.0023679733,0.010186076164245605,0.010457697896966205,True
53848,11,1.0728126,-2.6264584,2,2,26.248144,182.99545,0.8806955,35.42703,-2.6300972,1.0682961,45,28,1,9,0.036521148,0.026525734,15.914812,0.0052388674,0.003830263,-0.0036387444,0.004516482353210449,0.005799920093851273,True
53850,11,-1.4276178,-2.2669137,2,2,55.457664,268.23038,0.39462644,69.1484,-2.273579,-1.4320186,48,31,1,9,0.023753222,0.020546377,9.907502,0.0049123857,0.0026429687,-0.00666523,0.004400849342346191,0.007987037140028432,True
53850,-11,1.7003206,2.2501988,1,2,55.457664,268.23038,0.15213276,68.68232,2.2534478,1.6978433,45,18,1,11,0.019287735,0.016881257,9.343239,0.0042053093,0.0027596497,0.00324893,0.002477288246154785,0.004085646026101546,True
53852,-11,-2.6818874,-2.636616,1,2,18.711779,131.79747,0.9376836,31.902468,-2.638966,-2.6676574,52,27,1,9,0.045397025,0.04872894,22.196205,0.0065589384,0.0035892744,-0.002350092,0.014230012893676758,0.014422766690083235,True
53852,11,0.48718157,2.6438258,2,2,18.711779,131.79747,0.9788171,29.763159,2.6359124,0.48919952,49,18,1,9,0.043269794,0.031496976,18.957567,0.00649009,0.0029065753,-0.007913351,0.0020179450511932373,0.008166592194093525,True
53853,-11,3.092845,-2.8168554,1,2,57.273834,481.05573,0.025493031,74.50521,-2.8194995,3.0861974,50,23,1,11,0.029980872,0.027017146,13.628835,0.003605629,0.0029682533,-0.002644062,0.006647586822509766,0.00715412289652804,True
53853,11,-0.041231748,2.8185978,2,2,57.273834,481.05573,0.98995316,77.56668,2.8303177,-0.048330598,52,38,1,9,0.03860831,0.03878231,22.0925,0.004455144,0.003140365,0.011719942,0.00709884986281395,0.013702215536712014,True
53854,-11,1.7614005,-2.8361886,1,2,41.352825,346.39316,0.4673558,45.578423,-2.8300943,1.7852253,51,25,1,7,0.03521988,0.013470583,20.239344,0.0043407767,0.0026955262,0.0060942173,0.02382481098175049,0.02459189101458991,True
53855,-11,-0.9691525,2.4258385,1,2,29.621546,165.59206,0.042847533,37.36882,2.427655,-0.9724241,43,27,1,9,0.030678792,0.023696354,10.53445,0.005596904,0.0037909814,0.0018165112,0.0032715797424316406,0.003742051139079628,True
53855,11,2.1944342,-2.3867521,2,2,29.621546,165.59206,0.21149854,36.611835,-2.39735,2.192749,44,22,1,9,0.027786622,0.020356579,11.67743,0.005054978,0.0028943722,-0.010597944,0.0016851425170898438,0.010731082469154904,True
53857,-11,-1.2761213,2.2589004,1,2,51.807648,246.7794,0.030621447,63.589027,2.2522936,-1.2789202,37,19,1,11,0.027636517,0.01848291,7.177778,0.0061669075,0.0029096103,-0.0066068172,0.002798914909362793,0.0071752323117949815,True
53857,11,1.8803445,-2.2271852,2,2,51.807648,246.7794,0.043236565,67.48345,-2.2294972,1.8758065,51,18,1,13,0.02023326,0.02164991,10.053731,0.0044317325,0.002737659,-0.002311945,0.004538059234619141,0.0050930414356546464,True
53858,-11,-0.26997614,2.7822323,1,2,74.61249,609.80414,0.64707917,66.86821,2.7905116,-0.25560716,51,25,1,9,0.03469949,0.019218406,17.47617,0.004068976,0.0021577196,0.008279324,0.014368981122970581,0.016583570646069433,True
53858,11,2.8775315,-2.7982626,2,2,74.61249,609.80414,0.6284357,89.23196,-2.8065176,2.8735926,52,25,1,9,0.040116813,0.024208814,20.779102,0.0046709073,0.0024968984,-0.008255005,0.003938913345336914,0.009146591931278637,True
53859,-11,-2.2644534,2.7190151,1,2,42.16547,318.44824,0.051178005,54.79876,2.7213445,-2.2563605,49,33,1,11,0.038921908,0.015900621,11.589045,0.0051877256,0.0029379837,0.0023293495,0.008092880249023438,0.008421435725209734,True
53860,11,1.6244516,-2.1456487,2,2,47.584545,209.58018,0.8644352,52.547974,-2.14753,1.6125613,38,20,1,11,0.02548429,0.018792734,7.9633303,0.006129224,0.0028074337,-0.001881361,0.011890292167663574,0.01203821278333359,True
53860,-11,-1.534752,2.1798959,1,2,47.584545,209.58018,0.39206278,60.139786,2.1825397,-1.5290608,41,27,1,9,0.022243267,0.019334434,10.38269,0.005315913,0.0029326528,0.0026438236,0.005691170692443848,0.006275287017077099,True
53865,-11,1.2878339,2.8705919,1,2,40.71291,361.35217,0.6541867,58.11232,2.8564293,1.2891849,52,22,1,9,0.040755793,0.025539793,13.780079,0.0048901183,0.0039139776,-0.01416254,0.001350998878479004,0.014226831828651284,True
53865,11,-1.8437153,-2.8759558,2,2,40.71291,361.35217,0.39108527,54.90165,-2.8836808,-1.8184223,52,38,1,9,0.031586092,0.046132103,29.859417,0.0034626029,0.0017967592,-0.0077250004,0.02529299259185791,0.02644638173564831,True
53868,-11,-1.792022,-1.9460082,1,2,35.784214,129.11058,0.9741652,41.885902,-1.949074,-1.7881137,40,19,1,9,0.023929035,0.020405287,7.405679,0.0071300543,0.0027118996,-0.0030658245,0.003908276557922363,0.004967283560363009,True
53868,11,1.3784744,1.9672403,2,2,35.784214,129.11058,0.1772164,47.5274,1.9666777,1.3811698,43,24,1,9,0.015941951,0.016530896,11.658368,0.0047444813,0.0030917022,-0.00056266785,0.002695441246032715,0.002753542920766181,True
53871,-11,-1.2928925,2.9073877,1,2,32.859188,297.61575,0.6946207,29.250006,2.900513,-1.3384776,52,35,1,13,0.040400542,0.05037047,28.141947,0.00446365,0.0032206117,-0.0068747997,0.04558515548706055,0.046100642854231606,True
53871,11,1.8609127,-2.8801284,2,2,32.859188,297.61575,0.9622123,30.341228,-2.8465543,1.8518481,51,15,1,9,0.043752573,0.018639658,16.395424,0.0054194243,0.002598233,0.033574104,0.009064555168151855,0.03477623639521996,True
53872,11,-2.033924,2.3318782,2,2,96.692116,508.0569,0.49363604,120.301155,2.3317513,-2.0315719,45,31,1,9,0.0213357,0.017329216,10.987413,0.004316305,0.0027854017,-0.00012683868,0.0023522377014160156,0.0023556549526071433,True
53872,-11,1.100458,-2.354315,1,2,96.692116,508.0569,0.49440277,111.225235,-2.3567636,1.0981653,40,22,1,9,0.018778266,0.013438722,6.997364,0.0036355215,0.0028972097,-0.0024485588,0.0022927522659301758,0.0033544228950325265,True
53875,11,0.6695099,2.7500877,2,2,66.145065,525.5443,0.96354353,75.62426,2.7489064,0.65090185,44,11,1,9,0.023069205,0.0031627272,7.508615,0.003078325,0.0015099193,-0.0011813641,0.018608033657073975,0.018645496441953763,True
53875,-11,-2.4789405,-2.7735524,1,2,66.145065,525.5443,0.9907413,72.63376,-2.7749162,-2.4747555,52,30,1,13,0.040672272,0.0101531185,16.936287,0.004790982,0.0021686829,-0.0013637543,0.0041849613189697266,0.004401559605063675,True
53876,11,-2.5431275,2.6677063,2,2,39.529102,288.05634,0.5022195,52.28563,2.6691394,-2.5414155,52,27,1,11,0.028053159,0.024048932,15.566165,0.003956537,0.0031019757,0.0014331341,0.0017120838165283203,0.0022327346968028148,True
53877,-11,0.7866237,2.8744879,1,2,44.6691,396.80518,0.97729284,55.635284,2.890844,0.7740589,52,38,1,19,0.027248293,0.029303063,20.870916,0.0030452935,0.0021063855,0.01635623,0.01256483793258667,0.020625261296189325,True
53877,11,-2.3457963,-2.8737733,2,2,44.6691,396.80518,0.6621684,49.91673,-2.8570685,-2.3405573,46,19,1,11,0.02953354,0.01583147,8.683095,0.0035906513,0.0018344225,0.016704798,0.005239009857177734,0.017507069613811193,True
53881,11,2.9356813,2.4047248,2,2,84.092804,471.92053,0.28917935,113.89558,2.4063392,2.9293175,45,31,1,11,0.030731263,0.02597881,10.251132,0.00572504,0.0025121507,0.0016143322,0.006363868713378906,0.006565431698930375,True
53881,-11,-0.21361247,-2.4153142,1,2,84.092804,471.92053,0.49289775,109.38363,-2.4193497,-0.22307701,52,24,1,11,0.035818283,0.029118076,10.400167,0.006272807,0.0030727496,-0.004035473,0.009464547038078308,0.01028895969921666,True
53882,-11,1.1803246,1.6254405,1,2,70.630714,187.80254,0.5710111,81.73617,1.6272659,1.1769905,51,18,1,11,0.011901765,0.015076063,8.448677,0.005230887,0.0026455966,0.0018254519,0.00333404541015625,0.003801070012864127,True
53882,11,-1.9406269,-1.6420252,2,2,70.630714,187.80254,0.23153754,87.901245,-1.6408798,-1.9385128,36,15,1,9,0.012064003,0.016741578,8.565721,0.005207291,0.002732596,0.0011454821,0.0021140575408935547,0.002404447634972549,True
53883,-11,2.5591931,-2.8619967,1,2,42.425476,374.2908,0.16467366,50.86711,-2.8687027,2.5413733,51,29,1,9,0.033266217,0.016999112,20.607084,0.0038673745,0.0026871185,-0.0067059994,0.017819881439208984,0.019039921272419585,True
53883,11,-0.57279545,2.872446,2,2,42.425476,374.2908,0.9033133,51.14348,2.8789883,-0.5622903,52,38,1,9,0.03192057,0.024737595,24.710228,0.0035190037,0.0025234541,0.006542206,0.010505139827728271,0.012375718955587027,True
53884,11,2.7647967,-2.5158932,2,2,9.904342,60.74763,0.40452695,21.01132,-2.5148869,2.765781,49,24,1,7,0.040254984,0.030027464,15.444976,0.0066068782,0.0056653097,0.0010063648,0.00098419189453125,0.0014076234525458183,True
53884,-11,-0.43668473,2.4850276,1,2,9.904342,60.74763,0.7077489,13.889213,2.4801314,-0.44546342,40,17,1,9,0.022988716,0.015555613,9.941666,0.0039845095,0.0026521692,-0.004896164,0.008778691291809082,0.01005175816106061,True
53885,-11,-2.063837,-1.7736871,1,2,39.8382,121.41959,0.6577559,49.66233,-1.7756728,-2.0661962,42,16,1,9,0.02024215,0.015588464,6.1362658,0.0072788736,0.002816133,-0.0019856691,0.002359151840209961,0.00308358222021179,True
53885,11,1.1090482,1.7854387,2,2,39.8382,121.41959,0.676862,43.244934,1.7850716,1.1105583,36,17,1,7,0.012134531,0.012674742,7.400155,0.004440349,0.002980783,-0.0003670454,0.001510024070739746,0.0015539932502200693,True
53889,-11,1.5383714,-1.7612631,1,2,46.918324,140.33301,0.3817346,59.996845,-1.7631435,1.5346128,34,15,1,7,0.016315836,0.017905077,5.8943105,0.006125275,0.0035736263,-0.0018804073,0.003758668899536133,0.00420279949306454,True
53889,11,-1.576089,1.7579228,2,2,46.918324,140.33301,0.5637537,37.200684,1.7586823,-1.5518585,43,18,1,7,0.015486824,0.021825498,8.641805,0.00581173,0.0033414792,0.0007594824,0.024230480194091797,0.024242379914382522,True
53890,-11,1.593927,-1.6225024,1,2,55.919598,148.08249,0.62224096,67.48973,-1.6251632,1.5924823,36,15,1,9,0.012087894,0.019659147,6.8606267,0.005424693,0.0025208252,-0.0026607513,0.001444697380065918,0.003027663823485028,True
53890,11,-1.5214858,1.6361656,2,2,55.919598,148.08249,0.8044714,67.8063,1.6362172,-1.5238054,36,17,1,9,0.01265349,0.018010434,6.691698,0.005501106,0.0030567818,5.1617622e-05,0.0023195743560791016,0.002320148609964344,True
53893,-11,2.3557522,-1.5806309,1,2,56.070538,144.564,0.6772394,69.89361,-1.5813787,2.3551767,49,16,1,9,0.01166432,0.017230708,7.0819316,0.0054033804,0.0025285822,-0.0007477999,0.0005755424499511719,0.00094363856855805,True
53893,11,-0.75890744,1.620587,2,2,56.070538,144.564,0.058243155,66.0098,1.6213031,-0.7586033,39,15,1,9,0.013473575,0.012087827,5.938093,0.005837769,0.0023553462,0.0007160902,0.00030416250228881836,0.000778010277221947,True
53894,-11,-1.1290607,-2.0859656,1,2,14.281811,58.66042,0.8030256,19.261877,-2.0899208,-1.1111835,46,25,1,11,0.03139701,0.02501127,16.753923,0.007976432,0.0031508806,-0.003955126,0.01787722110748291,0.018309507207377583,True
53894,11,2.075634,2.0959153,2,2,14.281811,58.66042,0.24039948,20.67069,2.0907304,2.0721273,48,14,1,7,0.027139558,0.02889077,13.663701,0.007097128,0.0042389208,-0.005184889,0.0035066604614257812,0.006259372121899011,True
53896,-11,0.6420732,2.307458,1,2,11.222091,55.20154,0.6344876,11.575145,2.3108792,0.6103952,46,20,1,5,0.037910167,0.02432534,19.952719,0.0074425484,0.0031290988,0.0034213066,0.03167802095413208,0.031862240195306764,True
53896,11,-2.4331794,-2.2454436,2,2,11.222091,55.20154,0.8728086,12.351524,-2.248736,-2.4391942,39,18,1,11,0.029605761,0.02697632,9.90944,0.006398929,0.0034090972,-0.0032923222,0.006014823913574219,0.006856930206139996,True
53897,11,-0.96675265,1.5356867,2,2,89.90647,218.08676,0.7438095,96.55858,1.5361134,-0.9653881,43,16,1,7,0.011014159,0.014519604,7.8714275,0.0055217734,0.0031335063,0.00042665005,0.0013645291328430176,0.001429674794224311,True
53897,-11,2.1567836,-1.5319161,1,2,89.90647,218.08676,0.93318194,107.243385,-1.533646,2.1540902,40,14,1,7,0.013233167,0.01352491,9.822953,0.006449158,0.0023140358,-0.001729846,0.0026934146881103516,0.003201070110753046,True
53901,11,-1.8997871,-1.81481,2,2,50.039665,154.45384,0.37384263,57.06556,-1.8146702,-1.8893565,42,21,1,11,0.013673029,0.016156146,14.5896435,0.004912186,0.0029386275,0.0001398325,0.010430574417114258,0.010431511673677783,True
53901,-11,1.2172307,1.7715608,1,2,50.039665,154.45384,0.9398082,39.206074,1.7739958,1.2005407,35,17,1,9,0.020636607,0.019085111,7.4872994,0.007397652,0.0020187139,0.002434969,0.01669001579284668,0.016866703912979748,True
53902,11,0.66511154,-1.6615994,2,2,27.548134,75.894424,0.15474483,34.3467,-1.6616044,0.6630974,40,23,1,7,0.0155529305,0.012677976,9.669483,0.006720116,0.00256095,-5.00679e-06,0.00201416015625,0.002014166379168499,True
53902,-11,-2.5272253,1.6824536,1,2,27.548134,75.894424,0.09664585,36.941994,1.6830609,-2.5335317,52,23,1,7,0.020891914,0.023507735,10.194229,0.008701502,0.0033265876,0.0006072521,0.00630640983581543,0.006335578912435248,True
53903,11,2.5190532,1.9145185,2,2,97.93578,333.56665,0.1626188,119.55379,1.9159796,2.52427,38,17,1,11,0.014225008,0.010459844,6.698631,0.0045173434,0.002594262,0.0014611483,0.005216836929321289,0.005417595571518333,True
53903,-11,-0.633779,-1.8786482,1,2,97.93578,333.56665,0.42103598,123.182106,-1.8804381,-0.6339653,40,19,1,9,0.015940206,0.01505901,6.2866273,0.0051450175,0.0025892307,-0.0017899275,0.0001863241195678711,0.0017995991376710788,True
53905,-11,0.23934759,-2.3718793,1,2,19.209133,105.91358,0.10570537,29.492258,-2.3802822,0.24472298,52,25,1,9,0.030800702,0.022781659,18.77054,0.005739261,0.0030128816,-0.008402824,0.005375385284423828,0.009975080148796963,True
53905,11,-2.867806,2.4127734,2,2,19.209133,105.91358,0.91363585,26.679672,2.418539,-2.8846722,51,18,1,15,0.0314904,0.019221338,9.53879,0.0055627483,0.0036130336,0.0057656765,0.016866207122802734,0.01782447663263347,True
53906,-11,-2.801495,2.1428947,1,2,55.6101,234.04565,0.7958075,70.605316,2.1397285,-2.79615,35,17,1,9,0.018150391,0.016178876,7.6650224,0.004452552,0.00252835,-0.0031661987,0.00534510612487793,0.00621248532288242,True
53906,11,0.35585815,-2.0896487,2,2,55.6101,234.04565,0.8390726,59.160183,-2.0937877,0.36747733,41,18,1,9,0.023082845,0.02324776,8.915977,0.0058710077,0.0024639652,-0.0041389465,0.01161918044090271,0.012334351726903618,True
53907,11,-1.7340522,-2.7810862,2,2,46.937874,382.93137,0.71824133,50.038605,-2.7825587,-1.7594202,52,23,1,7,0.028926516,0.019141298,21.090647,0.0034490945,0.001579966,-0.0014724731,0.02536797523498535,0.025410673833729712,True
53912,-11,-0.92578393,1.6317984,1,2,87.14539,233.82837,0.039150544,109.522095,1.6317462,-0.92585206,45,16,1,9,0.014023383,0.014410599,7.7002025,0.0063338145,0.0025096466,-5.221367e-05,6.812810897827148e-05,8.583534496312372e-05,True
53912,11,2.2323291,-1.6553328,2,2,87.14539,233.82837,0.36520204,94.77297,-1.6549735,2.2385309,47,25,1,9,0.014649971,0.019287119,12.442119,0.0062748385,0.0029099684,0.0003592968,0.006201744079589844,0.0062121432548105406,True
53914,11,-0.048873577,2.1988747,2,2,51.348396,233.267,0.27877837,66.121414,2.197217,-0.04631231,52,22,1,9,0.022386106,0.018260734,9.837729,0.0051969783,0.0032682405,-0.0016577244,0.002561267465353012,0.003050924629340074,True
53914,-11,3.0769303,-2.189881,1,2,51.348396,233.267,0.995057,63.38646,-2.1866474,3.0866466,40,22,1,11,0.02335971,0.018083947,8.006528,0.00564989,0.002702963,0.0032336712,0.009716272354125977,0.010240243073865514,True
53919,-11,2.6406722,-2.0359275,1,2,27.11764,107.06409,0.9545635,36.468903,-2.0373638,2.6548486,43,23,1,9,0.026303887,0.016163606,9.296035,0.006978597,0.0026850433,-0.0014362335,0.014176368713378906,0.01424893668394588,True
53919,11,-0.4663062,2.064296,2,2,27.11764,107.06409,0.8826535,35.136333,2.0618966,-0.4756408,40,26,1,9,0.023885554,0.026216777,11.478523,0.006413166,0.002752929,-0.0023994446,0.009334594011306763,0.009638048539449797,True
53922,-11,-1.9874953,-2.5617087,1,2,32.26127,208.29713,0.08243219,44.579033,-2.5598204,-1.9912056,48,28,1,9,0.024620246,0.019850634,17.906734,0.003906971,0.0027090004,0.0018882751,0.0037102699279785156,0.004163134151969197,True
53922,11,1.1715581,2.5427961,2,2,32.26127,208.29713,0.4494078,41.603218,2.5515006,1.1630754,43,26,1,9,0.031977642,0.022944018,10.157743,0.004946404,0.0034331414,0.008704424,0.008482694625854492,0.012154139490301594,True
53924,11,1.1984304,-1.9210285,2,2,60.549057,210.97795,0.47618508,75.71184,-1.9229639,1.1948204,36,16,1,9,0.019133292,0.018611863,8.642499,0.00587066,0.0028604749,-0.0019353628,0.0036100149154663086,0.004096075807204608,True
53924,-11,-1.9609752,1.9193752,1,2,60.549057,210.97795,0.18532063,77.56892,1.9220933,-1.966231,35,17,1,11,0.015156553,0.016393762,5.674378,0.004676382,0.0027749187,0.002718091,0.0052558183670043945,0.005917063920312706,True
53926,-11,-1.1717787,2.9582179,1,2,38.780476,370.66013,0.095907524,43.026974,2.9447637,-1.1281277,52,38,1,9,0.042908642,0.04688414,28.156,0.004750338,0.0030007032,-0.013454199,0.04365098476409912,0.04567738976072138,True
53926,11,1.9796146,-2.937435,2,2,38.780476,370.66013,0.10468831,52.824936,-2.9435809,1.975763,52,30,1,11,0.037060592,0.024086447,24.197853,0.004078319,0.002895772,-0.006145954,0.003851652145385742,0.007253135612637689,True
53927,-11,-1.7960223,1.6285702,1,2,87.0636,232.9924,0.086939864,108.535416,1.6288896,-1.7971817,39,16,1,7,0.012554466,0.013884604,5.9320064,0.0056387424,0.0026265923,0.0003193617,0.0011594295501708984,0.0012026091504497793,True
53927,11,1.3621912,-1.6528759,2,2,87.0636,232.9924,0.6839068,104.058266,-1.6519859,1.3617913,43,19,1,7,0.014278492,0.010726554,8.197122,0.006176746,0.002691454,0.00089001656,0.0003999471664428711,0.0009757495608603122,True
53928,-11,0.33942682,1.7783567,1,2,45.318977,139.36342,0.4142471,52.20818,1.7789694,0.3384431,30,16,1,9,0.012737042,0.011608828,5.706784,0.0045955684,0.0029257485,0.00061273575,0.0009837150573730469,0.001158939347565785,True
53928,11,-2.7748964,-1.7997465,2,2,45.318977,139.36342,0.18748522,58.79506,-1.7997503,-2.7730634,35,21,1,9,0.013758419,0.011197107,6.292198,0.00492032,0.0026575774,-3.8146973e-06,0.0018329620361328125,0.001832966005636595,True
53929,-11,1.6421723,-1.9436692,1,2,49.66687,179.63048,0.32472873,63.774723,-1.9466941,1.6403375,40,18,1,9,0.023556383,0.019284084,7.096648,0.0070361947,0.0030077812,-0.0030249357,0.001834869384765625,0.003537934675668128,True
53929,11,-1.4786887,1.9746878,2,2,49.66687,179.63048,0.79606,61.41231,1.9725406,-1.4837228,46,23,1,9,0.025979236,0.018565426,11.878433,0.007862912,0.0034228258,-0.0021471977,0.005034089088439941,0.005472888705820894,True
53931,-11,1.3012655,-1.8374615,1,2,90.65614,293.56055,0.9177137,109.616776,-1.8389362,1.3017637,41,27,1,11,0.013134649,0.017947989,8.385423,0.004490473,0.0028933503,-0.0014747381,0.0004981756210327148,0.0015566089985909809,True
53931,11,-1.827435,1.8494222,2,2,90.65614,293.56055,0.91713583,113.54877,1.8488158,-1.8271265,45,21,1,9,0.014722549,0.017586065,7.702364,0.0049861125,0.0027498098,-0.00060641766,0.0003085136413574219,0.0006803844693512458,True
53932,11,1.167239,-2.447142,2,2,93.331505,553.8585,0.73591506,114.443245,-2.4418266,1.159224,52,27,1,9,0.025966162,0.019972324,7.875122,0.004741562,0.002325355,0.005315304,0.008014917373657227,0.009617242577368314,True
53932,-11,-1.9809705,2.4867156,1,2,93.331505,553.8585,0.99929845,114.26088,2.4856648,-1.9847836,51,26,1,13,0.028938038,0.026217112,9.813892,0.0048682275,0.0028611934,-0.0010507107,0.00381314754486084,0.003955260683078857,True
53933,11,2.9439886,-2.716324,2,2,54.324802,413.32846,0.42664424,71.8172,-2.725979,2.9371543,48,28,1,9,0.02960214,0.024475932,9.884029,0.0040291334,0.0030140115,-0.009654999,0.006834268569946289,0.011829041732717822,True
53933,-11,-0.20634645,2.7198095,1,2,54.324802,413.32846,0.28243577,66.31604,2.7181387,-0.21298856,48,28,1,9,0.040864363,0.0067553613,12.160163,0.005211454,0.0030568643,-0.0016708374,0.00664210319519043,0.006849031499462513,True
53935,-11,-0.38157874,-2.9398375,1,2,86.86279,826.46063,0.38978645,101.58025,-2.9411135,-0.36590686,50,23,1,9,0.022557784,0.020799175,25.095392,0.0024259023,0.0019282096,-0.0012760162,0.015671879053115845,0.015723740346634194,True
53935,11,2.7643607,2.9465687,2,2,86.86279,826.46063,0.3696774,58.230015,2.952785,2.7947824,52,11,1,11,0.010940806,0.00874496,17.181479,0.0011380712,0.00059112895,0.0062162876,0.030421733856201172,0.031050348200248396,True
53936,-11,-2.8221035,-2.8362067,1,2,45.734215,390.647,0.0503133,46.036972,-2.8314342,-2.8411286,48,26,1,11,0.039415833,0.006356555,14.6899395,0.004832782,0.0028204974,0.0047724247,0.019025087356567383,0.01961453507899367,True
53938,-11,0.2515267,2.5976202,1,2,84.96429,573.6742,0.72897685,106.72603,2.6006966,0.25128105,51,27,1,9,0.022701796,0.028068472,8.612101,0.0034541055,0.0025413276,0.003076315,0.00024566054344177246,0.0030861079972350847,True
53938,11,-2.8837078,-2.5972798,2,2,84.96429,573.6742,0.9961,112.913826,-2.6058626,-2.8882167,49,33,1,11,0.030691931,0.020943558,10.674302,0.0045120004,0.002885994,-0.00858283,0.00450897216796875,0.009695143720798821,True
53944,11,-1.5381045,-1.6180807,2,2,91.10204,233.93845,0.03563366,109.33321,-1.6190131,-1.5364321,36,16,1,7,0.010807188,0.01078325,6.1229615,0.0048069446,0.002690393,-0.00093233585,0.0016723871231079102,0.0019147137695203471,True
53944,-11,1.5868297,1.5744429,1,2,91.10204,233.93845,0.9751852,109.76857,1.5775213,1.5893855,36,15,1,9,0.009924346,0.018621469,5.5000424,0.004653906,0.0027191609,0.0030784607,0.00255584716796875,0.004001159205351939,True
53945,11,-0.0021191777,2.399659,2,2,53.056885,291.39136,0.4665375,70.045,2.3957496,-6.5442095e-05,50,33,1,7,0.03793507,0.021503983,14.824931,0.007404775,0.0027828338,-0.0039093494,0.0020537355449050665,0.0044159757962191695,True
53946,-11,-1.7400658,-2.886289,1,2,68.498116,600.40045,0.0065156915,65.09608,-2.8915973,-1.7130817,52,19,1,13,0.023728395,0.01350041,15.34689,0.0025766643,0.0016499566,-0.0053083897,0.026984095573425293,0.027501280253654364,True
53946,11,1.4074986,2.8357022,2,2,68.498116,600.40045,0.9337907,73.03582,2.8177943,1.4193237,52,25,1,9,0.04418251,0.016085276,11.590935,0.0056435447,0.0019191008,-0.017907858,0.011825084686279297,0.021459823166795372,True
53953,11,1.601711,-2.7327907,2,2,16.856848,129.38911,0.5663059,27.976603,-2.7223792,1.594075,48,26,1,7,0.029971492,0.01824391,14.37299,0.003968071,0.0034252214,0.010411501,0.007636070251464844,0.012911580742767013,True
53953,-11,-1.5677564,2.7211978,1,2,16.856848,129.38911,0.6135088,26.99828,2.7213366,-1.5612533,45,26,1,7,0.034943633,0.03369657,17.890877,0.004769035,0.003120889,0.00013875961,0.006503105163574219,0.006504585382537144,True
53954,11,-2.2406807,-1.927665,2,2,44.715046,155.3375,0.21233775,54.252975,-1.9284168,-2.2364926,46,18,1,9,0.013247357,0.017788457,7.012686,0.0041289395,0.0024486303,-0.000751853,0.004188060760498047,0.004255013024278158,True
53954,-11,0.8767971,1.9066007,1,2,44.715046,155.3375,0.47829118,52.544357,1.9104987,0.8693301,30,14,1,9,0.014846595,0.01400179,5.5765047,0.004622628,0.002647435,0.0038980246,0.0074669718742370605,0.008423197972154448,True
53958,-11,-1.3508463,1.9335967,1,2,34.754868,122.56704,0.22627506,45.236935,1.9317116,-1.3560637,36,19,1,7,0.023120897,0.022136103,8.231307,0.0072968025,0.0032744117,-0.0018851757,0.005217432975769043,0.00554756651500055,True
53958,11,1.8212413,-1.9319791,2,2,34.754868,122.56704,0.5208147,45.090446,-1.9369234,1.8249165,47,23,1,9,0.02424097,0.020125598,13.92013,0.0072869207,0.0029480672,-0.0049443245,0.003675222396850586,0.00616064965202979,True
53961,11,-2.496734,-1.5030602,2,2,94.88673,221.05212,0.9915806,103.584114,-1.5042034,-2.4957485,41,15,1,5,0.00822399,0.015855592,5.6551876,0.0042122453,0.0027087836,-0.0011432171,0.0009853839874267578,0.0015092802434825705,True
53962,-11,-0.83595353,1.584475,1,2,2.9509811,7.521224,0.23247272,6.6057425,1.582524,-0.8394678,41,14,1,5,0.023055531,0.02236524,15.547961,0.011081296,0.0028218464,-0.0019510984,0.0035142898559570312,0.004019579369554657,True
53963,11,-2.2291346,2.8430948,2,2,86.51196,749.14886,0.75858104,110.385,2.8250566,-2.2304091,51,21,1,11,0.027634596,0.022649545,9.788941,0.0034094972,0.0017403185,-0.018038273,0.0012745857238769531,0.018083247793767014,True
53964,-11,-1.3111906,2.2059598,1,2,97.505226,461.8153,0.9690539,118.54035,2.2055817,-1.3117063,50,21,1,9,0.018441048,0.014449153,9.652167,0.0042999904,0.0024239323,-0.00037813187,0.0005156993865966797,0.0006394760087485634,True
53964,11,1.8383065,-2.269257,2,2,97.505226,461.8153,0.1766569,117.5946,-2.271893,1.8352977,45,19,1,9,0.026239539,0.012756235,7.6502833,0.005472707,0.003022296,-0.0026359558,0.0030088424682617188,0.004000174500440087,True
53971,-11,1.2095203,1.5930583,1,2,14.926652,38.78202,0.81685233,12.479843,1.5972956,1.2096617,32,15,1,11,0.021161528,0.015716415,7.555897,0.009428388,0.0034088278,0.004237294,0.00014138221740722656,0.004239652256635088,True
53972,11,2.7612216,1.9990132,2,2,74.88096,281.36655,0.07151067,88.356094,1.9991634,2.7591085,48,16,1,9,0.018350605,0.019092578,7.0881553,0.0052520665,0.0029069397,0.0001502037,0.0021131038665771484,0.0021184355321531853,True
53972,-11,-0.39359784,-1.9984199,1,2,74.88096,281.36655,0.19483238,85.17522,-2.0003188,-0.39120817,41,17,1,11,0.013707723,0.013628949,7.1925287,0.0038657626,0.0025623082,-0.0018988848,0.002389669418334961,0.0030522587204907595,True
53973,-11,-2.5608993,-2.6633887,1,2,25.397686,183.1145,0.6010993,36.94161,-2.6412427,-2.5444179,45,22,1,9,0.042611096,0.019453801,10.354871,0.0063756574,0.0036906279,0.022145987,0.016481399536132812,0.027605819006333986,True
53974,-11,-2.1121233,-2.675503,1,2,71.36745,513.40936,0.10873387,88.22492,-2.677536,-2.1239724,51,27,1,11,0.029004026,0.024581062,15.086542,0.0039826334,0.0025632582,-0.0020329952,0.011849164962768555,0.01202230343315545,True
53974,11,1.0364913,2.6477253,2,2,71.36745,513.40936,0.7880354,92.009026,2.6425912,1.0235237,43,29,1,9,0.030791128,0.02910459,9.623208,0.0045454963,0.0028161514,-0.0051341057,0.012967586517333984,0.013946947372631175,True
53975,11,1.6769662,-2.8478427,2,2,25.286863,213.8052,0.5676409,31.817919,-2.838455,1.6762202,49,15,1,7,0.053443003,0.008804255,17.14588,0.006677179,0.0022937444,0.009387732,0.0007460117340087891,0.009417326529550183,True
53975,-11,-1.4814838,2.8015525,1,2,25.286863,213.8052,0.9911106,29.011585,2.7889638,-1.4900739,52,27,1,9,0.025510928,0.006043606,20.392761,0.0031992982,0.0022685074,-0.012588739,0.008590102195739746,0.01524028288816048,True
53977,11,-0.36204433,2.2308183,2,2,13.803059,64.87127,0.09740228,34.030045,2.254648,-0.34714496,41,22,1,30,0.04457434,0.040072598,16.860907,0.009506158,0.003078379,0.023829699,0.014899373054504395,0.028104196735327547,True
53977,-11,2.7229416,-2.2277389,1,2,13.803059,64.87127,0.9578096,10.241937,-2.2355986,2.7106376,34,18,1,7,0.023380008,0.020366428,9.3942175,0.005180015,0.0039471043,-0.007859707,0.012304067611694336,0.014600173627915216,True
53978,11,-0.124422014,2.3035684,2,2,66.56427,336.96765,0.109597154,88.821945,2.2987523,-0.124193825,44,23,1,11,0.020333666,0.026300265,10.92561,0.0041680695,0.0027394556,-0.0048160553,0.00022818893194198608,0.004821458163317911,True
53978,-11,3.0062973,-2.306573,1,2,66.56427,336.96765,0.47411633,75.42507,-2.3071454,3.0026612,37,18,1,9,0.017876782,0.017620698,6.380684,0.003675125,0.0028633154,-0.000572443,0.0036361217498779297,0.003680906461434132,True
53979,11,-1.481334,-1.8069968,2,2,8.991975,27.956741,0.0,12.239316,-1.8083313,-1.4757395,35,21,1,9,0.018759836,0.01613421,12.302617,0.0064945053,0.003040157,-0.0013344288,0.005594491958618164,0.005751438116366364,True
53981,11,-1.1684828,-1.9686799,2,2,43.28628,153.3958,0.49751586,47.248188,-1.9675132,-1.1642503,42,16,1,9,0.014186589,0.01922741,6.293801,0.004281413,0.002500676,0.0011667013,0.004232525825500488,0.004390383447037257,True
53981,-11,1.9487046,1.9080098,1,2,43.28628,153.3958,0.90483123,38.0463,1.9111248,1.9199837,40,24,1,9,0.034547564,0.033287857,17.059639,0.010739731,0.0039307144,0.003115058,0.028720855712890625,0.028889291081814487,True
53982,-11,2.8832598,-1.7918166,1,2,72.465454,218.55011,0.19647606,87.56923,-1.7924958,2.8829134,37,18,1,9,0.011544567,0.011370354,6.177208,0.00421514,0.0028028097,-0.00067925453,0.0003464221954345703,0.0007624926599925622,True
53982,11,-0.24093433,1.7455559,2,2,72.465454,218.55011,0.05756749,89.126175,1.7473977,-0.2414864,33,16,1,13,0.014385047,0.0144608505,6.508359,0.005511912,0.0026674853,0.0018417835,0.0005520731210708618,0.0019227457506963861,True
53985,-11,2.5232875,2.2555509,1,2,72.77341,343.6003,0.062423132,93.5606,2.2554111,2.516678,39,22,1,9,0.024691766,0.016448896,8.002058,0.005442606,0.0028467656,-0.00013971329,0.006609439849853516,0.006610916345824895,True
53985,11,-0.60765505,-2.2126853,2,2,72.77341,343.6003,0.53344214,99.98179,-2.2190378,-0.60213923,45,23,1,9,0.020938236,0.02441842,10.161851,0.004755859,0.0022558519,-0.0063524246,0.0055158138275146484,0.00841293645781238,True
53987,-11,-1.8799627,-2.2967064,1,2,61.679646,311.8151,0.71117055,80.923004,-2.2946928,-1.874657,49,28,1,9,0.019358007,0.020722963,14.691434,0.0040693176,0.0026990012,0.0020136833,0.005305647850036621,0.005674929020773132,True
53987,11,1.2733887,2.3107066,2,2,61.679646,311.8151,0.75965697,81.28994,2.3116713,1.265671,47,16,1,9,0.02522411,0.019445475,9.265739,0.005237362,0.0027751026,0.0009646416,0.007717728614807129,0.007777780424542774,True
53996,-11,0.19364773,2.9266596,1,2,32.169533,300.9247,0.39283246,38.92456,2.920361,0.22057113,52,31,1,9,0.03340924,0.020880373,19.133844,0.0037554593,0.0021584337,-0.006298542,0.02692340314388275,0.027650339387292226,True
53996,11,-2.9359527,-2.9255888,2,2,32.169533,300.9247,0.5711554,45.99528,-2.9046612,-2.9338858,51,37,1,9,0.028476719,0.02511098,25.4449,0.0031222762,0.001862065,0.020927668,0.0020668506622314453,0.021029482807766023,True
54002,11,-0.21971963,2.2413125,2,2,64.31259,302.60733,0.28100652,78.728645,2.2404206,-0.21718663,36,19,1,9,0.015694212,0.013410176,6.2288613,0.003438689,0.0024436954,-0.0008919239,0.0025330036878585815,0.0026854489259673345,True
54007,11,1.2973288,2.674557,2,2,12.357283,91.64497,0.77452004,13.872639,2.6690106,1.2563376,49,29,1,7,0.041510716,0.03811138,24.417212,0.0057705897,0.004771381,-0.0055463314,0.04099118709564209,0.04136470973564635,True
54007,-11,-1.8838037,-2.7103956,1,2,12.357283,91.64497,0.18699759,25.02934,-2.7268236,-1.8827238,52,27,1,9,0.04589841,0.04200202,32.14754,0.005883916,0.0038448155,-0.016427994,0.0010799169540405273,0.016463450320082743,True
54011,11,2.8576326,2.33829,2,2,59.13533,316.80246,0.42123044,43.18082,2.3364706,2.881275,52,18,1,7,0.024495406,0.018245645,13.096284,0.004774048,0.0022978007,-0.0018193722,0.023642301559448242,0.023712202303665057,True
54011,-11,-0.2955184,-2.3879094,1,2,59.13533,316.80246,0.1757164,75.22498,-2.3834288,-0.29952538,41,27,1,9,0.021938348,0.020297883,10.6843815,0.004247516,0.0022008219,0.0044806004,0.00400698184967041,0.006010963646195735,True
54012,11,-1.3167346,2.9196093,2,2,89.416245,845.1555,0.03878076,88.93501,2.8986754,-1.3245265,52,31,1,13,0.028913971,0.030053634,15.739184,0.0031421788,0.002703554,-0.020933867,0.007791996002197266,0.022337008907926115,True
54013,-11,0.16570944,1.9156754,1,2,27.508772,94.71095,0.06877967,34.76102,1.915324,0.16566141,40,20,1,7,0.019322027,0.018191786,9.31889,0.006132962,0.0028538539,-0.000351429,4.8026442527770996e-05,0.0003546954624726657,True
54013,11,-2.936291,-1.899884,2,2,27.508772,94.71095,0.5310401,35.939808,-1.9022822,-2.9334466,46,18,1,13,0.01794859,0.01973165,16.38024,0.005760072,0.002696192,-0.0023982525,0.0028443336486816406,0.0037204635249464286,True
54014,-11,2.6862655,-2.63201,1,2,46.720684,332.59116,0.43736267,47.789146,-2.6217191,2.6628907,49,23,1,11,0.04140725,0.02538831,43.30324,0.0062854257,0.0025657443,0.010290861,0.02337479591369629,0.025539829854873086,True
54014,11,-0.44447598,2.6701832,2,2,46.720684,332.59116,0.22762376,62.676136,2.671928,-0.44990695,51,29,1,11,0.027946882,0.024560288,10.874426,0.0038694881,0.0032368607,0.0017447472,0.00543096661567688,0.005704344049882824,True
54015,-11,0.43109453,-2.9556632,1,2,92.644966,906.3213,0.05399544,86.06151,-2.935452,0.41160688,51,21,1,13,0.033237312,0.010238282,14.278175,0.0037814768,0.0019358399,0.02021122,0.019487649202346802,0.028076002036948343,True
54015,11,-2.7065046,2.9868731,2,2,92.644966,906.3213,0.006064553,75.21554,2.9919052,-2.715633,48,8,3,11,0.014705793,0.0061572646,11.779776,0.0014911558,0.00023706438,0.0050320625,0.009128332138061523,0.010423439965118625,True
54016,-11,-2.4453263,1.8229887,1,2,43.680267,138.37589,0.8059732,56.333313,1.8251449,-2.4409776,32,18,1,9,0.025152607,0.017004354,9.334663,0.008910398,0.002358051,0.0021561384,0.0043487548828125,0.004853926465306328,True
54016,11,0.7235829,-1.8177342,2,2,43.680267,138.37589,0.82174605,50.902126,-1.8178109,0.72255754,39,14,1,7,0.016570253,0.028078305,8.580684,0.0058571235,0.0026685756,-7.665157e-05,0.001025378704071045,0.0010282397339305466,True
54018,11,1.9168558,-2.7426167,2,2,41.7549,320.7752,0.360484,38.704185,-2.7509837,1.9303573,50,10,1,7,0.050382737,0.011506421,14.562296,0.0067836065,0.002202658,-0.008367062,0.013501524925231934,0.015883919446009472,True
54018,-11,-1.2359784,2.7132308,1,2,41.7549,320.7752,0.5772929,50.688854,2.720498,-1.2454443,44,21,1,9,0.023428947,0.018997151,10.841516,0.0031733934,0.0023146565,0.0072672367,0.009465932846069336,0.011933843295507172,True
54020,11,-2.1405795,-2.742336,2,2,57.6972,455.9515,0.97067916,42.33896,-2.7473688,-2.162052,51,32,1,13,0.04740608,0.016085818,15.609691,0.0058564376,0.0026241667,-0.005032778,0.021472454071044922,0.022054367741489625,True
54020,-11,0.9930561,2.770467,1,2,57.6972,455.9515,0.61752105,59.439796,2.7860823,1.0005893,49,35,1,9,0.037480373,0.016679611,20.513159,0.0043560485,0.0020352805,0.015615225,0.007533133029937744,0.0173373396547934,True
54021,-11,-1.5499227,-2.2278774,1,2,53.666016,251.68764,0.6779994,67.83559,-2.2291896,-1.5547484,42,19,1,9,0.021640668,0.017456995,8.180258,0.004723218,0.0023403037,-0.0013122559,0.004825711250305176,0.0050009503608600195,True
54021,11,1.6062764,2.2261226,2,2,53.666016,251.68764,0.07518827,65.90408,2.21803,1.6161534,39,25,1,9,0.023867492,0.017269958,11.494285,0.0054427884,0.00262394,-0.008092642,0.00987696647644043,0.012768919985897296,True
54022,-11,-1.0343626,2.0571182,1,2,9.264787,36.033657,0.7442152,11.958122,2.0532932,-1.0379447,37,19,1,7,0.02247293,0.024599573,9.727859,0.006191713,0.0026534044,-0.0038249493,0.0035821199417114258,0.005240402708848948,True
54022,11,2.2102437,-2.013133,2,2,9.264787,36.033657,0.18709068,13.201726,-2.0101104,2.2238421,47,20,1,7,0.027184803,0.013834477,13.590394,0.007708041,0.0043835887,0.0030226707,0.013598442077636719,0.013930332557023977,True
54023,11,-0.24796689,2.4934452,2,2,7.6968718,46.18419,0.23242512,14.661648,2.4947803,-0.24396169,51,24,1,9,0.052566484,0.03574026,21.037971,0.0084753465,0.0036301084,0.001335144,0.0040051937103271484,0.004221869997136233,True
54024,11,-0.77243525,1.7395431,2,2,5.2570844,15.489444,0.84786844,8.668837,1.734523,-0.77792454,38,13,1,5,0.027715709,0.027973995,10.139751,0.010920896,0.0029803617,-0.0050200224,0.0054892897605896,0.007438610547704779,True
54024,-11,2.1228256,-1.7525156,1,2,5.2570844,15.489444,0.10874359,8.392801,-1.7490432,2.1098013,42,15,1,5,0.022387287,0.021452954,13.745827,0.008492932,0.0039011405,0.0034723282,0.013024330139160156,0.013479252153045058,True
54030,11,-2.1351278,2.6753356,2,2,26.682043,192.71094,0.977847,38.219627,2.6659226,-2.1352034,48,24,1,7,0.03609407,0.02578479,14.5563965,0.0052516963,0.0030579409,-0.009413004,7.557868957519531e-05,0.009413307186070696,True
54030,-11,0.9876343,-2.6558318,1,2,26.682043,192.71094,0.13385408,40.184,-2.6558454,0.99005175,52,27,1,9,0.03816745,0.032233965,18.74541,0.0055942712,0.0033476078,-1.3589859e-05,0.002417445182800293,0.002417483380731338,True
54031,-11,-0.033243176,2.190217,1,2,7.6240582,33.65599,0.62993485,11.204655,2.1865523,-0.054236658,41,20,1,5,0.030060371,0.02748257,15.282616,0.0070472527,0.0037138485,-0.003664732,0.020993482321500778,0.021310949318641054,True
54031,11,-3.065425,-2.1413028,2,2,7.6240582,33.65599,0.2634576,13.712348,-2.1416843,-3.061911,37,18,1,7,0.02500802,0.032822587,10.359324,0.0061744307,0.0047187884,-0.00038146973,0.003513813018798828,0.003534459093463072,True
54032,-11,-2.8236701,2.7069325,1,2,31.293558,235.31995,0.5662011,43.450626,2.712714,-2.8138385,49,25,1,7,0.030373013,0.02282614,17.460445,0.003981831,0.0032907268,0.005781412,0.009831666946411133,0.01140554259790682,True
54032,11,0.3332638,-2.7055485,2,2,31.293558,235.31995,0.41715816,32.743023,-2.7055702,0.35219365,51,28,1,9,0.053739447,0.014120805,15.690084,0.007129073,0.0031682611,-2.169609e-05,0.01892983913421631,0.018929851567502026,True
54034,11,0.00536053,-2.900031,2,2,98.454,897.46454,0.904609,120.77017,-2.8917289,-0.004766577,50,33,1,11,0.032533117,0.015967568,15.170307,0.003734004,0.0029382685,0.008302212,0.010127106681466103,0.013095228437251472,True
54034,-11,-3.140286,2.9001884,1,2,98.454,897.46454,0.27505332,120.50844,2.896368,-3.1366944,51,30,1,13,0.028129581,0.01646347,12.619386,0.0031968665,0.0028218203,-0.0038204193,0.0035915374755859375,0.005243543187044369,True
54035,11,1.5010697,1.6361737,2,2,82.24409,221.35222,0.91596675,89.615135,1.6349508,1.4991267,39,17,1,15,0.011316473,0.00901544,6.443011,0.004982628,0.0027495911,-0.0012229681,0.0019429922103881836,0.002295837470882554,True
54035,-11,-1.6579913,-1.6575105,1,2,82.24409,221.35222,0.99061006,99.72417,-1.6618559,-1.6465119,39,23,1,9,0.011864205,0.011417968,7.0086503,0.004957371,0.0025293117,-0.004345417,0.011479377746582031,0.012274313110010033,True
54036,11,-0.9793273,-2.1929755,2,2,32.125664,145.3165,0.063385375,43.034283,-2.1940355,-0.9768077,52,22,1,9,0.020062242,0.020853251,10.076165,0.004674933,0.00341435,-0.001060009,0.0025196075439453125,0.0027335034774590167,True
54036,-11,2.1369812,2.187002,1,2,32.125664,145.3165,0.7112597,17.976215,2.1910357,2.1681306,36,15,1,5,0.019809114,0.011510887,11.067349,0.0046361103,0.0031083375,0.004033804,0.03114938735961914,0.03140948754687274,True
54039,-11,-1.580751,-2.6936066,1,2,71.21798,527.8924,0.5653981,89.60348,-2.7040143,-1.5863398,47,33,1,9,0.024616392,0.028828455,13.234412,0.0033137184,0.002153136,-0.010407686,0.005588889122009277,0.011813365859586355,True
54041,11,-1.4428017,-2.7599373,2,2,36.257233,287.04626,0.9662393,38.173904,-2.7451205,-1.4527193,49,23,1,13,0.034456708,0.018919159,12.256719,0.004694588,0.0019809043,0.014816761,0.009917616844177246,0.017829625084977336,True
54041,-11,1.6862053,2.7563572,1,2,36.257233,287.04626,0.4169101,49.73126,2.7479446,1.6909825,52,18,1,11,0.033283953,0.02572416,19.700483,0.0044263485,0.0031571425,-0.0084126,0.004777193069458008,0.009674368289467931,True
54042,-11,-2.889867,-2.0636365,1,2,11.565156,46.503345,0.42129257,12.65909,-2.0692756,-2.9060452,44,15,1,5,0.031312242,0.026909688,14.147996,0.008270508,0.0036720552,-0.0056390762,0.016178131103515625,0.01713274951237008,True
54042,11,0.33137274,2.0745938,2,2,11.565156,46.503345,0.6774937,18.120352,2.0804095,0.3247735,38,24,1,7,0.032976463,0.029213121,11.401858,0.008377218,0.0026915637,0.0058157444,0.006599247455596924,0.008796189455683619,True
54047,-11,-1.1194834,2.5638556,1,2,29.392948,192.92783,0.9496277,43.710686,2.5630462,-1.1124377,52,25,1,7,0.0346306,0.03347206,14.378061,0.005406747,0.0038518307,-0.0008094311,0.007045626640319824,0.0070919696433120434,True
54047,11,2.040975,-2.5739083,2,2,29.392948,192.92783,0.064680666,46.777958,-2.576709,2.0298016,49,23,1,9,0.04475153,0.040737037,14.449383,0.0068103815,0.0030879928,-0.002800703,0.011173486709594727,0.011519146809309504,True
54048,-11,2.7607718,2.5007014,1,2,49.802574,309.11057,0.6316932,60.85064,2.4990387,2.7601695,39,25,1,9,0.019360809,0.018493941,8.191572,0.003257892,0.0023260466,-0.0016627312,0.0006022453308105469,0.0017684384027577872,True
54048,11,-0.36912528,-2.5239022,2,2,49.802574,309.11057,0.76006603,50.683796,-2.5333903,-0.39238372,51,26,1,9,0.04191588,0.029170081,12.735794,0.0066848774,0.0035626465,-0.009488106,0.023258447647094727,0.025119306065661037,True
57513,-11,-2.381595,-2.6549087,1,2,18.593727,132.44716,0.6858298,29.151714,-2.6366715,-2.3652434,52,34,1,7,0.045469023,0.026482824,30.017103,0.006933183,0.0024235821,0.018237114,0.01635146141052246,0.024494134142602587,True
57513,11,0.7873628,2.6482503,2,2,18.593727,132.44716,0.8812086,19.693579,2.6505377,0.7743925,45,19,1,7,0.02926802,0.014516507,14.012623,0.00431352,0.003235928,0.0022873878,0.012970328330993652,0.013170480627263581,True
57514,-11,-1.4367405,2.815477,1,2,60.6499,509.9069,0.88425845,68.063866,2.8090613,-1.4358646,51,17,1,9,0.03474446,0.0041976757,9.499356,0.0043644523,0.0028341662,-0.0064156055,0.0008759498596191406,0.00647512796433975,True
57514,11,1.7118582,-2.8219414,2,2,60.6499,509.9069,0.4671749,66.221,-2.8189487,1.7252223,49,18,1,9,0.02539221,0.0039215456,8.569569,0.0031359058,0.002209087,0.00299263,0.013364195823669434,0.013695165729537866,True
57517,11,2.6090486,2.2449198,2,2,99.12858,472.58344,0.75093865,119.02095,2.2432075,2.6099305,46,18,1,11,0.015252314,0.01321563,12.209614,0.0033546113,0.0025686529,-0.0017123222,0.0008819103240966797,0.001926087551642341,True
57517,-11,-0.540334,-2.2426023,1,2,99.12858,472.58344,0.9813499,117.95046,-2.246471,-0.5345219,37,23,1,9,0.023961343,0.010425329,7.5375733,0.005166908,0.0025495628,-0.0038685799,0.005812108516693115,0.0069818704764893,True
57518,-11,2.620167,1.7493694,1,2,51.974064,153.72044,0.9084556,60.55995,1.7483766,2.618972,34,15,1,7,0.012704457,0.019051414,7.5549107,0.0049083596,0.0023718083,-0.000992775,0.0011949539184570312,0.0015535498045276186,True
57518,11,-0.49659726,-1.7459815,2,2,51.974064,153.72044,0.0,68.10169,-1.7479621,-0.49433103,38,24,1,9,0.016957257,0.019092346,9.954301,0.0064541134,0.002820524,-0.0019806623,0.002266228199005127,0.003009786336526297,True
57520,-11,2.8290544,2.0749457,1,2,53.321266,217.48222,0.8909757,59.419765,2.0749114,2.8362017,43,21,1,11,0.021644998,0.016952569,9.165573,0.0057546897,0.0027171331,-3.4332275e-05,0.007147312164306641,0.007147394621761077,True
57520,11,-0.29551524,-2.0922613,2,2,53.321266,217.48222,0.27373898,66.05419,-2.0909536,-0.29503083,52,22,1,9,0.019745765,0.018520094,9.604661,0.0051783766,0.0029557075,0.0013077259,0.0004844069480895996,0.0013945598161107017,True
57525,-11,-2.6412718,2.6605473,1,2,53.95194,383.14984,0.9589822,70.43886,2.6592731,-2.6437492,52,22,1,9,0.026315164,0.025961932,11.742348,0.0037716143,0.0027043568,-0.0012741089,0.002477407455444336,0.002785839398728303,True
57526,-11,1.518905,-2.3317537,1,2,71.36914,373.85822,0.9388752,84.47921,-2.3320062,1.5156474,52,24,1,11,0.017427878,0.016735094,8.524415,0.003438395,0.0026490423,-0.00025248528,0.0032576322555541992,0.0032674021372727565,True
57527,-11,2.7265043,2.7540543,1,2,63.831825,500.3101,0.005397501,61.607468,2.7630045,2.7463307,49,20,1,13,0.0275789,0.0050093355,8.473114,0.0035965138,0.0024843866,0.008950233,0.019826412200927734,0.021753006661854018,True
57527,11,-0.40787953,-2.742045,2,2,63.831825,500.3101,0.39916837,71.158516,-2.7280133,-0.39306074,52,27,1,9,0.031831246,0.018696005,12.15951,0.004343482,0.0027427848,0.014031649,0.014818787574768066,0.020407930586988605,True
57528,-11,-2.781784,2.860291,1,2,10.026011,88.1352,0.31629866,15.683185,2.895485,-2.7912471,52,32,1,9,0.04208636,0.036210798,48.80495,0.0044117905,0.002720545,0.03519392,0.009463071823120117,0.036443953144219936,True
57530,-11,1.9032588,1.9204265,1,2,80.4332,275.90717,0.1632835,93.560646,1.9196386,1.9033464,43,17,1,13,0.016683219,0.012059519,7.2912335,0.0051929797,0.0027935992,-0.0007878542,8.761882781982422e-05,0.0007927113451889423,True
57530,11,-1.2247407,-1.8875496,2,2,80.4332,275.90717,0.2179272,96.752335,-1.8871022,-1.2278905,51,16,1,9,0.0184037,0.014411451,8.779016,0.00595951,0.0026120804,0.00044739246,0.003149747848510742,0.0031813631552778383,True
57531,11,0.26841766,-1.9775459,2,2,66.452225,238.29494,0.46510962,83.91754,-1.978816,0.27206904,48,18,1,9,0.014664566,0.01984432,8.118777,0.0043470953,0.0025479496,-0.001270175,0.0036513805389404297,0.003865995900951731,True
57531,-11,-2.8888648,1.923569,1,2,66.452225,238.29494,0.98350966,84.08855,1.9240792,-2.876636,34,17,1,11,0.020842703,0.01877894,6.2411737,0.006511297,0.002910858,0.00051021576,0.012228727340698242,0.012239366507060553,True
57532,11,-0.13083163,-2.6402078,2,2,71.415985,497.06937,0.9266223,91.50251,-2.6439455,-0.13507187,52,24,1,9,0.022126872,0.01580578,8.625368,0.0032287084,0.0026700674,-0.003737688,0.004240244626998901,0.00565243195118392,True
57533,11,0.03380467,2.9952962,2,2,48.709015,498.5784,0.07388105,15.344084,2.9856253,0.013494607,45,5,5,17,0.014791771,0.02008296,19.900543,0.0014974384,0.0005442122,-0.009670973,0.020310062915086746,0.022495029865475136,True
57538,-11,-1.124556,2.6565835,1,2,50.82601,355.29022,0.47791263,76.54394,2.6544473,-1.1216673,50,25,1,9,0.037702553,0.029170407,20.21137,0.0053878548,0.0034987149,-0.0021362305,0.0028886795043945312,0.0035927635456184533,True
57538,11,2.0271993,-2.6090436,2,2,50.82601,355.29022,0.7627749,82.06161,-2.6195717,2.0333858,51,28,1,7,0.060361143,0.030704787,19.35918,0.008677426,0.0034723014,-0.010528088,0.006186485290527344,0.012211192770242019,True
57541,-11,-2.2725446,-1.4903693,1,2,6.9950304,16.213707,0.37663424,5.815266,-1.4982395,-2.3059568,36,13,1,5,0.015205678,0.019720338,8.514561,0.0076819067,0.0029238772,-0.007870197,0.03341221809387207,0.03432661251628665,True
57543,-11,0.33126566,-1.5067489,1,2,66.19961,154.02966,0.9461651,76.96133,-1.508738,0.32897612,40,20,1,5,0.012114344,0.013541462,7.2904434,0.005990807,0.0028346346,-0.0019891262,0.0022895336151123047,0.003032917272045379,True
57544,-11,-1.3075135,2.2935293,1,2,2.4074595,11.983351,0.48195425,4.3179116,2.3068364,-1.3153158,39,18,1,3,0.017118488,0.03469136,14.550119,0.0035255253,0.002275448,0.013307095,0.007802367210388184,0.015425812718948785,True
57544,11,2.1396284,-2.2898421,2,2,2.4074595,11.983351,0.10305086,14.131812,-2.2978609,2.1359348,52,19,1,7,0.047532618,0.035224475,24.079607,0.009597614,0.004817661,-0.008018732,0.0036935806274414062,0.008828510942270646,True
57545,11,-0.5752198,1.4932768,2,2,92.349655,215.30238,0.558482,105.97724,1.4936829,-0.57564634,42,14,1,7,0.007918629,0.010789921,7.1775146,0.0042132074,0.0025081376,0.00040602684,0.0004265308380126953,0.0005888856856357584,True
57545,-11,2.5479035,-1.4869037,1,2,92.349655,215.30238,0.935371,87.46972,-1.489569,2.544548,41,14,1,5,0.009080638,0.019581353,8.802438,0.0047301953,0.002361685,-0.0026652813,0.0033555030822753906,0.00428522172867771,True
57548,11,1.9942949,1.8058314,2,2,54.319954,169.8675,0.012689706,68.49566,1.8070546,1.9927129,50,17,1,9,0.015190001,0.014069662,6.4742546,0.0054413965,0.0027165008,0.0012232065,0.001582026481628418,0.001999760476939762,True
57548,-11,-1.1696132,-1.807548,1,2,54.319954,169.8675,0.2788273,61.185318,-1.8092119,-1.1718855,39,15,1,9,0.0138712255,0.017645054,7.033737,0.004950533,0.0029376503,-0.001663804,0.0022722482681274414,0.0028162663621285893,True
57550,11,2.9680095,2.2335215,2,2,67.838425,322.8149,0.79733866,84.74824,2.2306783,2.9665134,42,20,1,9,0.016927876,0.014337348,8.107486,0.0037841883,0.0029409714,-0.0028431416,0.0014960765838623047,0.0032127401776245504,True
57550,-11,-0.1849487,-2.2503035,1,2,67.838425,322.8149,0.7406226,76.55558,-2.250424,-0.18761899,42,22,1,9,0.023792043,0.017766586,7.542188,0.0052186702,0.002468345,-0.00012040138,0.0026702880859375,0.002673001113878319,True
57551,11,0.25821167,-2.2959378,2,2,15.594815,78.09341,0.764983,24.027037,-2.2913435,0.25347266,44,24,1,9,0.029411947,0.022904927,14.209973,0.0061708973,0.0035429231,0.004594326,0.00473901629447937,0.006600462618897697,True
57551,-11,-2.9302325,2.2922318,1,2,15.594815,78.09341,0.1262434,21.881525,2.2866755,-2.9270227,51,23,1,9,0.027926173,0.019400459,14.965285,0.005964703,0.003862131,-0.005556345,0.003209829330444336,0.006416850704766842,True
57554,-11,-1.8661373,-1.8511403,1,2,56.83165,185.46005,0.2491408,72.14382,-1.8565991,-1.8686973,46,15,1,9,0.016796932,0.023727177,7.97939,0.005653231,0.00299606,-0.005458832,0.0025600194931030273,0.006029307114836929,True
57554,11,1.2957749,1.8519828,2,2,56.83165,185.46005,0.55523884,75.28675,1.8538737,1.2955493,52,20,1,9,0.017841974,0.013981912,10.19556,0.005907253,0.0025551468,0.0018908978,0.0002256631851196289,0.0019043156567285515,True
57556,-11,-2.379314,2.2021732,1,2,21.863552,100.00667,0.30632442,30.063692,2.1925623,-2.3802893,40,19,1,11,0.042452686,0.029093299,12.17361,0.010249051,0.0032405378,-0.009610891,0.0009753704071044922,0.009660257889599079,True
57556,11,0.79906714,-2.200726,2,2,21.863552,100.00667,0.8571838,21.909021,-2.2061489,0.7905785,43,23,1,7,0.028037565,0.025689721,12.949614,0.006326638,0.003606793,-0.0054228306,0.008488655090332031,0.01007295178250709,True
57558,-11,-2.2926383,-1.5034224,1,2,37.861336,90.58324,0.8671839,28.600756,-1.5064186,-2.2798936,43,14,1,5,0.010638857,0.012756844,6.171352,0.0054806327,0.0028503884,-0.0029962063,0.012744665145874023,0.013092125179561686,True
57558,11,0.8925964,1.5343021,2,2,37.861336,90.58324,0.8205389,33.024685,1.5350208,0.87169594,25,13,1,5,0.00951152,0.014420494,4.5061736,0.0046902373,0.0027921246,0.0007187128,0.020900487899780273,0.02091284157002983,True
57564,11,-3.0623655,-1.7619555,2,2,51.148487,153.10313,0.7166557,64.69188,-1.7646971,-3.0645351,42,17,1,11,0.01660335,0.021771016,6.478417,0.0060895598,0.0026421389,-0.0027415752,0.0021696090698242188,0.0034962034067787836,True
57564,-11,0.05434246,1.758852,1,2,51.148487,153.10313,0.11337,63.532017,1.7609633,0.052349858,41,25,1,11,0.017945608,0.015479239,8.427659,0.006539242,0.0022747891,0.0021113157,0.001992601901292801,0.002903121840862003,True
57565,-11,1.6472143,-1.586468,1,2,21.267246,54.84249,0.95788044,23.045046,-1.5891817,1.6744885,44,17,1,9,0.024893226,0.019810285,13.764626,0.012177367,0.00259626,-0.0027136803,0.027274250984191895,0.027408918751286718,True
57565,11,-1.423362,1.6152482,2,2,21.267246,54.84249,0.13733035,28.656809,1.6135154,-1.4165946,32,14,1,7,0.01641695,0.014982274,5.795411,0.007556323,0.0030269832,-0.0017328262,0.006767392158508301,0.0069857199615001205,True
57566,11,-1.3009638,-2.6901448,2,2,46.82732,358.56924,0.7521337,62.781925,-2.6890903,-1.306221,51,25,1,9,0.030134635,0.028114974,13.024976,0.004117916,0.003018675,0.0010545254,0.005257248878479004,0.005361966941404672,True
57566,-11,1.830535,2.7601416,1,2,46.82732,358.56924,0.8668625,63.141605,2.74651,1.8276485,49,30,1,11,0.034148537,0.029055154,12.517043,0.0045519746,0.0032857682,-0.013631582,0.002886533737182617,0.013933847933727922,True
57569,11,2.2921576,2.5741575,2,2,22.627144,150.81723,0.9109562,41.267925,2.575048,2.2950215,49,26,1,9,0.04710947,0.032911863,15.421982,0.0074956655,0.0047224145,0.0008904934,0.0028638839721679688,0.002999134856740873,True
57569,-11,-0.87351364,-2.5947807,1,2,22.627144,150.81723,0.53769493,31.028112,-2.5682456,-0.86746234,47,27,1,7,0.048937656,0.02520306,15.332645,0.007936133,0.0027823038,0.026535034,0.006051301956176758,0.0272162872979033,True
57571,-11,2.816875,1.5744482,1,2,55.450798,138.98222,0.9115794,60.40751,1.5765291,2.8150778,31,17,1,7,0.011138957,0.008784523,5.335013,0.0052626566,0.0026583828,0.0020809174,0.0017971992492675781,0.0027495712745902547,True
57571,11,-0.29654297,-1.5648243,2,2,55.450798,138.98222,0.9384293,64.69845,-1.5643144,-0.307662,47,15,1,11,0.019477133,0.015071537,20.49704,0.009786054,0.0026369037,0.00050997734,0.011119037866592407,0.011130726839103612,True
57572,11,2.3671155,1.7005237,2,2,3.6785407,10.525474,0.27193657,9.396346,1.701786,2.3751388,45,16,1,5,0.02853448,0.032967843,14.644978,0.011583649,0.0036793111,0.0012623072,0.008023262023925781,0.008121954990909067,True
57572,-11,-1.1384206,-1.73509,1,2,3.6785407,10.525474,0.5646824,7.9936905,-1.7024169,-1.1073811,39,18,1,5,0.03558647,0.026249077,11.4071045,0.014121331,0.00442652,0.03267312,0.03103947639465332,0.0450664165801336,True
57575,11,-0.76941144,1.7401354,2,2,82.655594,243.10313,0.64065623,101.91951,1.7402209,-0.7674536,35,16,1,7,0.013914931,0.01867848,6.008325,0.0053518736,0.0025789512,8.547306e-05,0.001957833766937256,0.0019596986255670562,True
57575,-11,2.356497,-1.7433075,1,2,82.655594,243.10313,0.076052,102.19024,-1.7427114,2.3580031,31,17,1,11,0.01051299,0.011385362,5.5669236,0.0040173978,0.0024729609,0.00059604645,0.0015060901641845703,0.0016197465698477513,True
57576,11,2.992926,2.2809167,2,2,54.248863,268.81805,0.5305298,62.523796,2.2812095,2.9894319,42,25,1,7,0.020128943,0.02068494,10.341904,0.0042632055,0.0033652764,0.00029277802,0.0034940242767333984,0.0035062693297220828,True
57576,-11,-0.16227345,-2.2856236,1,2,54.248863,268.81805,0.085752055,63.144722,-2.2923,-0.1549839,35,21,1,9,0.022148661,0.008501051,7.478348,0.00452899,0.0027144875,-0.0066764355,0.00728955864906311,0.009884961071211808,True
57577,-11,1.4186254,-2.4921763,1,2,57.304703,356.22595,0.26555526,67.02928,-2.4902875,1.4249502,50,21,1,9,0.02380654,0.025553916,8.217991,0.003987536,0.003553511,0.001888752,0.006324887275695801,0.006600877449701094,True
57577,11,-1.7127862,2.5359225,2,2,57.304703,356.22595,0.06544904,74.150185,2.5364888,-1.7046884,49,29,1,9,0.029711327,0.04294986,13.812589,0.0048054922,0.002686774,0.0005662441,0.00809776782989502,0.008117541267920627,True
57579,-11,-1.2072833,-1.9205935,1,2,57.13474,198.22925,0.97902983,69.097,-1.9207354,-1.2032523,35,21,1,9,0.0185703,0.017442396,7.2323923,0.005819011,0.0026245755,-0.00014185905,0.004030942916870117,0.004033438333534748,True
57579,11,1.9532198,1.9108857,2,2,57.13474,198.22925,0.41341588,78.847786,1.9118025,1.9529816,43,25,1,9,0.020787887,0.016560815,11.755554,0.0065085692,0.0028700684,0.00091683865,0.00023818016052246094,0.0009472712796953586,True
57583,-11,-1.0882396,2.9349976,1,2,74.07076,703.0516,0.36609444,90.52638,2.9395657,-1.0783558,51,34,1,11,0.030661797,0.015232269,13.361855,0.0033940114,0.0019052235,0.0045681,0.009883761405944824,0.010888355106102697,True
57583,11,2.0583663,-2.946579,2,2,74.07076,703.0516,0.83567095,73.54784,-2.9660127,2.0557005,49,20,3,11,0.02869654,0.009992466,12.302251,0.0031193618,0.002366099,-0.019433737,0.0026657581329345703,0.01961571820271154,True
57584,11,-1.1867402,-1.9183391,2,2,27.998058,98.66911,0.41013807,40.911453,-1.916961,-1.1851326,39,21,1,7,0.026017483,0.024049725,10.68597,0.008269699,0.0037168323,0.0013781786,0.0016075372695922852,0.002117440035221459,True
57584,-11,1.9169041,1.9460284,1,2,27.998058,98.66911,0.55556196,39.76745,1.9414061,1.9132591,44,18,1,9,0.025775755,0.027248701,15.279395,0.007947558,0.0025861808,-0.004622221,0.0036449432373046875,0.005886470802577314,True
57587,-11,2.3938432,2.5339499,1,2,20.168575,129.53575,0.65716153,29.464521,2.5285342,2.4027503,49,18,1,7,0.036804043,0.030805804,17.752077,0.005971617,0.0032080372,-0.005415678,0.008907079696655273,0.010424281154270148,True
57587,11,-0.71965724,-2.5600145,2,2,20.168575,129.53575,0.60436475,28.166924,-2.564956,-0.70825464,52,24,1,9,0.029527625,0.01352119,16.998669,0.004590314,0.0030118797,-0.0049414635,0.011402606964111328,0.012427288786396935,True
57588,11,2.1573985,1.637485,2,2,60.732674,162.72992,0.20167977,64.42626,1.6379833,2.1604018,36,17,1,7,0.013032428,0.011670492,8.9929905,0.005732619,0.0026034662,0.00049829483,0.003003358840942383,0.0030444148970520868,True
57588,-11,-1.0079948,-1.6465073,1,2,60.732674,162.72992,0.39790723,68.16531,-1.6464998,-1.0215427,45,21,1,9,0.01750513,0.021288974,11.924963,0.007729789,0.0027159487,7.5101852e-06,0.013547897338867188,0.01354789942047722,True
57594,-11,1.009551,2.6837249,1,2,87.621506,638.0805,0.3844358,59.146065,2.6833405,1.0276818,42,28,1,13,0.020849744,0.014225257,12.727783,0.002878484,0.0024796715,-0.00038433075,0.018130779266357422,0.018134852272086378,True
57594,11,-2.126409,-2.664052,2,2,87.621506,638.0805,0.4926265,104.62747,-2.6640413,-2.1298356,49,25,1,9,0.027026867,0.019803036,7.883408,0.0039577745,0.0027832068,1.0728836e-05,0.0034265518188476562,0.003426568615272628,True
57595,-11,-1.5190747,-2.6920416,1,2,15.994072,118.01242,0.4615604,19.80375,-2.6997736,-1.4997023,52,18,1,7,0.028690817,0.010787654,12.806255,0.003991956,0.0017718222,-0.0077319145,0.01937234401702881,0.020858336813739546,True
57595,11,1.6531578,2.6822512,2,2,15.994072,118.01242,0.55876356,31.653372,2.6846912,1.6522708,52,28,1,7,0.03916842,0.027639296,33.010853,0.0053316564,0.0033070066,0.0024399757,0.0008870363235473633,0.0025962116278360806,True
57597,-11,0.10388551,-1.9439435,1,2,92.954834,329.59738,0.896351,116.63592,-1.9464364,0.10438017,42,18,1,9,0.015356136,0.018132811,6.053586,0.0045804307,0.0023614757,-0.0024929047,0.0004946589469909668,0.0025415076496193797,True
57597,11,-3.0263584,1.9329011,2,2,92.954834,329.59738,0.08244546,111.46288,1.9324983,-3.0274127,38,24,1,9,0.015066778,0.016494341,6.470155,0.0046299123,0.0029590614,-0.0004028082,0.0010542869567871094,0.0011286165977393554,True
57598,-11,0.11435943,1.9213122,1,2,61.67388,217.59825,0.9339395,72.39937,1.9238338,0.123809844,34,20,1,9,0.015541443,0.01517164,6.4474673,0.0048334054,0.0029163747,0.002521634,0.009450413286685944,0.009781050547802182,True
57598,11,-3.0100574,-1.9453148,2,2,61.67388,217.59825,0.174994,79.49286,-1.9459369,-3.00954,40,17,1,9,0.016461113,0.011288803,6.880252,0.0048635234,0.0030431282,-0.0006221533,0.0005173683166503906,0.0008091629424115654,True
57606,-11,-2.8487496,-2.0405378,1,2,54.587032,219.55278,0.71304363,64.70714,-2.0397155,-2.8473358,37,20,1,9,0.01965885,0.015388438,7.583914,0.0054772315,0.0030032822,0.0008223057,0.0014138221740722656,0.0016355671096419354,True
57606,11,0.30973598,2.098647,2,2,54.587032,219.55278,0.8251003,63.923332,2.099255,0.31519246,42,16,1,7,0.021051738,0.021174544,7.6152663,0.005432473,0.0024721096,0.0006079674,0.005456477403640747,0.005490243162883086,True
57607,11,-2.1180735,2.5011432,2,2,64.18574,400.72784,0.9071522,77.40679,2.505659,-2.123064,49,25,1,11,0.029652447,0.020049818,9.271176,0.0049216365,0.0031020083,0.0045158863,0.004990577697753906,0.0067304601909033476,True
57607,-11,1.0143924,-2.5355148,1,2,64.18574,400.72784,0.5101233,87.19434,-2.536474,1.0104263,51,32,1,11,0.029281575,0.029358245,12.714574,0.0045795473,0.0026261746,-0.00095915794,0.003966093063354492,0.004080426221389196,True
57608,-11,0.97905993,-2.4081213,1,2,97.92101,546.4234,0.70624334,125.6166,-2.4082012,0.97402763,44,27,1,9,0.025325783,0.02561545,9.755971,0.0046147984,0.0030562629,-7.9870224e-05,0.00503230094909668,0.005032934739787612,True
57608,11,-2.1558752,2.4004042,2,2,97.92101,546.4234,0.9824315,128.77074,2.4039433,-2.1556263,52,29,1,11,0.039908588,0.026670381,13.866689,0.0071278387,0.00268608,0.0035390854,0.00024890899658203125,0.0035478276555427676,True
57609,11,0.6965172,2.634945,2,2,38.689274,277.04065,0.82633626,59.187897,2.6266341,0.69633293,48,28,1,7,0.04225559,0.01969414,14.347913,0.006320627,0.0035942066,-0.008310795,0.0001842975616455078,0.008312838137156017,True
57609,-11,-2.4581304,-2.679249,1,2,38.689274,277.04065,0.14215936,49.987034,-2.6728792,-2.45011,51,23,1,13,0.031786148,0.025435368,12.396768,0.0045716045,0.0023498414,0.006369829,0.008020401000976562,0.010242146037815824,True
57610,-11,3.122837,-2.0290482,1,2,30.61899,118.25603,0.043326918,40.322895,-2.0315478,3.1268651,39,18,1,9,0.023282496,0.023196694,9.494126,0.006342877,0.002769364,-0.0024995804,0.0040280818939208984,0.0047406060621734275,True
57610,11,0.012670256,2.025397,2,2,30.61899,118.25603,0.74396324,43.0306,2.0267222,0.01517666,47,26,1,7,0.021475298,0.02220668,14.98283,0.0058835773,0.0029425153,0.0013251305,0.002506404183804989,0.0028351424436223373,True
57611,11,-1.3256426,-1.9409977,2,2,67.75599,242.53745,0.5335238,72.929596,-1.9426758,-1.315076,34,15,1,7,0.015893262,0.02044318,5.7479486,0.004795479,0.0031258878,-0.0016781092,0.0105665922164917,0.010699014980464423,True
57611,-11,1.8004849,1.955646,1,2,67.75599,242.53745,0.56634474,86.6595,1.9548886,1.8019197,40,17,1,9,0.014454078,0.014925901,7.0644464,0.004377359,0.0027115503,-0.0007574558,0.0014348030090332031,0.0016224669496719107,True
57613,11,1.9773817,-2.9213426,2,2,17.76268,166.24524,0.90013486,24.278896,-2.9233415,1.9735453,51,23,1,7,0.02967278,0.022411764,32.071342,0.0031543246,0.0026937404,-0.0019989014,0.003836393356323242,0.00432591269678263,True
57613,-11,-1.18591,2.9320161,1,2,17.76268,166.24524,0.16839352,21.10722,2.9242668,-1.2084203,52,12,1,9,0.048331376,0.007495133,21.303696,0.0054727388,0.0029370063,-0.007749319,0.022510290145874023,0.0238068290125983,True
57617,-11,-2.0247114,2.349674,1,2,18.749662,100.14765,0.9746991,30.551651,2.348563,-2.0403564,40,26,1,11,0.029846972,0.036196984,16.160313,0.0058645764,0.0035567225,-0.0011110306,0.01564502716064453,0.015684427429903804,True
57619,11,2.709828,-2.5835245,2,2,59.44266,406.3457,0.08540785,84.885216,-2.5823493,2.7101145,44,27,1,9,0.025524056,0.02377283,10.060437,0.0039573116,0.0029368198,0.0011751652,0.0002865791320800781,0.0012096035441018912,True
57621,-11,0.49947158,-2.6360922,1,2,50.249355,353.49564,0.5834385,73.703636,-2.634665,0.49998188,52,31,1,9,0.033940237,0.03397268,12.91408,0.0050702184,0.003419325,0.0014271736,0.0005103051662445068,0.0015156635143152332,True
57623,11,1.3012971,1.7561328,2,2,45.873432,135.83463,0.37136143,55.074226,1.7575375,1.301348,44,16,1,7,0.016263582,0.015893603,8.029069,0.006020696,0.0027034667,0.0014046431,5.0902366638183594e-05,0.0014055650676110707,True
57623,-11,-1.868356,-1.7417576,1,2,45.873432,135.83463,0.79871285,55.62808,-1.7425963,-1.8681026,37,15,1,9,0.011524838,0.012797951,6.2475467,0.0044795,0.002718039,-0.00083863735,0.00025343894958496094,0.0008760958253000907,True
57624,-11,-2.723233,1.903285,1,2,59.96288,207.1891,0.98352635,81.78554,1.9029043,-2.7168155,38,24,1,9,0.025768252,0.026687177,10.681761,0.0083751045,0.0029726634,-0.00038075447,0.006417512893676758,0.006428798154208982,True
57625,-11,1.3360132,-2.8109438,1,2,21.191608,175.9414,0.8227135,17.660816,-2.8165624,1.3539711,50,15,1,15,0.04235318,0.008190574,19.090096,0.0051440694,0.003580707,-0.0056185722,0.01795792579650879,0.01881636130198031,True
57625,11,-1.7850556,2.8012078,2,2,21.191608,175.9414,0.30084774,29.967197,2.8116238,-1.7852131,52,24,1,9,0.055631448,0.03129794,23.269327,0.0064315884,0.0034644045,0.010416031,0.00015747547149658203,0.010417221042974552,True
57627,-11,-0.39008197,2.5334282,1,2,71.09194,438.91965,0.9165423,77.02272,2.5359468,-0.3904242,43,26,1,9,0.020017298,0.010730234,8.562606,0.0032173356,0.0029851878,0.0025186539,0.0003422200679779053,0.0025417969804694207,True
57627,11,2.7597651,-2.4810226,2,2,71.09194,438.91965,0.6520011,90.83978,-2.4905303,2.7562232,44,25,1,7,0.020906238,0.019439831,8.724501,0.0035589507,0.0025437314,-0.009507656,0.0035419464111328125,0.010145979834379289,True
57628,11,-0.37342337,-2.1191516,2,2,75.75918,318.5685,0.6780966,92.1649,-2.1220915,-0.37234434,52,14,1,7,0.025077969,0.011273358,6.7716765,0.0060702204,0.0032354365,-0.0029399395,0.0010790228843688965,0.0031316984273866678,True
57631,11,-1.7362044,-1.7660686,2,2,45.911556,136.98099,0.7189706,57.32044,-1.7702247,-1.7297817,42,15,1,7,0.018991804,0.024708876,7.8211255,0.0069533405,0.0027809336,-0.0041561127,0.006422638893127441,0.007650069469273846,True
57631,-11,1.3775532,1.7479401,1,2,45.911556,136.98099,0.29997742,51.56158,1.748085,1.3705688,43,14,1,9,0.011624837,0.02207552,6.699346,0.0044282954,0.0028021978,0.0001449585,0.0069844722747802734,0.006985976375766246,True
57635,11,2.1554246,-1.6061364,2,2,4.141445,10.702622,0.69572335,2.9434001,-1.608444,2.1083975,37,8,1,3,0.023225866,0.00816518,26.248476,0.00998382,0.002454729,-0.0023075342,0.0470271110534668,0.04708369025547677,True
57636,11,1.5996943,2.740618,2,2,57.244434,448.58713,0.40076813,72.980034,2.7299104,1.5885628,52,27,1,9,0.03422853,0.018112656,11.362292,0.004726459,0.0025330654,-0.010707617,0.0111314058303833,0.0154454281763129,True
57637,11,0.5823747,2.071062,2,2,50.319958,199.6473,0.7895108,64.37465,2.0713484,0.5891527,46,27,1,9,0.023016524,0.023144761,11.962146,0.006000451,0.0024003556,0.0002863407,0.00677800178527832,0.006784047405896007,True
57637,-11,-2.5777872,-2.0392911,1,2,50.319958,199.6473,0.670629,64.04493,-2.0380545,-2.577289,47,16,1,9,0.01621714,0.012523642,6.8070726,0.004445903,0.002459539,0.0012366772,0.0004980564117431641,0.0013332031183353541,True
57642,-11,-1.2802261,-2.4990714,1,2,27.128405,163.59921,0.66142976,45.1356,-2.496431,-1.2731686,49,32,1,7,0.03914523,0.030589107,20.83972,0.0067520076,0.0033179778,0.0026402473,0.007057547569274902,0.007535242763695756,True
57642,11,1.8836284,2.4673102,2,2,27.128405,163.59921,0.20768905,44.196724,2.4700375,1.8777467,46,30,1,9,0.03626635,0.041912682,19.285141,0.006298538,0.0044041737,0.0027272701,0.005881667137145996,0.006483209899222875,True
57643,11,-2.5534625,2.4733152,2,2,7.4107428,44.688652,0.8919604,14.534849,2.4798687,-2.573446,49,27,1,7,0.03272624,0.020849839,16.53195,0.005574254,0.004884065,0.0065534115,0.019983530044555664,0.021030660357210705,True
57643,-11,0.5067322,-2.493314,1,2,7.4107428,44.688652,0.03726152,15.759975,-2.4753225,0.5268489,40,26,1,9,0.04739107,0.041387126,16.345682,0.008355213,0.0032352547,0.017991543,0.020116686820983887,0.026988455199675535,True
57644,11,-0.20680265,-2.5381103,2,2,3.5951114,22.677551,0.55222225,2.5988061,-2.5315874,-0.24727911,38,19,1,7,0.05160533,0.013863691,13.875912,0.008371402,0.0040447926,0.006522894,0.04047645628452301,0.04099867873725067,True
57644,-11,2.7746024,2.5212965,1,2,3.5951114,22.677551,0.91239685,11.03002,2.4961524,2.7746158,44,24,1,5,0.047040947,0.038135353,20.102383,0.00800651,0.004152531,-0.0251441,1.33514404296875e-05,0.0251441036209605,True
57645,11,0.12408096,-2.9689543,2,2,90.07245,874.9963,0.29598787,78.61715,-2.9603055,0.08988309,52,38,1,11,0.029142693,0.017673023,16.671616,0.003089308,0.0027859479,0.008648872,0.03419787436723709,0.03527460281413983,True
57646,-11,-0.49804014,-2.723924,1,2,92.619255,704.5164,0.99333864,112.70097,-2.72377,-0.5003228,48,20,1,11,0.020711606,0.016878033,8.255912,0.0027655028,0.0026093365,0.0001540184,0.0022826790809631348,0.002287869195310785,True
57647,11,-0.14492525,-2.2815742,2,2,72.452866,357.53818,0.8450026,81.43219,-2.2790265,-0.14622349,40,26,1,7,0.025027692,0.020534402,9.67387,0.0054167844,0.003158214,0.002547741,0.0012982338666915894,0.0028594395995797197,True
57647,-11,2.9864335,2.2764916,1,2,72.452866,357.53818,0.98030114,78.79082,2.2765872,2.9849198,42,23,1,11,0.021643795,0.017450895,8.370407,0.004559189,0.0030695545,9.560585e-05,0.0015137195587158203,0.0015167357650675527,True
57649,-11,-2.7309043,2.2961261,1,2,17.932905,89.92519,0.14046718,25.589493,2.2907922,-2.7318218,43,20,1,7,0.024647998,0.02081583,17.098759,0.0051424718,0.002511495,-0.0053339005,0.0009174346923828125,0.005412225007657504,True
57649,11,0.4513873,-2.294799,2,2,17.932905,89.92519,0.97245574,26.165201,-2.301373,0.44757652,44,18,1,7,0.025127294,0.017538426,12.34555,0.0051945657,0.0030375465,-0.0065739155,0.0038107633590698242,0.007598571085113593,True
57652,11,-1.2931209,2.884795,2,2,39.342583,352.73752,0.4927353,43.426517,2.882379,-1.3188807,52,38,1,9,0.03370103,0.027850216,27.760248,0.0037714755,0.0024682325,-0.0024158955,0.02575981616973877,0.025872856045001648,True
57652,-11,1.8382556,-2.8820941,1,2,39.342583,352.73752,0.42971298,45.043926,-2.8706646,1.8569394,52,25,1,9,0.041988626,0.030634917,26.7424,0.004661129,0.0034316182,0.011429548,0.018683791160583496,0.021902480051479996,True
57653,11,1.3769476,2.4213593,2,2,42.006187,239.87831,0.9148713,48.32361,2.4187682,1.3660355,43,22,1,7,0.02125859,0.013917007,14.868316,0.003897709,0.0027001665,-0.0025911331,0.010912179946899414,0.011215598157344525,True
57653,-11,-1.7798401,-2.4341142,1,2,42.006187,239.87831,0.88438606,62.679222,-2.4219098,-1.7835723,49,24,1,9,0.042488374,0.031196836,14.941184,0.008010253,0.0029873005,0.012204409,0.0037322044372558594,0.012762324767570526,True
57654,11,0.90137714,-2.2037725,2,2,54.670414,243.84094,0.1904983,67.60253,-2.1961823,0.9087073,48,24,1,11,0.026749123,0.019188905,9.243363,0.0063607665,0.0029113663,0.007590294,0.007330179214477539,0.010551970794906603,True
57657,11,0.07111406,-2.4771137,2,2,39.328724,232.92606,0.2632516,53.018177,-2.479089,0.06788131,46,24,1,9,0.030683767,0.019909589,10.539406,0.0051471884,0.004144486,-0.001975298,0.0032327547669410706,0.0037884700381725024,True
57658,11,1.3951052,2.7814496,2,2,62.70788,522.49536,0.9981829,80.210556,2.7914107,1.3809426,49,32,1,9,0.030195214,0.031214377,15.14131,0.003612597,0.0024701708,0.009961128,0.014162659645080566,0.01731487808285953,True
57658,-11,-1.7534485,-2.8387027,1,2,62.70788,522.49536,0.1407652,76.17388,-2.8351073,-1.7634333,44,26,1,9,0.021864368,0.0053751348,7.8106804,0.0026231597,0.0022223871,0.0035953522,0.009984850883483887,0.010612436308983786,True
57659,11,-2.4388027,-2.9068012,2,2,51.5479,479.18893,0.7238746,58.247227,-2.9001696,-2.4554763,49,22,1,9,0.03166478,0.0057980255,15.030251,0.003552618,0.0025337264,0.006631613,0.016673564910888672,0.01794396989865273,True
57660,11,0.3468464,-2.025403,2,2,4.5977297,17.94589,0.6931625,5.8214936,-2.0148149,0.3023041,40,17,1,1,0.031891495,0.03354254,15.804734,0.009090461,0.002416957,0.010588169,0.04454231262207031,0.04578347885997321,True
57661,11,-2.560675,-1.9683409,2,2,57.283226,206.57918,0.76375574,71.485695,-1.9677284,-2.5615819,36,22,1,7,0.021292448,0.019131973,8.682179,0.0063820984,0.0029259017,0.00061249733,0.0009069442749023438,0.0010943952195995572,True
57661,-11,0.56285423,1.9438947,1,2,57.283226,206.57918,0.24665298,78.29039,1.9464575,0.5622026,52,25,1,11,0.025790954,0.018681154,13.058067,0.0077112406,0.0026248577,0.0025627613,0.0006516575813293457,0.0026443152349711696,True
57663,11,-2.4988568,2.0201461,2,2,61.25043,238.50723,0.8894446,89.14454,2.0234356,-2.4985979,43,29,1,7,0.026009426,0.030443434,13.2471075,0.0073313015,0.002500299,0.0032894611,0.0002589225769042969,0.0032996357167263276,True
57663,-11,0.62713146,-2.0514739,1,2,61.25043,238.50723,0.6086877,73.73567,-2.0499403,0.6236526,41,20,1,11,0.014779162,0.01891418,8.274536,0.0040273177,0.0029523915,0.0015335083,0.0034788846969604492,0.0038018793304510066,True
57665,11,-1.6187116,-2.1183157,2,2,42.365578,181.77425,0.13393433,56.646297,-2.1190717,-1.6190947,39,23,1,11,0.027775398,0.014507436,14.858608,0.00691211,0.0026817548,-0.0007560253,0.00038313865661621094,0.0008475668151261261,True
57665,-11,1.5026021,2.1534753,1,2,42.365578,181.77425,0.7123465,49.299408,2.1522799,1.4942371,43,20,1,7,0.020914124,0.02576168,12.374555,0.0051445896,0.0025862842,-0.0011954308,0.008365035057067871,0.008450021668460105,True
57667,11,0.82804805,2.332479,2,2,77.586685,404.21573,0.84298164,98.29853,2.3342159,0.8310565,41,27,1,11,0.021826928,0.022863314,8.705127,0.004252335,0.0030463638,0.0017368793,0.003008425235748291,0.0034738123458780737,True
57667,-11,-2.322663,-2.33625,1,2,77.586685,404.21573,0.2962304,97.35726,-2.3379643,-2.3292036,39,25,1,9,0.020839231,0.0202394,6.989189,0.004118692,0.002997731,-0.0017142296,0.006540536880493164,0.00676144997399681,True
57670,-11,-2.4391499,-2.9127216,1,2,88.299416,812.11456,0.33587423,87.76386,-2.9092565,-2.4563656,52,15,1,11,0.02918943,0.0056790723,15.306862,0.003198224,0.0026342801,0.0034651756,0.017215728759765625,0.017561001071690688,True
57670,11,0.70694596,2.9054663,2,2,88.299416,812.11456,0.7326737,107.11973,2.9120755,0.72905403,52,28,1,11,0.025289908,0.024083763,20.447166,0.0027243136,0.0022658147,0.0066092014,0.022108078002929688,0.023074848982744072,True
57673,-11,-2.2998781,-2.2623224,1,2,26.670738,127.732895,0.584498,34.8207,-2.2583735,-2.2970078,39,20,1,11,0.020988202,0.027876511,7.3048134,0.0045942888,0.003593411,0.003948927,0.002870321273803711,0.004881881560162582,True
57673,11,0.8704131,2.234826,2,2,26.670738,127.732895,0.43934962,39.395702,2.2318711,0.8715537,47,18,1,9,0.021275537,0.01861904,23.23365,0.004777668,0.0026682478,-0.0029549599,0.001140594482421875,0.003167450611395856,True
57674,-11,-0.0032100386,-2.4719975,1,2,87.569664,525.73126,0.9535065,109.14045,-2.4676552,0.00028023034,48,17,1,13,0.02279646,0.019691188,14.9727,0.0039541833,0.0027170388,0.0043423176,0.003490268951281905,0.005571148869486723,True
57674,11,-3.1378784,2.485037,2,2,87.569664,525.73126,0.67063606,100.748024,2.485464,3.1351323,46,17,1,11,0.017872622,0.018431406,7.643686,0.003061716,0.0021886718,0.00042700768,-0.010174576436178029,0.010183532845249926,True
57683,11,1.830232,2.986347,2,2,93.77526,926.4555,0.014972271,59.960464,2.960899,1.8474253,52,17,1,13,0.03294308,0.007060357,13.320876,0.003592592,0.0015545278,-0.025447845,0.017193317413330078,0.030711609981047164,True
57684,-11,2.7511,-2.3815272,1,2,40.098328,224.11415,0.9923759,49.73651,-2.379057,2.7576838,37,23,1,9,0.025600553,0.019851156,8.566133,0.0049795844,0.0033834714,0.002470255,0.006583690643310547,0.007031866159947629,True
57684,11,-0.37425166,2.4308677,2,2,40.098328,224.11415,0.10755053,48.69117,2.4308126,-0.37167594,47,24,1,7,0.029303111,0.02079465,14.791306,0.005113985,0.0030804651,-5.507469e-05,0.0025757253170013428,0.0025763140589445807,True
57686,-11,-2.6902468,-1.9982994,1,2,98.28405,374.25998,0.7798724,126.77386,-1.9992974,-2.694711,45,17,1,11,0.017344384,0.014255782,7.5158434,0.0048386236,0.0025483426,-0.0009980202,0.004464149475097656,0.004574349658691539,True
57686,11,0.461294,2.0269995,2,2,98.28405,374.25998,0.8708116,125.50322,2.0288537,0.46526963,46,24,1,11,0.020857066,0.026904872,10.199172,0.0057113594,0.0022061404,0.0018541813,0.003975629806518555,0.004386755128407354,True
57693,11,0.5237672,2.003813,2,2,18.111294,67.52647,0.05959772,24.46784,2.0019624,0.5266043,52,20,1,7,0.012918453,0.017135907,14.519391,0.0037266826,0.0022454322,-0.001850605,0.0028371214866638184,0.003387328923617726,True
57693,-11,-2.6729844,-1.9779025,1,2,18.111294,67.52647,0.9517169,16.179163,-1.9915174,-2.6269445,47,19,1,9,0.03150713,0.027441705,30.096964,0.008752743,0.0027474363,-0.013614893,0.04603981971740723,0.048010731175818895,True
57697,11,-1.2379088,-1.7654206,2,2,64.28367,188.78784,0.5923109,76.2892,-1.7647941,-1.2363471,48,16,1,9,0.015589677,0.018776042,10.053458,0.0059311846,0.0028256094,0.0006264448,0.0015617609024047852,0.0016827151304665401,True
57697,-11,1.8834989,1.7156103,1,2,64.28367,188.78784,0.5388384,77.640396,1.71626,1.8813658,34,15,1,7,0.01255345,0.013940002,5.247508,0.0049565644,0.0027785972,0.0006496906,0.0021331310272216797,0.0022298757569591417,True
57703,-11,-0.6465128,2.0939255,1,2,24.539396,102.92021,0.050971735,36.61588,2.084752,-0.6426957,48,24,1,11,0.04046884,0.021268463,21.962284,0.0108901365,0.0028298926,-0.009173393,0.0038170814514160156,0.009935856963917942,True
57703,11,2.5309715,-2.1311486,2,2,24.539396,102.92021,0.94455475,33.81597,-2.1357276,2.5154898,51,22,1,7,0.02885495,0.025367092,13.260408,0.006945902,0.0035324725,-0.004579067,0.015481710433959961,0.016144696170338046,True
57704,11,3.1373146,2.199988,2,2,40.657505,184.15096,0.9432032,52.05304,2.201586,3.1315827,41,27,1,7,0.021532321,0.030393189,12.008872,0.0050571654,0.0028361774,0.0015981197,0.005731821060180664,0.005950441941467694,True
57704,-11,-0.024246356,-2.1827333,1,2,40.657505,184.15096,0.9783127,52.442665,-2.1853633,-0.017000126,39,18,1,9,0.020616947,0.020778114,6.093353,0.0048738276,0.0030315167,-0.0026299953,0.0072462297976017,0.007708743201271769,True
57705,11,-1.7012036,-2.0291455,2,2,96.96156,371.31567,0.49733675,117.52799,-2.028809,-1.7036935,47,25,1,11,0.018989097,0.013156161,9.354311,0.00505074,0.002302606,0.00033640862,0.002489924430847168,0.0025125473980905063,True
57705,-11,1.4304206,2.0077589,1,2,96.96156,371.31567,0.5798577,106.019554,2.0071,1.427323,42,23,1,9,0.01861256,0.023843743,8.986212,0.005323521,0.0027942462,-0.00065875053,0.0030976533889770508,0.0031669241835513215,True
57706,11,0.89277136,2.1666975,2,2,6.2705727,28.43288,0.34386328,9.62971,2.1773589,0.8983157,45,15,1,9,0.028917406,0.03308905,14.97007,0.0065773716,0.0038897882,0.010661364,0.0055443644523620605,0.012016848685713708,True
57706,-11,-2.3781304,-2.2203267,1,2,6.2705727,28.43288,0.50484836,15.372906,-2.2164576,-2.3999252,39,25,1,5,0.05083551,0.044638883,24.926754,0.01147682,0.0038602522,0.0038690567,0.021794795989990234,0.02213555357351507,True
57708,-11,1.5346531,1.7359886,1,2,23.54716,68.065834,0.17839842,27.666351,1.740526,1.5328382,46,14,1,9,0.012413288,0.013765803,6.2092347,0.0046896543,0.0024756938,0.004537344,0.0018148422241210938,0.004886833692054533,True
57708,11,-1.5507149,-1.7109628,2,2,23.54716,68.065834,0.42621005,28.782137,-1.7082984,-1.5500926,33,14,1,7,0.021786697,0.016258832,5.6287966,0.009093724,0.003087927,0.0026643276,0.0006222724914550781,0.0027360308242512154,True
57710,-11,1.8181126,-2.0065687,1,2,4.4090185,16.634327,0.11302726,9.314569,-1.9934119,1.8042186,47,14,1,5,0.038589586,0.02968802,43.715393,0.011247708,0.0037352643,0.013156772,0.013893961906433105,0.019134858546281466,True
57710,11,-1.0998111,2.003324,2,2,4.4090185,16.634327,0.06884037,8.108393,2.0041158,-1.0924124,39,18,1,7,0.024948532,0.022332879,15.1697,0.007164811,0.004389158,0.0007917881,0.007398724555969238,0.007440971270761514,True
57716,-11,2.0020509,2.1279447,1,2,47.37062,200.72873,0.9717469,57.702293,2.129413,2.0102677,41,23,1,17,0.021464307,0.023537926,8.1022215,0.005355717,0.0029136545,0.0014681816,0.00821685791015625,0.00834699413896733,True
57719,11,1.6930193,-2.0595005,2,2,75.82101,298.49854,0.01639783,96.700615,-2.0595822,1.6879874,40,17,1,9,0.018449292,0.018157663,6.6693273,0.0050356523,0.0023491,-8.177757e-05,0.0050318241119384766,0.005032488595602676,True
57719,-11,-1.4610174,2.0346854,1,2,75.82101,298.49854,0.35237515,96.15785,2.0352883,-1.4618475,45,19,1,9,0.014811229,0.016338076,8.078341,0.004060155,0.0028523318,0.0006029606,0.0008301734924316406,0.0010260358163662108,True
57720,-11,-2.6102314,-1.8779014,1,2,40.78794,137.28325,0.6382306,48.139053,-1.8786474,-2.6098971,41,21,1,9,0.020227574,0.023660671,7.7537084,0.0064979843,0.0029338128,-0.00074601173,0.0003342628479003906,0.0008174748673600186,True
57720,11,0.5587272,1.890142,2,2,40.78794,137.28325,0.077532664,52.96093,1.8873465,0.56169903,37,18,1,11,0.02185943,0.018568622,7.543796,0.0071947393,0.0029528763,-0.0027954578,0.002971827983856201,0.004079993443445849,True
57724,11,1.6661614,2.4104295,2,2,23.69159,131.74406,0.82371414,28.365019,2.4101853,1.6519842,52,22,1,7,0.025626983,0.018806955,12.33383,0.004682794,0.0030437768,-0.00024414062,0.014177203178405762,0.014179305152459827,True
57724,-11,-1.5031148,-2.3911383,1,2,23.69159,131.74406,0.18275188,31.091902,-2.394062,-1.5073303,45,22,1,9,0.029060861,0.023937006,14.710703,0.0053203395,0.0034669803,-0.002923727,0.0042154788970947266,0.005130150295386336,True
57727,-11,2.4823456,-2.0563328,1,2,33.350315,129.70609,0.46246034,43.59253,-2.0586941,2.4768565,52,19,1,7,0.019174151,0.01316564,7.960633,0.005090912,0.0030728125,-0.0023612976,0.0054891109466552734,0.005975455244205835,True
57727,11,-0.6306551,2.013046,2,2,33.350315,129.70609,0.33426687,41.796974,2.0125155,-0.6255835,42,20,1,9,0.021956015,0.018739434,9.251556,0.006098087,0.0025285813,-0.00053048134,0.005071580410003662,0.005099248798169266,True
57728,-11,-0.3200305,2.1045685,1,2,81.44856,340.09927,0.9377861,106.05416,2.1016924,-0.31505466,37,23,1,11,0.01836037,0.020122629,7.4135466,0.004646855,0.0024115439,-0.0028760433,0.004975855350494385,0.005747239475522447,True
57730,11,-1.877183,-2.1290076,2,2,41.76043,176.242,0.16700609,52.973694,-2.1317875,-1.8720229,32,16,1,9,0.0153843425,0.013654197,5.542227,0.0037632415,0.0025781048,-0.0027799606,0.005160093307495117,0.005861292012801305,True
57730,-11,1.2434932,2.1085713,1,2,41.76043,176.242,0.5396162,52.88279,2.1084776,1.2428948,48,25,1,7,0.02018573,0.024578681,12.87881,0.0052082236,0.0027598597,-9.36985e-05,0.0005984306335449219,0.0006057215799066511,True
57732,11,1.0973859,-1.8782878,2,2,7.1238127,23.740482,0.025119748,11.97877,-1.8892853,1.0969388,52,22,1,9,0.03010869,0.03061746,17.961924,0.009499988,0.0028684046,-0.010997534,0.0004470348358154297,0.011006615642945925,True
57732,-11,-2.202658,1.8708897,1,2,7.1238127,23.740482,0.25819254,8.218632,1.8703145,-2.22084,37,16,1,5,0.018752184,0.017540151,11.002831,0.006187891,0.0024117297,-0.0005751848,0.018182039260864258,0.018191134908217037,True
57733,-11,1.2752798,-2.4874446,1,2,27.724989,168.42673,0.53193843,37.045296,-2.486291,1.2696521,52,24,1,11,0.027783036,0.025720937,19.414389,0.004783226,0.0025959888,0.0011537075,0.005627632141113281,0.005744674443714145,True
57733,11,-1.8446996,2.493543,2,2,27.724989,168.42673,0.95794606,29.763605,2.4903944,-1.8466591,51,22,1,7,0.028074462,0.0246142,15.119631,0.004645459,0.0034913716,-0.0031485558,0.0019594430923461914,0.0037084795200981423,True
57734,-11,0.08477631,-2.9095664,1,2,14.33205,131.84885,0.06935407,18.843273,-2.9164279,0.11044548,52,26,1,7,0.043246184,0.046936084,33.060966,0.004776162,0.0041912487,-0.0068614483,0.025669164955615997,0.026570387699936384,True
57734,11,-3.0294218,2.9091709,2,2,14.33205,131.84885,0.28271502,23.6531,2.9184775,-3.023877,52,38,1,7,0.03345003,0.030256268,40.76207,0.003616235,0.0025386552,0.009306669,0.005544900894165039,0.010833282824656332,True
57735,11,0.069061995,2.9488344,2,2,94.97151,909.9309,0.41246185,115.06785,2.941022,0.08133351,52,36,1,11,0.027066259,0.014729866,15.7905035,0.0029854127,0.002323284,-0.0078125,0.012271516025066376,0.01454734552430308,True
57736,-11,-0.4063544,-2.1141834,1,2,20.649256,85.753395,0.6863647,17.421741,-2.1179032,-0.37168956,49,21,1,7,0.031816978,0.022987582,14.056733,0.007842571,0.004253671,-0.0037198067,0.03466483950614929,0.034863850324231144,True
57736,11,2.7783375,2.0903664,2,2,20.649256,85.753395,0.19369619,28.675596,2.092012,2.7781982,40,22,1,11,0.022424378,0.020388637,12.342145,0.005728736,0.003016393,0.001645565,0.0001392364501953125,0.0016514451449443591,True
57737,-11,0.91516393,2.4291124,1,2,70.70161,405.84866,0.8081774,84.10716,2.428842,0.9071174,43,22,1,11,0.020304522,0.01291611,9.838075,0.0035697503,0.0018395254,-0.00027036667,0.008046507835388184,0.00805104878140159,True
57738,11,-2.6330357,1.7030978,2,2,26.280636,75.58623,0.3347,35.94125,1.7070292,-2.625958,40,15,1,9,0.017346175,0.02602057,7.117634,0.006738953,0.0025326475,0.003931403,0.007077693939208984,0.008096275849498452,True
57743,11,1.4068955,-2.9896102,2,2,36.535397,367.08932,0.17275722,30.028988,-2.9807715,1.4070258,52,38,1,11,0.033195116,0.036984555,29.333605,0.0034346636,0.0021888344,0.008838654,0.0001302957534790039,0.008839613895176339,True
57745,-11,1.3725812,-1.5424814,1,2,92.76686,232.81337,0.47543326,96.96833,-1.5443559,1.3705101,30,14,1,7,0.00947904,0.009922233,6.0842834,0.0045858235,0.0026575886,-0.0018744469,0.0020711421966552734,0.002793417452347906,True
57745,11,-1.7521973,1.6006196,2,2,92.76686,232.81337,0.33938786,107.26716,1.6009673,-1.7518312,51,17,1,9,0.01211093,0.017610967,7.836869,0.005493182,0.0026409233,0.0003477335,0.0003660917282104492,0.0005049175564692654,True
57748,11,2.8931804,-2.8754911,2,2,16.906612,149.00293,0.6611035,16.358664,-2.879381,2.8711028,51,22,1,7,0.043302104,0.00975856,30.109638,0.0049791737,0.003225933,-0.0038897991,0.022077560424804688,0.022417609415089877,True
57748,-11,-0.27262667,2.8569932,1,2,16.906612,149.00293,0.018299479,14.910599,2.8328516,-0.2382524,52,25,1,9,0.040265083,0.0154659245,23.36567,0.0049325693,0.0026306175,-0.02414155,0.03437426686286926,0.04200481724521802,True
57751,-11,0.39319924,1.8102632,1,2,30.47881,94.911606,0.55265987,40.836224,1.8107265,0.3901767,45,24,1,7,0.015785715,0.019749366,9.102247,0.005664546,0.002631974,0.0004633665,0.003022521734237671,0.0030578335721755108,True
57753,11,2.6908557,-2.218593,2,2,20.27701,94.224205,0.8806058,26.505877,-2.2169273,2.6825016,39,20,1,9,0.03224298,0.021607097,9.333858,0.0074088722,0.0028641613,0.0016655922,0.00835418701171875,0.00851860540124751,True
57753,-11,-0.48973775,2.216637,1,2,20.27701,94.224205,0.32266042,34.152397,2.2220702,-0.48561692,44,30,1,9,0.04598975,0.043121275,23.445745,0.009803903,0.0024387075,0.005433321,0.004120826721191406,0.00681925145039722,True
57754,11,-0.20936275,2.74181,2,2,67.07471,518.23596,0.43303654,83.9165,2.739805,-0.21199413,50,30,1,9,0.030780254,0.012123588,17.051153,0.0041667814,0.0027162598,-0.0020051003,0.0026313811540603638,0.003308261411088835,True
57754,-11,2.9252732,-2.725376,1,2,67.07471,518.23596,0.189304,88.41042,-2.722946,2.9337037,46,21,1,11,0.032676376,0.034680378,13.29087,0.0044060387,0.0035805677,0.0024299622,0.00843048095703125,0.008773695074321066,True
57755,11,1.721186,2.5492802,2,2,33.788853,216.65366,0.72434735,35.34323,2.5548878,1.7061785,46,27,1,11,0.027473558,0.018359073,11.306275,0.00425204,0.0028947722,0.005607605,0.015007495880126953,0.016020929005803795,True
57755,-11,-1.4371332,-2.541119,1,2,33.788853,216.65366,0.08117857,50.547756,-2.5467951,-1.4276571,43,29,1,9,0.038842976,0.025264826,11.896621,0.0060943654,0.0043487274,-0.005676031,0.009476065635681152,0.01104595623144062,True
57756,11,-2.6580884,1.8860003,2,2,78.17245,263.39087,0.010862801,95.94612,1.8861183,-2.657561,42,15,1,11,0.01947141,0.01782161,7.2066245,0.0064785616,0.0028503595,0.0001180172,0.0005273818969726562,0.0005404255026928753,True
57756,-11,0.46923336,-1.8841814,1,2,78.17245,263.39087,0.97421956,92.33496,-1.8856887,0.47522613,42,28,1,9,0.015536142,0.019214112,8.873791,0.005077031,0.002759577,-0.0015072823,0.005992770195007324,0.006179416996179861,True
57763,-11,-2.6571527,-2.092667,1,2,27.674236,112.58851,0.023792922,42.293324,-2.0947077,-2.6554587,45,21,1,9,0.029273432,0.023532053,12.915602,0.007366131,0.0035857565,-0.0020406246,0.0016939640045166016,0.002652105357165572,True
57763,11,0.51732385,2.0694215,2,2,27.674236,112.58851,0.14058769,38.0141,2.070109,0.5145584,52,27,1,11,0.023685435,0.017783994,15.037874,0.006333756,0.0026701621,0.00068736076,0.002765476703643799,0.0028496186091588366,True
58017,11,-2.1123033,1.831774,2,2,4.9960375,16.08151,0.0,11.4821415,1.8418572,-2.109171,34,17,1,7,0.033779934,0.03340434,12.346045,0.011573077,0.0031054,0.010083199,0.003132343292236328,0.010558525774769515,True
58019,11,2.806792,2.8411448,2,2,63.44681,550.56555,0.9815275,78.28357,2.8388658,2.808391,51,22,1,11,0.029420123,0.017735803,19.210396,0.003476714,0.0024809407,-0.0022790432,0.0015990734100341797,0.002784075000876748,True
58019,-11,-0.3413818,-2.860059,1,2,63.44681,550.56555,0.9532639,47.994164,-2.8793044,-0.3573638,52,17,1,9,0.023717657,0.015622244,25.119194,0.002604235,0.0015574638,-0.019245386,0.015982002019882202,0.02501618038414941,True
58023,11,0.8424467,2.204155,2,2,70.1755,322.24554,0.9018933,89.73951,2.2034533,0.837204,39,23,1,7,0.020425927,0.022042613,7.3641734,0.004626499,0.0029388617,-0.0007016659,0.005242705345153809,0.005289451232488023,True
58023,-11,-2.310543,-2.206636,1,2,70.1755,322.24554,0.63264984,88.91543,-2.2052326,-2.3140037,52,21,1,9,0.025394548,0.02022429,9.242728,0.005914406,0.0028009284,0.0014033318,0.0034606456756591797,0.0037343551667614046,True
58024,11,-0.6675356,2.9295762,2,2,25.533588,237.29771,0.44398427,33.983192,2.929618,-0.6817616,52,38,1,9,0.031115571,0.016057752,34.339752,0.0034079615,0.0029904805,4.172325e-05,0.014226019382476807,0.014226080567053892,True
58028,-11,-0.41017178,1.708811,1,2,17.900122,50.915653,0.020298822,27.835398,1.7101737,-0.41458678,42,18,1,7,0.022659512,0.021928204,8.603555,0.009165946,0.0020445036,0.0013626814,0.004415005445480347,0.004620516598492207,True
58028,11,2.8066983,-1.7037871,2,2,17.900122,50.915653,0.8899651,23.379051,-1.7068927,2.8093169,51,19,1,7,0.020640843,0.024641816,13.917999,0.008155806,0.0034092225,-0.0031056404,0.002618551254272461,0.004062242337509643,True
58030,11,-1.8470939,1.8108838,2,2,40.9556,131.07695,0.32238925,54.75063,1.8122715,-1.8460592,39,18,1,7,0.014056711,0.019277535,6.4638886,0.0048936824,0.002701466,0.0013877153,0.0010347366333007812,0.0017310210137410924,True
58031,-11,-1.5456166,1.8347192,1,2,87.56118,279.68088,0.029066905,100.62225,1.8329539,-1.5415462,35,18,1,9,0.013145889,0.011725501,6.246247,0.0044452716,0.002603465,-0.0017652512,0.004070401191711426,0.00443669668990285,True
58032,-11,2.832037,2.4021113,1,2,92.90033,507.91354,0.2050889,107.017204,2.3960786,2.829181,40,19,1,9,0.026426734,0.019705337,6.7532954,0.0049891733,0.0026006645,-0.0060327053,0.002856016159057617,0.006674605655441267,True
58032,11,-0.30241442,-2.3651733,2,2,92.90033,507.91354,0.033467636,119.87612,-2.3666666,-0.30347037,46,28,1,11,0.02827593,0.014471055,9.408074,0.0055936244,0.0031199288,-0.0014932156,0.0010559558868408203,0.0018288618016305514,True
58035,-11,-1.2305574,2.745865,1,2,96.47106,749.57806,0.03376438,121.70442,2.7471707,-1.2454662,51,30,1,13,0.03912232,0.018337764,13.174516,0.0048813866,0.0019375082,0.0013055801,0.014908790588378906,0.01496584699600744,True
58035,11,1.9158294,-2.7326767,2,2,96.47106,749.57806,0.107910976,65.67116,-2.721235,1.8861185,52,21,1,13,0.017373027,0.015306599,10.464062,0.0023089547,0.0010953612,0.011441708,0.029710888862609863,0.03183786400466511,True
58036,11,-2.3265386,2.182488,2,2,67.9805,310.12018,0.46764147,80.84007,2.1868024,-2.3229442,41,22,1,7,0.024820736,0.015049623,7.447248,0.005630236,0.0034970352,0.0043144226,0.0035943984985351562,0.005615509148928951,True
58036,-11,0.80322886,-2.215111,1,2,67.9805,310.12018,0.7307769,85.55421,-2.211833,0.80580515,39,19,1,11,0.023833767,0.017457707,7.5117717,0.0056301868,0.0026353258,0.003278017,0.002576291561126709,0.004169253452002275,True
58041,-11,0.21163763,-2.4090075,1,2,6.5626044,36.544624,0.55206776,13.171536,-2.3948412,0.2504522,42,23,1,32,0.04788911,0.022971584,25.097157,0.008850471,0.004165451,0.014166355,0.03881455957889557,0.041318950353186716,True
58041,11,-2.830207,2.3961222,2,2,6.5626044,36.544624,0.5369489,6.5327077,2.3821006,-2.8149855,40,15,1,9,0.04113344,0.013561299,14.68868,0.0077971877,0.004763641,-0.014021635,0.015221595764160156,0.02069548823036496,True
58042,11,0.9854929,-2.4107397,2,2,11.996181,66.04593,0.765463,18.718304,-2.4138877,0.97054493,52,23,1,5,0.03564925,0.034913782,15.289278,0.0065272856,0.0036492646,-0.003148079,0.014947950839996338,0.015275851373713374,True
58042,-11,-2.211313,2.3710418,1,2,11.996181,66.04593,0.46531788,23.055641,2.363249,-2.2028027,52,26,1,9,0.05597826,0.02655823,17.580366,0.011064334,0.0034073305,-0.0077927113,0.008510351181030273,0.011539169263053654,True
58045,11,2.5557275,-1.986016,2,2,47.35514,175.76561,0.040506594,64.34967,-1.9866523,2.5546517,36,22,1,11,0.024190482,0.011222687,7.7536783,0.006895144,0.0031428593,-0.00063622,0.00107574462890625,0.0012498009254434173,True
58045,-11,-0.6070601,1.9859424,1,2,47.35514,175.76561,0.11676434,61.721268,1.9895914,-0.6077316,43,15,1,9,0.02271672,0.013674682,7.671482,0.0064240433,0.0028203588,0.0036489964,0.0006715059280395508,0.0037102687961718572,True
58046,-11,1.9236445,-1.795975,1,2,87.035645,268.77094,0.034684647,107.52115,-1.7978104,1.9234142,40,15,1,9,0.013520082,0.011251787,5.6837883,0.0047776285,0.0027115406,-0.0018354654,0.00023031234741210938,0.0018498587043408949,True
58046,11,-1.2038558,1.7908033,2,2,87.035645,268.77094,0.7558133,109.41866,1.7898602,-1.2059524,32,18,1,9,0.015963364,0.01759684,5.8406763,0.0059427563,0.0025123325,-0.0009430647,0.0020966529846191406,0.0022989834128458115,True
58047,-11,-2.6812675,-2.54232,1,2,19.476442,126.06261,0.5123616,38.33042,-2.5590608,-2.686456,46,30,1,9,0.043873336,0.038531482,19.37537,0.0066273417,0.0035489418,-0.016740799,0.005188465118408203,0.017526394841433316,True
58047,11,0.4891037,2.5673084,2,2,19.476442,126.06261,0.021519445,31.98903,2.5592763,0.51110935,52,26,1,9,0.0553392,0.031453405,24.776377,0.009042753,0.0028077739,-0.0080320835,0.02200564742088318,0.02342568856614924,True
58050,-11,2.7197323,-2.6060123,1,2,71.320595,488.18906,0.9374331,94.29921,-2.6039479,2.7160938,52,30,1,11,0.03380134,0.023496026,9.7649145,0.0049188673,0.0028306826,0.0020644665,0.0036385059356689453,0.0041833894415176185,True
58050,11,-0.41447064,2.6165931,2,2,71.320595,488.18906,0.8893097,85.233116,2.6202896,-0.42200702,43,25,1,11,0.023777235,0.019202335,8.251687,0.0035580823,0.002441214,0.0036964417,0.007536381483078003,0.008394088797077594,True
58053,-11,1.9919072,2.203757,1,2,96.953,442.89987,0.07901898,115.23469,2.2068112,1.9905633,41,21,1,11,0.01620228,0.0145197855,6.191844,0.0037629893,0.002384224,0.003054142,0.0013439655303955078,0.0033367688660203365,True
58053,11,-1.1413883,-2.1963904,2,2,96.953,442.89987,0.54593706,120.50741,-2.1968699,-1.1444763,48,27,1,9,0.021263804,0.021905381,9.478428,0.0050122202,0.0021700375,-0.00047945976,0.0030879974365234375,0.0031249975731033955,True
58054,-11,-2.5339413,-2.4832098,1,2,9.40916,57.868496,0.6318155,12.644502,-2.482502,-2.5427144,45,18,1,11,0.028693952,0.01844078,12.768241,0.00482711,0.0032248932,0.00070786476,0.008773088455200195,0.008801599488907208,True
58054,11,0.67049867,2.523459,2,2,9.40916,57.868496,0.5012548,14.996095,2.5331693,0.68661153,52,22,1,5,0.049776994,0.03431963,25.904585,0.0076848385,0.003356209,0.009710312,0.016112864017486572,0.01881261651664336,True
58055,11,3.0865684,-1.864694,2,2,37.58351,125.07617,0.59040457,46.75075,-1.8651022,3.0851433,37,15,1,9,0.016259184,0.01580231,6.1112185,0.005436889,0.003003392,-0.0004081726,0.001425027847290039,0.0014823323659023488,True
58055,-11,-0.08511794,1.8796961,1,2,37.58351,125.07617,0.47563276,45.270454,1.8832649,-0.08706366,38,24,1,9,0.020570591,0.019681586,8.255095,0.0065945205,0.002906601,0.0035687685,0.0019457191228866577,0.0040647179436516905,True
58057,11,-1.2294797,-2.8377364,2,2,53.319225,459.6617,0.21293332,54.44344,-2.8367193,-1.2334688,52,27,1,13,0.040450573,0.02006301,21.959166,0.0046290546,0.003491676,0.0010170937,0.003989100456237793,0.004116722234983824,True
58057,-11,1.9043456,2.8502293,1,2,53.319225,459.6617,0.61812395,51.238598,2.8523695,1.9135724,51,23,1,9,0.035020873,0.021630486,14.7313385,0.004163477,0.003061948,0.0021402836,0.009226799011230469,0.009471780918036786,True
58058,-11,-1.1041483,2.6963542,1,2,28.71007,208.68959,0.051982626,45.739475,2.6967988,-1.1094346,52,28,1,11,0.037523378,0.030765943,14.269144,0.0050376174,0.003794523,0.00044465065,0.0052863359451293945,0.005305003480237711,True
58058,11,2.054787,-2.6482296,2,2,28.71007,208.68959,0.45366362,40.8464,-2.6417706,2.0617359,52,28,1,7,0.037584793,0.029232003,12.926056,0.0056528337,0.0035278865,0.0064589977,0.006948947906494141,0.009487177132568496,True
58061,-11,0.18062735,-3.0294824,1,2,77.53229,809.72833,0.26760602,1.6641756,-2.9915504,0.19050257,52,9,1,13,0.023079189,0.052519064,48.132202,0.0022857157,0.0017294637,0.03793192,0.00987522304058075,0.039196307780304314,True
58063,11,0.60333574,1.4890907,2,2,89.42935,206.7284,0.42429602,100.685005,1.4915496,0.6023912,49,15,1,7,0.008462864,0.01173353,6.548577,0.0044532483,0.00262202,0.00245893,0.0009445548057556152,0.002634107149418895,True
58064,11,-2.0834656,-2.7530339,2,2,35.734028,283.45526,0.25168896,27.723726,-2.7511718,-2.05271,44,17,1,11,0.028445935,0.013287699,10.376628,0.0037374923,0.0027844307,0.0018620491,0.03075551986694336,0.03081183586135567,True
58064,-11,1.0454015,2.7672334,1,2,35.734028,283.45526,0.17220739,40.30367,2.8101032,1.0496311,51,33,1,11,0.070252106,0.03158046,24.41467,0.007998168,0.0038020231,0.042869806,0.0042296648025512695,0.04307795659830251,True
58065,11,-2.3457618,1.9117341,2,2,81.53996,283.2153,0.37665835,94.83066,1.911135,-2.3456943,45,18,1,11,0.016212134,0.015670253,7.0783005,0.0051228064,0.0030233504,-0.0005991459,6.747245788574219e-05,0.0006029331050928729,True
58065,-11,0.78258747,-1.922036,1,2,81.53996,283.2153,0.9683392,99.59515,-1.9182239,0.7881431,42,19,1,9,0.012251045,0.013885192,7.776848,0.0037953428,0.0027586143,0.0038121939,0.005555629730224609,0.006737792212991441,True
58066,-11,-0.2186805,-1.8155801,1,2,74.04657,233.7765,0.21034303,87.95601,-1.8130181,-0.21839567,37,20,1,9,0.01667387,0.014711236,7.0812726,0.0060413447,0.0027548815,0.002562046,0.00028483569622039795,0.0025778306992590653,True
58066,11,2.9391065,1.8179171,2,2,74.04657,233.7765,0.25276127,105.103386,1.8174946,2.9424481,47,26,1,9,0.0155077055,0.017686384,7.470924,0.0054829023,0.002885333,-0.00042247772,0.0033416748046875,0.0033682752153010712,True
58068,11,0.5292503,-2.8945649,2,2,63.54547,577.8306,0.059747063,79.383354,-2.8874977,0.5286449,52,23,1,9,0.02890094,0.016591951,17.350975,0.0030924731,0.001560236,0.0070672035,0.0006054043769836426,0.0070930868928005255,True
58068,-11,-2.6185906,2.9007177,1,2,63.54547,577.8306,0.7816217,45.819004,2.918195,-2.5919147,47,27,1,9,0.024490798,0.0038104875,12.506949,0.0026480525,0.00090295967,0.017477274,0.026675939559936523,0.03189139134807824,True
58069,-11,-1.6953323,-1.4978132,1,2,62.810925,148.39722,0.9876404,62.81079,-1.5026984,-1.6949228,37,14,1,7,0.011959246,0.010949981,5.991035,0.0060488684,0.0028804734,-0.0048851967,0.0004094839096069336,0.004902328375753386,True
58069,11,1.47295,1.511854,2,2,62.810925,148.39722,0.29326722,67.53221,1.5139784,1.4758906,52,15,1,5,0.013525685,0.016652355,10.51032,0.0069391034,0.0023328282,0.0021243095,0.002940654754638672,0.003627690888081434,True
58070,11,-0.145814,-2.994176,2,2,62.787155,630.3185,0.033969898,34.67992,-2.9829373,-0.14872979,52,38,1,13,0.030745883,0.032824624,21.812813,0.0031388632,0.0028355005,0.011238575,0.00291578471660614,0.011610657827239333,True
58073,11,2.9357328,1.5239953,2,2,26.254654,61.581318,0.989393,30.643381,1.5266591,2.9085774,41,18,1,11,0.015297316,0.019729134,9.576323,0.007547523,0.0025683295,0.0026638508,0.027155399322509766,0.02728574377416063,True
58075,11,2.8736727,-2.0008655,2,2,84.798546,311.5729,0.26955834,99.70292,-1.999972,2.8776765,42,23,1,11,0.015590011,0.0178941,9.931126,0.004495395,0.0024774508,0.0008934736,0.004003763198852539,0.004102245099597646,True
58075,-11,-0.2798963,1.9507419,1,2,84.798546,311.5729,0.34915456,109.5827,1.9514525,-0.27763307,39,25,1,9,0.018596375,0.014687374,7.8483105,0.005674204,0.0031305999,0.0007106066,0.0022632181644439697,0.0023721547483477666,True
58078,11,1.2789874,1.8553919,2,2,88.08461,293.25516,0.35089946,105.84325,1.8574121,1.2799993,48,17,1,9,0.014121914,0.012804928,9.560668,0.0047924775,0.0028196117,0.0020202398,0.0010118484497070312,0.002259470320244174,True
58078,-11,-1.8754483,-1.8900306,1,2,88.08461,293.25516,0.0007319883,105.20677,-1.8913376,-1.8755268,39,19,1,11,0.015705248,0.014547267,7.3557415,0.005122939,0.0020941251,-0.0013070107,7.843971252441406e-05,0.0013093622987445552,True
58079,-11,0.59568644,-2.8983417,1,2,52.273064,481.3059,0.056296222,61.45308,-2.8975341,0.59039986,52,19,1,11,0.025945408,0.008031657,17.857563,0.0028836743,0.0025557587,0.0008075237,0.005286574363708496,0.005347893330402293,True
58080,-11,2.5423536,-2.3145077,1,2,90.718155,461.70532,0.45732135,107.782745,-2.3127658,2.5457606,41,27,1,9,0.01852599,0.019707888,9.253052,0.0038477387,0.0026017746,0.0017418861,0.003407001495361328,0.0038264639695601566,True
58080,11,-0.5913434,2.3065586,2,2,90.718155,461.70532,0.75729835,106.48743,2.3058748,-0.58986306,43,25,1,9,0.023941707,0.019153181,7.355988,0.005065391,0.00307425,-0.0006837845,0.0014803409576416016,0.0016306350212757597,True
58081,11,0.63588953,-2.9972076,2,2,57.567085,564.7695,0.0,24.015604,-2.9902396,0.65047276,41,18,11,29,0.015066609,0.017303506,25.412498,0.0014775154,0.00034026572,0.0069680214,0.014583230018615723,0.016162423132015175,True
58081,-11,-2.5120738,2.9513426,1,2,57.567085,564.7695,0.728712,60.61286,2.931565,-2.5343523,50,33,1,11,0.040443335,0.013823216,23.807829,0.004478534,0.001759245,-0.019777536,0.022278547286987305,0.029790679924424,True
58083,-11,-1.2248883,-2.7613442,1,2,44.075775,348.7377,0.98557776,37.364285,-2.7943633,-1.2306136,51,11,1,7,0.049017794,0.013696605,21.991749,0.0056302603,0.0022895439,-0.033019066,0.005725264549255371,0.03351174963074867,True
58085,11,0.9815956,2.206514,2,2,18.578926,83.71379,0.5999215,30.552328,2.207675,0.97725946,40,26,1,7,0.030279871,0.034185246,16.852182,0.0069664414,0.0029869804,0.0011610985,0.004336118698120117,0.0044888834964795865,True
58085,-11,-2.2039514,-2.1660357,1,2,18.578926,83.71379,0.37608367,22.165508,-2.1751218,-2.216245,39,25,1,9,0.045999516,0.015734931,14.8151865,0.010244104,0.0029229464,-0.009086132,0.012293577194213867,0.015286917139331035,True
58089,11,1.392541,2.2251446,2,2,11.08812,51.712303,0.3446505,16.264612,2.2289662,1.395906,45,28,1,7,0.03346849,0.02971157,13.951304,0.0073347567,0.0030193632,0.0038216114,0.0033649206161499023,0.005091896000241906,True
58089,-11,-1.8201329,-2.2178233,1,2,11.08812,51.712303,0.38728276,16.124413,-2.2161307,-1.8200014,42,20,1,9,0.022389358,0.018332817,16.031412,0.0050270143,0.0031544717,0.0016925335,0.00013148784637451172,0.0016976332413008752,True
58090,11,-0.49757925,-1.7931198,2,2,24.285261,74.43554,0.84802085,22.456724,-1.7936549,-0.49578023,33,13,1,7,0.019763557,0.014565882,7.8442693,0.00702152,0.002700634,-0.0005351305,0.0017990171909332275,0.0018769196818036414,True
58091,-11,1.2664348,-2.5255256,1,2,5.244858,33.855736,0.25658533,13.368698,-2.5208876,1.2217075,43,24,1,9,0.051204983,0.03155441,18.121716,0.008268537,0.0047270935,0.0046379566,0.044727325439453125,0.0449671466968644,True
58091,11,-1.7679603,2.5801077,2,2,5.244858,33.855736,0.913975,6.1141005,2.5436413,-1.7971283,39,25,1,9,0.062732235,0.02264422,20.220964,0.010163071,0.0030933947,-0.03646636,0.029168009757995605,0.04669655501924377,True
58094,11,3.0663946,-2.9200835,2,2,51.45036,480.41702,0.21474542,72.442505,-2.9191518,3.0691848,52,38,1,11,0.033430986,0.03548175,25.490793,0.003687228,0.0026715174,0.0009317398,0.002790212631225586,0.0029416705450541905,True
58102,-11,0.56227064,2.8567934,1,2,5.775737,51.21401,0.43063325,12.955821,2.84117,0.57842344,48,34,1,7,0.067744516,0.037726108,35.344063,0.007872959,0.005682658,-0.015623331,0.016152799129486084,0.022472235995853816,True
58105,11,-1.809801,-1.5576793,2,2,67.94795,170.36932,0.40357822,81.63789,-1.5572417,-1.8084307,41,17,1,9,0.009057459,0.012640889,7.536035,0.0043618297,0.0026788455,0.0004376173,0.0013703107833862305,0.0014384924560186727,True
58105,-11,1.3088361,1.5825608,1,2,67.94795,170.36932,0.321501,82.97064,1.5782523,1.3081799,44,20,1,9,0.013083758,0.017936844,9.444088,0.006274033,0.0021882837,-0.004308462,0.0006562471389770508,0.0043581541043486915,True
58106,-11,1.1832808,2.7105553,1,2,6.763036,50.625782,0.43361437,9.244999,2.714817,1.2001104,50,24,1,50,0.031983078,0.010399665,70.53922,0.004164923,0.0012064812,0.004261732,0.016829609870910645,0.017360821651059895,True
58106,11,-1.886778,-2.6932335,2,2,6.763036,50.625782,0.954276,13.905981,-2.7047825,-1.903281,46,20,1,7,0.037896052,0.043488156,19.377548,0.0050972137,0.0032274234,-0.011548996,0.016502976417541504,0.020142679438292857,True
58107,-11,1.8716825,-1.8987932,1,2,90.25704,304.94916,0.15473078,111.113266,-1.8989673,1.8695089,51,23,1,9,0.0135430265,0.015695753,7.042412,0.004378375,0.0024537833,-0.00017404556,0.0021736621856689453,0.0021806189844441005,True
58107,11,-1.2575948,1.8772984,2,2,90.25704,304.94916,0.06473063,117.09585,1.8779268,-1.2546456,41,18,1,9,0.015153439,0.017053861,7.928452,0.0048816595,0.002299115,0.0006284714,0.002949237823486328,0.0030154568489804364,True
58108,11,-0.98993003,-2.0242295,2,2,15.139623,57.35315,0.94889826,17.234262,-2.0059464,-1.0061576,45,12,1,7,0.042486433,0.02344592,15.941705,0.012454502,0.0024653727,0.018283129,0.0162276029586792,0.024446020109517637,True
58108,-11,2.0867758,1.9907525,1,2,15.139623,57.35315,0.85023946,21.462246,1.9896894,2.1164665,52,22,1,7,0.027922291,0.032410827,10.64791,0.008067025,0.003733697,-0.0010631084,0.02969074249267578,0.029709769256486974,True
58109,11,2.7302232,1.8633542,2,2,45.309208,148.79427,0.46876028,56.86624,1.8644352,2.7299054,52,19,1,9,0.01720054,0.02261166,9.235708,0.0057570026,0.0025530157,0.0010809898,0.0003178119659423828,0.0011267401984446702,True
58109,-11,-0.43668374,-1.8530668,1,2,45.309208,148.79427,0.78532934,56.61809,-1.8526174,-0.43670598,44,17,1,9,0.018999675,0.024634976,10.035195,0.0064912583,0.0029384117,0.00044941902,2.2232532501220703e-05,0.00044996860166361875,True
58110,-11,0.61894274,-1.5745974,1,2,18.316183,46.506207,0.74312544,13.059875,-1.5774317,0.64845335,38,17,1,13,0.01558346,0.012545666,7.8932114,0.0072643184,0.002189359,-0.00283432,0.02951061725616455,0.029646414641398743,True
58110,11,-2.438642,1.5934554,2,2,18.316183,46.506207,0.6157669,16.51196,1.5886781,-2.4750953,47,16,1,7,0.023273846,0.019185847,8.769965,0.010873464,0.0034334664,-0.0047773123,0.0364532470703125,0.03676495525194332,True
58111,11,-2.372054,-1.5561926,2,2,90.46097,221.55283,0.8525438,108.811714,-1.5564666,-2.3748748,30,16,1,9,0.0092026945,0.014422495,5.889612,0.004472461,0.0027620948,-0.00027394295,0.002820730209350586,0.002834001350099618,True
58111,-11,0.7517965,1.5326779,1,2,90.46097,221.55283,0.3745802,107.96893,1.534672,0.7525287,43,15,1,5,0.010046622,0.013138459,5.967952,0.0049933693,0.0029845398,0.001994133,0.0007322430610656738,0.002124322551930678,True
58112,-11,1.1977544,-1.9201663,1,2,63.99969,217.4944,0.4826887,74.61522,-1.9180313,1.1902542,43,19,1,7,0.01729269,0.019504154,8.007799,0.0055469465,0.002905911,0.0021349192,0.007500171661376953,0.0077981058531776965,True
58112,11,-1.9265797,1.8687221,2,2,63.99969,217.4944,0.027127894,86.543594,1.872546,-1.9302039,41,24,1,11,0.013760071,0.016429128,10.203934,0.004547728,0.0022143917,0.0038238764,0.0036242008209228516,0.0052684781952465655,True
58113,-11,-2.4532714,-1.8863089,1,2,73.87292,249.57158,0.95402294,84.603485,-1.8860804,-2.4429615,48,16,1,9,0.017426848,0.018951347,8.748808,0.005535779,0.0025442895,0.00022852421,0.010309934616088867,0.010312466974575045,True
58113,11,0.7033585,1.8894844,2,2,73.87292,249.57158,0.95594144,85.33076,1.8898752,0.7012755,43,17,1,9,0.014140963,0.007850059,6.4252257,0.004589608,0.0026227208,0.00039076805,0.0020829439163208008,0.0021192817246263934,True
58118,-11,-2.0644906,2.959096,1,2,67.71231,646.1746,0.10164907,80.02667,2.9518533,-2.0783634,52,32,1,9,0.022318251,0.022129709,13.721292,0.0023455643,0.002093458,-0.0072426796,0.013872861862182617,0.015649687075733096,True
58118,11,1.0826681,-2.9334586,2,2,67.71231,646.1746,0.20967606,57.030365,-2.9475446,1.1037403,52,38,1,9,0.038703945,0.02605449,22.517166,0.004186204,0.0028346844,-0.014086008,0.02107226848602295,0.025346718233733773,True
58119,-11,-0.7035529,2.4160054,1,2,87.388504,492.60126,0.18404526,111.86946,2.412276,-0.70518106,52,23,1,13,0.024986213,0.027147543,10.077468,0.0045710984,0.0024607265,-0.0037293434,0.0016281604766845703,0.004069263890717382,True
58119,11,2.445458,-2.4130435,2,2,87.388504,492.60126,0.9983358,116.88189,-2.411364,2.4545522,47,30,1,9,0.02337381,0.026580073,12.343455,0.004369394,0.0027797855,0.0016794205,0.00909423828125,0.00924800643572493,True
58120,-11,2.110077,-2.7460952,1,2,78.44866,617.52783,0.11428738,68.06313,-2.7465677,2.135468,51,31,1,11,0.031588078,0.011448858,14.619332,0.0040742075,0.0035095837,-0.00047254562,0.025391101837158203,0.02539549865372782,True
58120,11,-1.0256877,2.7586834,2,2,78.44866,617.52783,0.60768676,94.16131,2.7589254,-1.0313277,46,21,1,9,0.035910882,0.012627487,8.50316,0.004814889,0.0028079357,0.00024199486,0.0056400299072265625,0.0056452191158187955,True
58121,-11,2.5420113,1.6541014,1,2,78.42219,211.67635,0.93905854,89.242455,1.6527283,2.5490248,31,14,1,9,0.00889728,0.009661423,5.210739,0.0037743063,0.0022236868,-0.0013730526,0.007013559341430664,0.007146697699859733,True
58121,11,-0.58133954,-1.645687,2,2,78.42219,211.67635,0.3314036,96.726234,-1.6471605,-0.5814378,32,18,1,7,0.009878271,0.011568188,5.757011,0.0042675715,0.0029838586,-0.001473546,9.828805923461914e-05,0.001476820376828608,True
58122,-11,1.906957,-2.2501721,1,2,53.385006,259.96506,0.71191853,70.37896,-2.248632,1.9057608,39,20,1,11,0.024283187,0.024141252,7.686585,0.0053632557,0.0026416315,0.001540184,0.0011962652206420898,0.0019501839135449672,True
58122,11,-1.2205999,2.281,2,2,53.385006,259.96506,0.84056365,70.43763,2.2850263,-1.2271521,52,24,1,9,0.033724356,0.03380499,12.504137,0.007092323,0.0031712872,0.004026413,0.006552219390869141,0.007690486350139328,True
58125,-11,-1.1141517,2.5291321,1,2,58.86747,372.29114,0.4212197,82.09485,2.5301971,-1.1113819,47,28,1,11,0.036984254,0.031048842,14.892529,0.0059459843,0.0024903226,0.0010650158,0.0027698278427124023,0.0029675250395631483,True
58125,11,2.0371757,-2.5333295,2,2,58.86747,372.29114,0.80412394,78.810356,-2.5325582,2.0412445,43,25,1,9,0.03283623,0.027358077,12.778859,0.005090723,0.0028699022,0.0007712841,0.004068851470947266,0.004141307940829482,True
58127,-11,0.16893502,1.5028727,1,2,58.711758,140.58287,0.62248915,48.211025,1.5046232,0.16726665,34,12,1,7,0.00817296,0.019377332,4.77332,0.0041592624,0.0030278733,0.0017504692,0.0016683638095855713,0.002418177050685838,True
58127,11,-2.9445467,-1.536628,2,2,58.711758,140.58287,0.75588304,61.31521,-1.5359329,-2.9440007,27,14,1,7,0.009290758,0.013422917,5.12012,0.0046333866,0.0022592524,0.00069510937,0.0005459785461425781,0.0008838945588945957,True
58129,-11,0.29489982,2.4167795,1,2,46.934994,265.17264,0.37154683,66.664734,2.417929,0.29485142,47,25,1,9,0.031900324,0.021592937,9.44211,0.0058558956,0.0029929513,0.001149416,4.839897155761719e-05,0.0011504344724266086,True
58129,11,-2.8329544,-2.4169142,2,2,46.934994,265.17264,0.2898417,50.508892,-2.422226,-2.8327875,42,21,1,9,0.038478542,0.016573219,8.655062,0.0068050087,0.0029423232,-0.0053117275,0.00016689300537109375,0.00531434882323573,True
58131,11,1.2444386,-2.3346279,2,2,98.54973,520.3255,0.45386407,115.673256,-2.3390143,1.2448897,46,16,1,9,0.023659414,0.018850358,8.384849,0.0045964783,0.003119121,-0.004386425,0.00045108795166015625,0.004409558317339727,True
58131,-11,-1.9041814,2.3614647,1,2,98.54973,520.3255,0.53587145,120.61226,2.3623075,-1.8998537,41,23,1,11,0.021970382,0.020022662,9.777355,0.004327732,0.0031068434,0.0008428097,0.004327654838562012,0.0044089595772226235,True
58132,11,2.2153578,-1.6434629,2,2,49.20367,133.27332,0.44997355,55.322678,-1.6435924,2.2203155,36,15,1,7,0.015129876,0.014568459,6.2180214,0.00668974,0.0027789972,-0.00012946129,0.004957675933837891,0.004959365976630792,True
58132,-11,-0.9552192,1.6639677,1,2,49.20367,133.27332,0.67696506,61.17285,1.6641973,-0.9537227,36,18,1,9,0.015125307,0.017372748,5.964278,0.0062666233,0.002681794,0.00022959709,0.0014964938163757324,0.0015140041502440913,True
58133,11,-1.544578,-2.6931462,2,2,58.45344,441.9793,0.34452975,77.3592,-2.6959505,-1.5487863,50,15,1,9,0.02872017,0.019591937,11.9818325,0.003882014,0.0026813745,-0.0028042793,0.00420832633972168,0.0050570735510038775,True
58133,-11,1.5887973,2.7307787,1,2,58.45344,441.9793,0.35876995,72.63349,2.728137,1.5882599,47,24,1,9,0.023451013,0.025136363,9.529697,0.0031376274,0.0027854438,-0.0026416779,0.0005373954772949219,0.002695784820094241,True
58134,11,1.8866256,-2.9427016,2,2,93.55228,905.31445,0.3348578,110.29851,-2.9187496,1.8972467,52,26,1,11,0.031179005,0.017985716,11.250016,0.0033285022,0.0016304848,0.023952007,0.010621070861816406,0.026201255892338488,True
58134,-11,-1.2590399,2.9780746,1,2,93.55228,905.31445,0.2525136,55.280815,2.9888585,-1.2784808,45,11,7,9,0.009938115,0.006759348,11.148716,0.0009988525,5.5333974e-05,0.010783911,0.019440889358520508,0.022231529598013028,True
58135,-11,-0.4782058,2.650249,1,2,46.610405,325.83594,0.15506461,52.699936,2.6475546,-0.45677322,52,18,1,9,0.02683942,0.009726272,28.018793,0.00380574,0.0023634941,-0.0026943684,0.021432578563690186,0.021601274145391397,True
58135,11,2.6745129,-2.6152017,2,2,46.610405,325.83594,0.0054302015,69.43875,-2.611799,2.66471,44,30,1,11,0.03654442,0.030325795,12.443878,0.0055869254,0.0034821527,0.00340271,0.009802818298339844,0.010376592970167508,True
58136,11,-2.2992868,-2.247042,2,2,86.17436,406.98752,0.34438777,108.089294,-2.2433634,-2.2964635,45,27,1,11,0.021516727,0.022116177,9.772912,0.004790318,0.002814141,0.0036785603,0.002823352813720703,0.00463714643641103,True
58136,-11,0.8332552,2.22145,1,2,86.17436,406.98752,0.7025607,109.09504,2.2233076,0.8346462,40,24,1,11,0.01994869,0.018741779,6.4939857,0.0044779344,0.0033529424,0.0018575191,0.0013910531997680664,0.002320647827556346,True
58137,11,-0.29436523,-2.528355,2,2,38.334354,236.87578,0.012952418,53.545563,-2.5213187,-0.29023784,52,28,1,9,0.03617077,0.025268227,12.049691,0.0061096186,0.003172987,0.007036209,0.004127383232116699,0.008157421831337523,True
58137,-11,2.8319025,2.4875455,1,2,38.334354,236.87578,0.45201772,53.139156,2.4929073,2.8354673,43,29,1,9,0.03436679,0.016579963,13.846773,0.005785935,0.0030599989,0.0053617954,0.0035648345947265625,0.006438703031233248,True
58146,11,-1.0645239,2.9575813,2,2,27.583113,265.62924,0.4857165,35.074448,2.9553406,-1.0689868,51,16,1,11,0.021924153,0.0076785847,19.266798,0.0023252883,0.0018610188,-0.0022406578,0.004462838172912598,0.004993743258878822,True
58146,-11,2.0634632,-2.9531155,1,2,27.583113,265.62924,0.19828922,31.569342,-2.956043,2.0562,51,23,1,9,0.048150778,0.010039875,20.34633,0.0053318203,0.0031137348,-0.0029275417,0.00726318359375,0.007830985663177505,True
58148,-11,-2.923667,-2.0393417,1,2,15.144967,59.95453,0.21847916,23.141212,-2.0476415,-2.9237084,52,20,1,7,0.0368811,0.042011768,12.14872,0.010070758,0.0032251242,-0.008299828,4.1484832763671875e-05,0.00829993119657823,True
58148,11,0.27975574,2.0666072,2,2,15.144967,59.95453,0.9356735,21.73848,2.0823207,0.26158774,47,23,1,9,0.044509847,0.027745595,13.7241955,0.0110311825,0.002942469,0.015713453,0.018168002367019653,0.024020593859017794,True
58149,11,-2.5533862,2.4271502,2,2,37.17463,209.55476,0.86293423,44.817497,2.4187942,-2.558546,44,24,1,11,0.027502261,0.019555943,13.201433,0.00512732,0.0026731933,-0.008356094,0.005159854888916016,0.00982081523071231,True
58149,-11,0.5708396,-2.4021268,1,2,37.17463,209.55476,0.99774086,45.381824,-2.4046938,0.57175887,41,20,1,9,0.021907648,0.019367289,8.338125,0.0040692403,0.003348368,-0.0025670528,0.0009192824363708496,0.002726690380373303,True
58153,11,-2.7491632,-1.9386674,2,2,26.26896,93.25584,0.8713657,21.55841,-1.9475247,-2.7491775,49,14,1,7,0.021949697,0.014855476,10.553581,0.0064520766,0.0023392006,-0.00885725,1.430511474609375e-05,0.008857261752689695,True
58154,11,2.8718119,1.5226623,2,2,48.820766,120.36805,0.89387405,47.029827,1.5283204,2.871035,33,14,1,5,0.013254942,0.0286041,6.6929383,0.006504865,0.0025234378,0.0056581497,0.0007767677307128906,0.005711219260656904,True
58154,-11,-0.30239978,-1.5817753,1,2,48.820766,120.36805,0.5029391,59.973824,-1.5829682,-0.30238584,51,20,1,7,0.01553125,0.020649852,7.1293955,0.007190822,0.003018282,-0.0011929274,1.3947486877441406e-05,0.0011930088875157434,True
58155,-11,-1.8516713,-2.7753882,1,2,99.504364,796.36835,0.42636615,97.442604,-2.7801707,-1.8571676,52,31,1,9,0.032728087,0.014589216,16.189005,0.0038222969,0.0016160142,-0.0047824383,0.00549626350402832,0.007285645392715279,True
58155,11,1.294498,2.7628167,2,2,99.504364,796.36835,0.510624,82.90264,2.755973,1.2700894,48,15,1,9,0.027062606,0.0092590125,7.688801,0.0036578819,0.0017241463,-0.006843567,0.024408578872680664,0.025349815195062013,True
58156,-11,-2.4825535,-2.9861302,1,2,67.711296,674.18787,0.5787285,40.380764,-3.0038812,-2.4554946,50,10,3,11,0.020105237,0.006514059,12.345696,0.0020029293,2.164233e-09,-0.017750978,0.027058839797973633,0.0323616757780136,True
58156,11,0.6643446,2.9916232,2,2,67.711296,674.18787,0.13243374,32.094925,2.9958704,0.64310807,49,5,3,11,0.011486392,0.0047392384,19.714092,0.0011303374,0.00026759857,0.0042471886,0.021236538887023926,0.021657081853422324,True
58157,11,-1.939507,1.6722394,2,2,20.451902,56.54571,0.09987704,27.95637,1.6678652,-1.9382532,40,19,1,7,0.027144384,0.030044146,10.41204,0.011806834,0.0032959152,-0.0043742657,0.0012538433074951172,0.004550420156006129,True
58157,-11,1.1340365,-1.6795102,1,2,20.451902,56.54571,0.71533144,19.289213,-1.6804591,1.1423931,39,16,1,9,0.030742101,0.019365491,15.405282,0.012684247,0.0025926037,-0.00094890594,0.008356571197509766,0.008410273757207463,True
58158,-11,1.7591895,2.9148245,1,2,73.57565,680.55725,0.14064363,83.34066,2.908196,1.7555782,51,19,1,9,0.031974368,0.0185066,14.735517,0.0034998478,0.0030039118,-0.0066285133,0.003611326217651367,0.007548434784102577,True
58158,11,-1.3771491,-2.9147983,2,2,73.57565,680.55725,0.18664369,81.17212,-2.9097855,-1.3741434,52,20,1,13,0.026356395,0.0050340467,14.963307,0.0029059194,0.0026359842,0.0050127506,0.0030057430267333984,0.0058448404529525015,True
58161,11,-2.3071866,-1.4815619,2,2,98.05901,225.31516,0.48311508,11.43925,-1.4929627,-2.2990763,43,10,1,3,0.023413964,0.031474758,25.777033,0.012594365,0.004256204,-0.011400819,0.008110284805297852,0.013991261089309391,True
58163,-11,2.6258638,1.7634964,1,2,4.292651,12.722753,0.045457806,6.3323584,1.7526149,2.6060433,36,17,1,7,0.027022751,0.02366424,8.841685,0.010431118,0.0037076971,-0.010881543,0.019820451736450195,0.022611021385592584,True
58164,11,2.2554774,1.6293727,2,2,33.410427,87.62213,0.0,39.81595,1.6310041,2.2570891,40,14,1,7,0.012782471,0.010298331,5.7427344,0.0056036203,0.0028926476,0.0016313791,0.0016117095947265625,0.002293252226611864,True
58164,-11,-0.9304241,-1.6085275,1,2,33.410427,87.62213,0.3199489,43.27589,-1.6089616,-0.9412606,34,15,1,9,0.014187667,0.022457093,8.478496,0.0063969353,0.0025343448,-0.00043404102,0.010836482048034668,0.010845171035407665,True
58165,11,1.6009719,2.4571369,2,2,75.324684,443.55835,0.2872764,103.65868,2.45656,1.5870582,52,29,1,9,0.04034776,0.024247728,12.459688,0.0067881183,0.0026569483,-0.00057697296,0.013913750648498535,0.013925708416694996,True
58165,-11,-1.5487937,-2.4606316,1,2,75.324684,443.55835,0.4128573,95.41236,-2.460219,-1.5586467,52,38,1,9,0.027733186,0.030752523,13.040125,0.004779363,0.0024848818,0.00041270256,0.009853005409240723,0.009861644842413872,True
58166,11,-2.838143,2.8772864,2,2,39.44639,360.5057,0.2817424,43.760265,2.885638,-2.8403986,52,28,1,9,0.028557353,0.012873131,19.151646,0.0031628872,0.0015208874,0.008351564,0.0022554397583007812,0.008650759117750392,True
58168,11,0.23630807,1.7424641,2,2,53.056755,157.91133,0.9879159,66.4926,1.743986,0.22705288,38,22,1,13,0.015852282,0.014810888,9.932372,0.0060664383,0.0023135259,0.001521945,0.009255185723304749,0.009379487157662153,True
58168,-11,-2.9294267,-1.766392,1,2,53.056755,157.91133,0.726631,64.93373,-1.767952,-2.9308248,40,21,1,9,0.018146588,0.013721903,6.2215867,0.006745189,0.0031681724,-0.0015599728,0.0013980865478515625,0.0020947937750370282,True
58170,11,-1.7728108,2.2126176,2,2,21.300259,98.88813,0.42486724,27.649649,2.2076285,-1.779237,52,20,1,9,0.01945277,0.024791727,13.092142,0.0044814134,0.0027227688,-0.004989147,0.006426215171813965,0.008135590381369807,True
58170,-11,1.331649,-2.2207355,1,2,21.300259,98.88813,0.82485205,23.850605,-2.2222004,1.3237516,37,18,1,9,0.022237837,0.030185673,6.165719,0.0049485564,0.0032859324,-0.0014648438,0.007897377014160156,0.008032081356391956,True
58171,11,-3.077289,-1.6311256,2,2,8.096904,21.461662,0.06302267,11.452955,-1.6363251,-3.0733678,41,22,1,9,0.0292673,0.03622096,17.3616,0.013027977,0.0022376177,-0.0051995516,0.0039212703704833984,0.006512426496406089,True
58171,-11,-0.11630212,1.631991,1,2,8.096904,21.461662,0.5799504,8.490844,1.6329736,-0.07576928,38,11,1,5,0.026923982,0.024449639,9.70337,0.01155549,0.0032810473,0.000982523,0.04053283482789993,0.04054474134218518,True
58172,11,-3.0100026,-2.216378,2,2,12.8919735,59.496906,0.2935078,19.542595,-2.2120488,-2.996718,40,26,1,7,0.025062045,0.03012366,15.418149,0.005786371,0.0032132308,0.0043292046,0.013284683227539062,0.013972287584543002,True
58172,-11,0.06987484,2.2050033,1,2,12.8919735,59.496906,0.20871505,20.532108,2.2070992,0.07212794,50,21,1,11,0.028398467,0.022025364,9.31523,0.006470524,0.0036824746,0.0020959377,0.002253100275993347,0.00307724158300713,True
58173,-11,-3.129362,2.2484512,1,2,66.62219,319.00528,0.1766905,80.91028,2.2463117,-3.129767,44,21,1,9,0.022341374,0.013696019,8.815309,0.0049858564,0.0033899115,-0.0021395683,0.0004048347473144531,0.002177531533436249,True
58173,11,0.023693101,-2.2480206,2,2,66.62219,319.00528,0.67328614,85.9988,-2.2441142,0.02913926,40,20,1,9,0.023037562,0.020972745,8.233339,0.0051256996,0.0028030595,0.0039064884,0.005446158349514008,0.006702334852544326,True
58174,11,0.57274306,1.6802518,2,2,61.7491,170.36937,0.3375031,76.907555,1.6803224,0.5705383,41,18,1,9,0.012856304,0.01952447,8.861527,0.005353455,0.0022744143,7.05719e-05,0.0022047758102416992,0.0022059049767417112,True
58174,-11,-2.5914774,-1.6667403,1,2,61.7491,170.36937,0.13311875,80.2967,-1.6633668,-2.5920837,43,21,1,9,0.021996466,0.02455902,11.157614,0.0098180175,0.0029489584,0.0033735037,0.0006062984466552734,0.0034275537951408857,True
58175,-11,1.2089005,-2.7947645,1,2,98.93091,812.03534,0.061605126,114.27236,-2.7911246,1.2100407,51,24,1,11,0.026936762,0.02116845,11.635321,0.003286101,0.002295853,0.0036399364,0.0011402368545532227,0.003814351559784363,True
58175,11,-1.9282744,2.7943132,2,2,98.93091,812.03534,0.5185244,87.73426,2.798293,-1.9121367,47,8,1,9,0.031008601,0.0038463238,7.5838623,0.0038704316,0.0016997139,0.0039799213,0.01613771915435791,0.016621244050398956,True
58176,11,1.5111929,-2.6715019,2,2,4.488171,32.935528,0.74494827,7.058542,-2.6523724,1.5563718,45,31,1,11,0.04077403,0.040293436,26.508669,0.005995633,0.002878272,0.019129515,0.045178890228271484,0.049061904204569115,True
58179,-11,2.7948773,-2.1859577,1,2,81.61221,371.5188,0.27052003,103.912025,-2.1865988,2.793532,37,18,1,13,0.023383185,0.014732562,6.748563,0.0053807003,0.0026712494,-0.00064110756,0.0013453960418701172,0.0014903386903480761,True
58179,11,-0.33677617,2.2071295,2,2,81.61221,371.5188,0.32630965,99.90775,2.2011235,-0.340537,40,18,1,9,0.024684472,0.013083929,8.85217,0.005857527,0.0023532456,-0.0060060024,0.0037608444690704346,0.007086326066169842,True
58183,11,1.1234064,-1.7106112,2,2,76.66607,222.91675,0.51112336,95.48256,-1.7114295,1.1270361,39,18,1,9,0.015154017,0.015268947,6.8678393,0.0060913125,0.0028527936,-0.00081825256,0.0036296844482421875,0.0037207722923402824,True
58183,-11,-2.035349,1.7488688,1,2,76.66607,222.91675,0.5496477,95.16776,1.7490486,-2.0367718,46,17,1,7,0.011883755,0.017132342,10.23104,0.0045339516,0.002761442,0.00017976761,0.001422882080078125,0.0014341930856493915,True
58187,11,-3.0499578,-1.7792962,2,2,21.998629,67.04818,0.08194787,30.289621,-1.7794911,-3.0461607,45,16,1,7,0.013124305,0.018270195,7.742169,0.004844057,0.0027206514,-0.00019490719,0.0037970542907714844,0.003802053405616784,True
58188,11,-2.1728284,1.9457405,2,2,93.70577,332.40103,0.05256792,119.02311,1.9455266,-2.176746,51,28,1,9,0.016244655,0.017213183,10.959727,0.0048415847,0.0027816303,-0.00021386147,0.0039174556732177734,0.003923288885365478,True
58188,-11,0.9575255,-1.9320071,1,2,93.70577,332.40103,0.20376256,116.15118,-1.9353004,0.95712346,40,19,1,9,0.012647325,0.015416203,7.585115,0.0038968138,0.0025534648,-0.0032932758,0.00040203332901000977,0.00331772465834887,True
58190,11,0.20910883,2.8509665,2,2,97.050705,824.5047,0.93242884,105.10509,2.835404,0.21662182,48,29,1,11,0.041744824,0.031039901,11.38478,0.005261444,0.0026124928,-0.015562534,0.007512986660003662,0.017281129631776974,True
58190,-11,-2.9369094,-2.8079367,1,2,97.050705,824.5047,0.15310143,125.410614,-2.812425,-2.942311,52,35,1,11,0.028285852,0.021783141,13.8821125,0.003442853,0.0026112823,-0.0044882298,0.005401611328125,0.007022934721027211,True
58191,-11,1.834434,1.6497859,1,2,56.36443,154.06207,0.70479065,64.068954,1.6507151,1.832414,45,17,1,9,0.013811741,0.0139004355,7.866259,0.005959374,0.0026802951,0.0009292364,0.0020200014114379883,0.0022234851016989256,True
58193,-11,3.1314662,-2.3924356,1,2,88.77731,487.27264,0.044132415,113.970825,-2.393836,3.140808,41,27,1,9,0.029249176,0.030350419,12.640065,0.005569012,0.0024589766,-0.0014004707,0.009341955184936523,0.009446345587217936,True
58193,11,-0.0026253026,2.3824673,2,2,88.77731,487.27264,0.5056089,116.213875,2.3752558,0.0043753865,49,22,1,9,0.028548123,0.020120883,8.081465,0.005622739,0.0025768545,-0.0072114468,0.007000689394772053,0.010050602830532647,True
58194,-11,-1.0596594,2.2601511,1,2,79.043755,384.8474,0.05275258,98.74113,2.256484,-1.0597421,48,20,1,11,0.02224674,0.02414411,8.171115,0.004912658,0.0029608617,-0.0036671162,8.273124694824219e-05,0.0036680493216301817,True
58194,11,2.0914197,-2.2704356,2,2,79.043755,384.8474,0.5723359,95.8559,-2.2791636,2.0950122,42,28,1,9,0.024829583,0.022747207,8.0429945,0.0050699064,0.0024054819,-0.008728027,0.0035924911499023438,0.009438456122447906,True
58195,11,-2.5310926,2.6730669,2,2,76.52452,565.7361,0.38317585,82.84799,2.685124,-2.5374608,51,20,1,9,0.023680817,0.022890998,8.233185,0.0032236706,0.0027010008,0.012057066,0.006368160247802734,0.013635479372495207,True
58197,11,-0.3698993,2.9027529,2,2,50.174038,461.49426,0.6894203,56.047817,2.9010255,-0.3529057,52,36,1,13,0.034280322,0.018329807,21.500383,0.0038755094,0.0031064232,-0.0017273426,0.016993612051010132,0.017081175690229367,True
58197,-11,2.7638633,-2.9155955,1,2,50.174038,461.49426,0.14082927,56.96228,-2.910579,2.7480001,50,26,3,9,0.025486754,0.0091861,18.75692,0.0028044493,0.0026425978,0.0050165653,0.01586318016052246,0.01663750018443371,True
58202,-11,1.3988264,2.446263,1,2,49.120514,281.40216,0.5541005,69.906105,2.4611838,1.4086964,47,29,1,9,0.036444776,0.026582351,10.134385,0.006170005,0.0029767866,0.0149207115,0.009870052337646484,0.017889817205523423,True
58202,11,-1.729822,-2.4158907,2,2,49.120514,281.40216,0.036802866,67.03214,-2.4176025,-1.72746,43,27,1,15,0.026500842,0.019173259,10.097683,0.0048889033,0.0031256692,-0.0017118454,0.0023620128631591797,0.00291710805974159,True
58203,-11,-2.0183878,-2.8106625,1,2,7.451314,62.701042,0.47655147,25.910183,-2.8354785,-2.0253723,52,38,1,7,0.083511315,0.046493154,36.010708,0.009867898,0.005390026,-0.024816036,0.0069844722747802734,0.0257801960511901,True
58205,-11,2.4293613,-1.716227,1,2,76.350945,220.27618,0.8691246,74.38013,-1.7184038,2.4306877,31,15,1,7,0.013146229,0.019862292,5.5126514,0.0051422003,0.0031775807,-0.0021767616,0.0013263225555419922,0.002549004212551296,True
58205,11,-0.6948701,1.726231,2,2,76.350945,220.27618,0.6330532,95.67455,1.726628,-0.69397557,34,20,1,7,0.01432351,0.012302658,6.825677,0.0056290594,0.0027977703,0.00039696693,0.0008945465087890625,0.000978670630619977,True
58206,11,-0.98972344,-2.4685702,2,2,63.804348,375.05066,0.14747633,74.03659,-2.4683304,-0.99159604,41,27,1,13,0.028983824,0.016948827,9.022579,0.0049743894,0.003500749,0.00023984909,0.0018725991249084473,0.0018878969963581434,True
58209,-11,1.2671897,-2.0999465,1,2,83.56405,339.88083,0.8451983,101.42196,-2.1035786,1.2689668,46,28,1,11,0.020410193,0.016797611,11.93851,0.0052384427,0.0027331328,-0.0036320686,0.001777052879333496,0.004043493448851081,True
58209,11,-1.8634974,2.0617857,2,2,83.56405,339.88083,0.7811478,95.23874,2.064793,-1.8668299,43,24,1,11,0.02019796,0.016402053,9.173137,0.0052685314,0.0026260952,0.003007412,0.00333249568939209,0.004488881149046971,True
58210,-11,2.110386,1.4966003,1,2,94.6097,222.11305,0.90935606,100.57604,1.49681,2.1111352,44,15,1,7,0.0090871025,0.014459178,7.9409666,0.0046394756,0.0025306738,0.00020968914,0.0007493495941162109,0.0007781351744846117,True
58210,11,-1.0133343,-1.4989754,2,2,94.6097,222.11305,0.93121445,107.946205,-1.4993261,-1.0108684,41,17,1,7,0.008617751,0.011810315,6.9185195,0.0044204327,0.002608115,-0.00035071373,0.00246584415435791,0.0024906600558671724,True
58216,-11,-2.33688,2.1119595,1,2,91.27202,386.73688,0.4823346,106.160286,2.1217039,-2.342452,40,17,1,11,0.013745436,0.008209943,6.211326,0.003396794,0.002108644,0.009744406,0.005572080612182617,0.01122504015818895,True
58216,11,0.8142937,-2.133823,2,2,91.27202,386.73688,0.71363693,106.95957,-2.1350389,0.81773853,52,18,1,9,0.01533838,0.018493947,8.658671,0.0037776658,0.0029038342,-0.0012159348,0.003444850444793701,0.00365314821921654,True
58218,11,2.5900016,1.8827373,2,2,23.002825,78.680115,0.60603356,28.32382,1.8833016,2.5999465,39,17,1,7,0.022721076,0.020306049,11.836219,0.0071252408,0.0026181,0.0005643368,0.009944915771484375,0.009960914902733207,True
58218,-11,-0.59927243,-1.9194946,1,2,23.002825,78.680115,0.5537708,27.245737,-1.9168952,-0.59735596,46,22,1,7,0.027984481,0.034520026,10.784064,0.008995234,0.0027351128,0.0025994778,0.0019164681434631348,0.0032295719149915956,True
58221,11,2.9983697,-2.5344832,2,2,81.145775,518.43207,0.69486594,95.61036,-2.5356972,2.9998415,42,25,1,9,0.027624795,0.016682133,8.01701,0.004340895,0.0024050549,-0.0012140274,0.0014717578887939453,0.0019078610596153466,True
58224,-11,-0.45617792,2.057942,1,2,54.7715,218.02013,0.10988568,67.82783,2.056161,-0.46336278,47,15,1,9,0.014666901,0.016220467,6.6574574,0.0038669494,0.0022690042,-0.0017809868,0.007184863090515137,0.007402308529165532,True
58224,11,2.7024415,-2.0588803,2,2,54.7715,218.02013,0.15283135,66.87811,-2.0579708,2.7035286,42,17,1,11,0.015491267,0.012952677,8.665801,0.004197634,0.0025512825,0.0009095669,0.001087188720703125,0.0014174946992117964,True
58225,11,2.355475,2.654433,2,2,13.539546,98.76819,0.30924863,21.312712,2.653389,2.3703008,50,18,1,9,0.03847617,0.025909415,15.974822,0.0056777126,0.003116801,-0.001044035,0.014825820922851562,0.014862535953628749,True
58225,-11,-0.82283366,-2.6973026,1,2,13.539546,98.76819,0.075544156,19.989761,-2.7036684,-0.8339523,48,16,1,7,0.034141324,0.021372525,15.237117,0.004513852,0.0027579411,-0.006365776,0.011118650436401367,0.012812005755894548,True
58226,-11,-0.23504454,-2.3103647,1,2,23.205597,115.46479,0.47598886,33.13934,-2.3099916,-0.24342965,42,20,1,7,0.025952041,0.026504813,13.683879,0.0053508,0.003328216,0.00037312508,0.008385106921195984,0.008393404577550646,True
58226,11,2.9382322,2.2651901,2,2,23.205597,115.46479,0.5667853,31.628788,2.2623298,2.935923,44,21,1,9,0.030781794,0.020352114,9.122152,0.006838282,0.002890506,-0.0028603077,0.002309083938598633,0.003676034430576957,True
58227,-11,1.3846575,2.3611183,1,2,14.431728,76.240326,0.7722613,20.141294,2.3553212,1.3797296,43,23,1,7,0.037887324,0.012138132,16.987259,0.007512447,0.0024625915,-0.0057971478,0.004927873611450195,0.007608604271124831,True
58227,11,-1.7090405,-2.3362894,2,2,14.431728,76.240326,0.69658643,12.465381,-2.3318985,-1.7255114,39,16,1,11,0.023725985,0.01999866,10.563098,0.004609753,0.003585975,0.004390955,0.016470909118652344,0.01704615301756276,True
58230,11,-0.64084995,-1.9692947,2,2,56.92305,208.41498,0.33340457,68.86112,-1.9688791,-0.64440143,42,16,1,9,0.016701698,0.013956741,9.382775,0.005000884,0.0029886635,0.00041556358,0.003551483154296875,0.003575713311645823,True
58230,-11,2.482843,1.9743074,1,2,56.92305,208.41498,0.40220973,70.49025,1.9690924,2.4795005,33,16,1,9,0.014620794,0.01219001,5.326157,0.004375839,0.0025153214,-0.005215049,0.0033423900604248047,0.0061942155257526214,True
58231,-11,-3.0987988,-2.51416,1,2,24.510073,150.12354,0.46368775,39.27232,-2.5260098,-3.1002934,42,25,1,7,0.039099693,0.025140801,14.387788,0.0062047304,0.0033086424,-0.01184988,0.0014946460723876953,0.011943769643803207,True
58231,11,0.06701962,2.4837098,2,2,24.510073,150.12354,0.2756668,36.620663,2.4856756,0.060118675,51,19,1,7,0.025619555,0.023025574,16.914965,0.0043005357,0.003359233,0.0019657612,0.00690094381570816,0.007175461136816259,True
58232,11,-1.014125,-1.9772743,2,2,15.488603,57.136627,0.54095626,12.574565,-1.9769385,-0.9684052,47,21,1,7,0.034536738,0.03527654,15.892677,0.010166497,0.0038141585,0.00033581257,0.045719802379608154,0.04572103563691112,True
58232,-11,2.062259,1.9822553,1,2,15.488603,57.136627,0.35399678,25.994202,1.9821801,2.0551643,39,25,1,7,0.02935401,0.027304243,16.750341,0.008449196,0.0029144806,-7.522106e-05,0.007094621658325195,0.007095020414551406,True
58233,-11,-2.3520062,-2.308498,1,2,67.75813,344.03076,0.28537562,80.883736,-2.310878,-2.3519337,44,28,1,9,0.025038665,0.019540546,8.56438,0.005158643,0.0028441388,-0.0023801327,7.2479248046875e-05,0.0023812359681413767,True
58233,11,0.8001935,2.3076956,2,2,67.75813,344.03076,0.19201234,75.98098,2.3083477,0.80329245,40,26,1,11,0.021084843,0.01624283,9.133334,0.0043481193,0.0025956617,0.0006520748,0.0030989646911621094,0.0031668254956529504,True
58236,11,1.3577642,-1.6573582,2,2,86.81114,238.47629,0.05279529,110.16157,-1.6579114,1.3593211,34,20,1,11,0.010727939,0.0125347795,5.801644,0.0046208,0.0025091125,-0.0005532503,0.0015568733215332031,0.0016522531385081399,True
58237,11,-0.95090336,-2.2575412,2,2,90.32913,443.29364,0.95038927,101.47439,-2.258361,-0.95498943,48,17,1,11,0.019270834,0.023137838,6.7574263,0.00415726,0.0025503235,-0.0008199215,0.0040860772132873535,0.0041675290339119484,True
58237,-11,2.18242,2.2894833,1,2,90.32913,443.29364,0.116779506,108.46094,2.2889724,2.1740918,42,26,1,11,0.020993724,0.015943931,7.1925597,0.0044099274,0.003055133,-0.000510931,0.00832819938659668,0.008343857352868229,True
58241,11,-2.7073557,1.833945,2,2,29.85053,96.26667,0.331349,38.845154,1.837237,-2.7086236,39,25,1,9,0.01943317,0.019288942,15.324526,0.0065810573,0.0028777514,0.0032919645,0.0012679100036621094,0.003527694181214462,True
58241,-11,0.39500698,-1.844435,1,2,29.85053,96.26667,0.028110983,39.44429,-1.8465062,0.39607948,41,19,1,9,0.017757624,0.019388048,9.001735,0.0060084355,0.002884221,-0.0020712614,0.0010724961757659912,0.002332460470099837,True
58242,11,2.4867167,-1.546536,2,2,25.619278,64.006775,0.4401255,21.660093,-1.5469617,2.5083365,39,11,1,5,0.012577462,0.0196318,5.2397313,0.0060453345,0.0024487178,-0.00042569637,0.021619796752929688,0.021623987352936608,True
58242,-11,-0.7160872,1.5864447,1,2,25.619278,64.006775,0.66204137,35.70977,1.5877268,-0.7155137,42,19,1,7,0.021574305,0.02446989,14.030394,0.010003639,0.0029724296,0.0012820959,0.0005735158920288086,0.0014045249675166082,True
58243,-11,0.04124364,2.636586,1,2,61.006363,429.4279,0.3700315,80.80811,2.63655,0.04401908,46,27,1,9,0.030643156,0.020757262,11.337845,0.004475749,0.0029764366,-3.6001205e-05,0.0027754418551921844,0.002775675337345144,True
58244,11,-1.7567353,2.3805447,2,2,9.775869,53.235092,0.16396849,16.131962,2.3702402,-1.754194,44,16,1,5,0.029908922,0.024540085,11.825546,0.005827672,0.002943862,-0.010304451,0.0025413036346435547,0.010613196193131983,True
58244,-11,1.3162763,-2.3786592,1,2,9.775869,53.235092,0.9532545,17.2291,-2.3907163,1.3484406,43,26,1,5,0.048344035,0.031749,17.188477,0.008768291,0.0036423213,-0.012057066,0.03216433525085449,0.03434992423434742,True
58246,-11,2.4582691,2.502628,1,2,17.684288,108.405045,0.82132834,24.681025,2.4911687,2.4559882,43,24,1,7,0.038731433,0.026072904,11.090389,0.0066762776,0.0044160285,-0.011459351,0.0022809505462646484,0.011684153852373355,True
58248,11,-1.9113132,1.9337866,2,2,54.351093,195.6651,0.297412,68.49708,1.933296,-1.9109441,47,15,1,13,0.014259751,0.012899089,9.998092,0.0044655115,0.0029234434,-0.00049066544,0.00036907196044921875,0.0006139761248369654,True
58248,-11,1.2112072,-1.97515,1,2,54.351093,195.6651,0.55496377,66.32769,-1.9715238,1.2112484,35,16,1,9,0.017731357,0.013593847,6.168913,0.0053694304,0.0028792422,0.0036262274,4.124641418457031e-05,0.003626461994371288,True
58251,11,0.5468052,2.941486,2,2,15.53831,146.21173,0.41968513,14.860682,2.9334779,0.5161466,52,9,1,11,0.03255857,0.0039101695,24.457613,0.0036611601,0.0015449924,-0.008008003,0.030658602714538574,0.03168719039782477,True
58251,-11,-2.6195276,-2.9227707,1,2,15.53831,146.21173,0.32995147,17.409273,-2.9378726,-2.6508424,52,25,1,11,0.028578432,0.031892583,48.505775,0.0030081032,0.0016143956,-0.01510191,0.031314849853515625,0.034766183169577525,True
58254,-11,1.2145685,1.5660325,1,2,39.895924,100.73203,0.7199077,45.846462,1.5628603,1.2135873,49,15,1,7,0.01139383,0.0147340465,7.958647,0.005504212,0.0026447962,-0.0031722784,0.0009812116622924805,0.0033205612367564487,True
58254,11,-1.8882012,-1.5894363,2,2,39.895924,100.73203,0.07397068,54.257362,-1.5878172,-1.8871297,42,18,1,7,0.01741863,0.025163405,11.131105,0.008352999,0.0025147053,0.0016191006,0.0010715723037719727,0.0019415853839941939,True
58255,11,0.5070033,1.7245888,2,2,10.300948,29.984718,0.42287853,14.724234,1.7148793,0.5108496,42,14,1,7,0.027609609,0.020530287,25.097412,0.011235627,0.003317464,-0.009709477,0.003846287727355957,0.010443556821326309,True
58255,-11,-2.7620494,-1.7381406,1,2,10.300948,29.984718,0.13045993,17.664032,-1.7414026,-2.7641742,40,26,1,7,0.023447929,0.021383565,16.097515,0.008805853,0.0028992943,-0.003262043,0.002124786376953125,0.0038930247172837894,True
58258,-11,-1.8281214,-2.3475034,1,2,95.08735,517.86127,0.87047607,125.44163,-2.3468544,-1.8261454,39,25,1,9,0.015718052,0.017832898,6.3951974,0.0030530458,0.0024699613,0.0006489754,0.00197601318359375,0.0020798550756259415,True
58258,11,1.320483,2.4126594,2,2,95.08735,517.86127,0.7004679,114.11421,2.4098945,1.3170086,45,23,1,9,0.028767763,0.026172725,13.456097,0.005199758,0.0023059903,-0.0027649403,0.0034743547439575195,0.004440274308678737,True
58260,-11,2.2298048,2.3653293,1,2,75.5717,406.9518,0.84651417,95.516754,2.359221,2.228931,43,27,1,9,0.026147975,0.025245039,9.763071,0.005144001,0.0027583658,-0.006108284,0.0008738040924072266,0.0061704672485406705,True
58260,11,-0.9028374,-2.3707354,2,2,75.5717,406.9518,0.4370606,94.22724,-2.3677278,-0.9096067,47,28,1,9,0.02360514,0.021713175,9.439211,0.004634293,0.0027667643,0.0030076504,0.006769299507141113,0.007407386620190552,True
58265,-11,1.9222387,2.9147313,1,2,87.60014,811.4074,0.14608008,104.51322,2.9078465,1.9175495,52,29,1,13,0.03100614,0.028674623,19.86482,0.0034028594,0.002679549,-0.0068848133,0.004689216613769531,0.008330030495389636,True
58265,11,-1.2149559,-2.917689,2,2,87.60014,811.4074,0.27103296,111.6179,-2.9260743,-1.198464,52,35,1,9,0.026954018,0.019053672,15.229879,0.0029754837,0.0016803575,-0.008385181,0.01649188995361328,0.018501181086040305,True
58268,11,0.85351706,1.7332847,2,2,11.086854,32.464832,0.14266333,13.807877,1.7386657,0.85853297,38,13,1,9,0.016275942,0.013466247,8.316173,0.0061409804,0.0026506067,0.005380988,0.005015909671783447,0.007356247910520388,True
58268,-11,-2.4057183,-1.7418778,1,2,11.086854,32.464832,0.6106941,14.260331,-1.7504199,-2.3706353,34,20,1,7,0.03756802,0.020431634,10.261937,0.014090232,0.0039098826,-0.008542061,0.03508305549621582,0.036107998914938544,True
58522,11,0.7361348,1.596346,2,2,77.325,197.65504,0.18658185,87.73334,1.5970407,0.7419141,34,16,1,9,0.012232944,0.016975097,5.7665715,0.005524333,0.0025984847,0.00069463253,0.005779266357421875,0.005820861960899497,True
58522,-11,-2.4251947,-1.5856953,1,2,77.325,197.65504,0.6395403,101.80369,-1.5855379,-2.4276671,43,18,1,9,0.01253729,0.013630262,6.581938,0.0057833036,0.0023969812,0.00015735626,0.002472400665283203,0.0024774030844714376,True
58526,-11,-3.076424,1.9372127,1,2,51.155434,180.9922,0.4196473,64.056145,1.9339845,-3.077531,50,17,1,9,0.014946279,0.0116550885,6.9366407,0.0046494417,0.0025361583,-0.0032281876,0.0011072158813476562,0.003412788000613366,True
58534,11,-2.936373,1.4969505,2,2,80.80257,190.10887,0.57705396,97.308586,1.4974905,-2.9339952,33,15,1,9,0.0073518828,0.00917729,6.012725,0.0038028983,0.0024296106,0.0005400181,0.002377748489379883,0.0024383001060725696,True
58534,-11,0.18436211,-1.5034235,1,2,80.80257,190.10887,0.46567547,91.5621,-1.5053898,0.18226598,42,18,1,9,0.009906219,0.014044157,8.417392,0.0050030258,0.0026317525,-0.0019663572,0.002096131443977356,0.002874078596120302,True
58535,11,0.8781853,-2.2442992,2,2,76.21272,360.65677,0.86878324,92.078285,-2.2348087,0.8744548,43,18,1,9,0.019491889,0.019168152,7.0042095,0.0044061495,0.002013813,0.00949049,0.003730475902557373,0.010197345238231022,True
58535,-11,-2.2736077,2.2281592,1,2,76.21272,360.65677,0.14483805,96.56484,2.22922,-2.2738886,44,30,1,11,0.018921107,0.02037302,11.370025,0.00425245,0.002657158,0.0010607243,0.0002808570861816406,0.0010972769014345153,True
58540,11,-1.5655621,-1.5426027,2,2,19.303743,47.110867,0.36296204,24.209675,-1.5475214,-1.5665294,31,17,1,5,0.018927844,0.025418224,7.968118,0.009018178,0.002610146,-0.0049186945,0.0009672641754150391,0.0050128989475546355,True
58540,-11,1.4924698,1.5388546,1,2,19.303743,47.110867,0.15740685,23.305248,1.5413084,1.4894272,47,16,1,5,0.021044472,0.018544002,21.787674,0.0099042915,0.002707885,0.002453804,0.00304257869720459,0.003908764418352281,True
58541,11,-1.6373562,-1.8880291,2,2,39.40995,133.92082,0.998322,50.353405,-1.8891063,-1.6426663,44,17,1,11,0.015158972,0.017293375,7.879634,0.0049625253,0.0028600236,-0.0010771751,0.005310177803039551,0.005418329501142255,True
58541,-11,1.4762245,1.900053,1,2,39.40995,133.92082,0.8829419,50.303246,1.9029155,1.4763196,46,19,1,9,0.024782151,0.025062587,13.893392,0.007824,0.0023612075,0.0028624535,9.500980377197266e-05,0.0028640297571908193,True
58543,11,0.18543848,2.0319476,2,2,73.22558,286.99673,0.54487664,88.172554,2.0329232,0.18749683,48,16,1,11,0.01604261,0.015230561,7.7402678,0.0043578134,0.0026482055,0.0009756088,0.0020583420991897583,0.0022778465220573184,True
58543,-11,-2.969085,-2.05296,1,2,73.22558,286.99673,0.6555796,94.61694,-2.050693,-2.9700224,43,26,1,11,0.020252956,0.022283934,9.686918,0.005484639,0.0026960948,0.0022668839,0.0009374618530273438,0.0024530791091432486,True
58544,11,1.9034914,-2.2625978,2,2,84.293915,403.37427,0.52635324,107.2751,-2.256334,1.9034599,44,22,1,11,0.0302856,0.018092174,8.134865,0.0068191565,0.002712234,0.006263733,3.147125244140625e-05,0.006263811971116687,True
58544,-11,-1.2471398,2.232849,1,2,84.293915,403.37427,0.1615675,111.89624,2.2319639,-1.2524904,48,21,1,11,0.021479102,0.020824257,8.686173,0.0047132964,0.0024874248,-0.00088500977,0.005350589752197266,0.005423288023106464,True
58546,11,-1.99584,1.7836671,2,2,56.95883,173.2134,0.047606774,72.70206,1.7845926,-1.9942212,31,17,1,11,0.015739506,0.016615892,5.7018085,0.0058036377,0.003174102,0.0009255409,0.0016187429428100586,0.001864659410463453,True
58546,-11,1.1238106,-1.770705,1,2,56.95883,173.2134,0.97859675,74.52862,-1.7716875,1.1315346,51,17,1,9,0.01663125,0.017511522,7.003579,0.0062306686,0.0024872755,-0.000982523,0.0077239274978637695,0.007786167690920764,True
58547,-11,-2.2651114,2.632709,1,2,41.499336,288.99765,0.76237905,52.208256,2.6273391,-2.2771003,52,24,1,11,0.03090112,0.03915083,9.96722,0.0046153194,0.0030982778,-0.0053699017,0.01198887825012207,0.013136553806121587,True
58547,11,0.88905346,-2.6247063,2,2,41.499336,288.99765,0.450697,39.17841,-2.6237988,0.9132316,52,28,1,11,0.042711772,0.028983064,14.602818,0.00636104,0.0040175663,0.0009074211,0.024178147315979004,0.024195169367206254,True
58550,11,2.2939236,-1.9536958,2,2,36.70682,129.17834,0.38746282,48.921997,-1.9560745,2.292918,48,21,1,7,0.017594628,0.01767874,8.464972,0.0052202754,0.0032515717,-0.0023787022,0.0010056495666503906,0.0025825481559177375,True
58550,-11,-0.87663716,1.9080632,1,2,36.70682,129.17834,0.08528184,44.69559,1.9091318,-0.8765818,38,24,1,11,0.018008308,0.015576019,7.9168944,0.0056994855,0.0031142423,0.0010685921,5.537271499633789e-05,0.001070025772077331,True
58553,11,1.2977002,-2.2601843,2,2,80.87228,388.72964,0.7500435,98.51185,-2.258546,1.3039318,39,22,1,11,0.018524563,0.017094675,8.570906,0.004026627,0.0031589784,0.001638174,0.00623166561126709,0.006443389672746454,True
58553,-11,-1.8533803,2.2442102,1,2,80.87228,388.72964,0.07397196,99.83541,2.244224,-1.8555056,35,17,1,11,0.01812818,0.012140629,6.539948,0.0040053725,0.0028233025,1.3828278e-05,0.002125263214111328,0.0021253082013006634,True
58555,11,1.9359871,2.3807352,2,2,89.02003,490.48615,0.91622245,116.54852,2.38022,1.9343687,40,26,1,11,0.026690831,0.021158291,9.249811,0.0052648676,0.0026125766,-0.00051522255,0.0016183853149414062,0.0016984184711277366,True
58555,-11,-1.2130722,-2.4020774,1,2,89.02003,490.48615,0.045677256,88.07145,-2.403221,-1.2105348,48,34,1,11,0.027131157,0.019648364,27.362263,0.005004997,0.0033809836,-0.0011434555,0.002537369728088379,0.002783116172527255,True
58556,11,0.01583734,-2.0994182,2,2,85.25896,357.41132,0.93842435,108.59649,-2.1029747,0.0143335285,39,21,1,9,0.016712625,0.017428035,6.7926464,0.0043329066,0.0026404157,-0.00355649,0.0015038112178444862,0.0038613558890433514,True
58556,-11,-3.1361217,2.1243632,1,2,85.25896,357.41132,0.99393326,101.7865,2.1273308,-3.1263077,42,18,1,9,0.02170224,0.01794629,8.109202,0.0052624163,0.0032602195,0.002967596,0.009814023971557617,0.010252887046956012,True
58558,11,1.9704523,1.7081008,2,2,10.367211,29.669313,0.36538675,14.27832,1.7062893,1.9795916,34,17,1,5,0.02471996,0.02973947,8.122268,0.010134713,0.0029435582,-0.0018115044,0.009139299392700195,0.009317099411847591,True
58558,-11,-1.3002247,-1.7184217,1,2,10.367211,29.669313,0.89451295,12.498492,-1.718087,-1.2887295,47,16,1,9,0.019418133,0.026534416,9.545061,0.007775465,0.003332214,0.00033473969,0.011495113372802734,0.011499986178702189,True
58560,-11,-1.7006093,-2.0028024,1,2,82.17299,309.40622,0.07484835,136.17921,-1.9959011,-1.7143439,41,27,1,11,0.025751824,0.023646241,9.28447,0.007495597,0.0041927327,0.006901264,0.013734579086303711,0.015370950194442583,True
58560,11,1.4529965,1.9989264,2,2,82.17299,309.40622,0.39683247,98.24824,2.0016289,1.4571202,35,16,1,9,0.016493797,0.014629029,6.2226977,0.004671812,0.0025940235,0.0027024746,0.004123687744140625,0.004930331579739415,True
58561,11,-0.51885784,-1.4629191,2,2,89.44134,203.49312,0.53861725,15.829596,-1.4616686,-0.53410375,44,14,1,40,0.018367056,0.020915117,29.433916,0.009944093,0.0008567025,0.0012505054,0.015245914459228516,0.015297113175864786,True
58563,11,-2.3140447,2.001241,2,2,4.5945945,17.089825,0.7422066,5.5915856,2.0078554,-2.3414922,36,22,1,3,0.028836945,0.030985083,13.285245,0.008099895,0.0043167467,0.0066144466,0.02744746208190918,0.028233208798055524,True
58563,-11,0.60960317,-1.9790808,1,2,4.5945945,17.089825,0.34164894,8.056272,-1.9938474,0.5766041,39,17,1,5,0.037808817,0.035610653,15.308885,0.01044963,0.0035381727,-0.014766574,0.03299903869628906,0.036152292581179524,True
58564,11,-0.97864616,-2.9425123,2,2,94.64907,897.84393,0.18749624,108.18521,-2.936454,-0.97627544,52,38,1,15,0.022994768,0.013007667,15.335348,0.0024853435,0.0021952076,0.006058216,0.0023707151412963867,0.0065055570328112836,True
58564,-11,2.1588767,2.9378498,1,2,94.64907,897.84393,0.040381957,120.8251,2.935951,2.1699126,52,38,1,11,0.02958696,0.021183347,17.090803,0.0032718023,0.0023588552,-0.0018987656,0.011035919189453125,0.011198072290489932,True
58565,-11,0.19059098,-2.011757,1,2,17.080187,65.49087,0.14280151,29.45411,-2.0176055,0.19035314,48,17,1,7,0.030243235,0.022280974,9.646838,0.008343933,0.003081408,-0.005848646,0.00023783743381500244,0.005853480153147992,True
58565,11,-2.894264,2.0279436,2,2,17.080187,65.49087,0.8035513,17.83507,2.0158265,-2.9156666,42,14,1,11,0.026455969,0.022821806,15.53024,0.0076373555,0.002602811,-0.012117147,0.021402597427368164,0.02459464242620691,True
58566,-11,-2.0102806,-1.8762236,1,2,8.472707,28.026537,0.5503548,3.4338803,-1.8714769,-1.9642895,34,13,1,3,0.046064593,0.022253502,11.428861,0.014886469,0.004876477,0.0047466755,0.04599106311798096,0.046235363255197136,True
58566,11,1.265605,1.8568821,2,2,8.472707,28.026537,0.98194224,3.7321975,1.8960505,1.266586,40,26,1,32,0.02762679,0.029672226,31.942451,0.00887426,0.004502417,0.039168358,0.000980973243713379,0.039180639799374924,True
58572,-11,2.4486113,-2.071951,1,2,95.59727,388.08505,0.6802372,119.89559,-2.0730343,2.4549391,46,24,1,11,0.019386528,0.017780902,8.690396,0.004995522,0.00303044,-0.001083374,0.00632786750793457,0.0064199381985057475,True
58572,11,-0.6834539,2.0855076,2,2,95.59727,388.08505,0.33438212,106.71416,2.081988,-0.69242656,44,20,1,9,0.016732927,0.023627684,7.2741523,0.004399406,0.0024140927,-0.003519535,0.008972644805908203,0.009638230213957922,True
58573,-11,-0.9065473,-2.4830165,1,2,88.709366,524.18304,0.05039995,109.10249,-2.482001,-0.9055828,44,25,1,11,0.027971284,0.02176519,9.059052,0.0048539084,0.0032520234,0.0010154247,0.0009645223617553711,0.0014004965935395432,True
58573,11,2.2419538,2.4421914,2,2,88.709366,524.18304,0.7581132,116.18852,2.4347901,2.243114,50,19,1,11,0.024638545,0.017839415,9.534595,0.0043535656,0.0026445994,-0.007401228,0.0011601448059082031,0.00749160267516143,True
58575,11,3.0576582,2.19731,2,2,94.215065,422.89072,0.63628656,115.6315,2.187567,3.060117,41,27,1,7,0.026726097,0.023294808,9.9752245,0.0064198095,0.0025191982,-0.009742975,0.002458810806274414,0.01004844866592476,True
58575,-11,-0.092625774,-2.1670125,1,2,94.215065,422.89072,0.496734,110.35798,-2.1698048,-0.08562344,38,17,1,11,0.016877394,0.015460173,6.7421746,0.0039117364,0.002505491,-0.0027923584,0.0070023313164711,0.007538561486845904,True
58576,-11,3.090209,-2.878173,1,2,62.68977,559.0386,0.14887857,82.57642,-2.8853066,3.089486,52,38,1,9,0.031889524,0.03693076,24.800352,0.003477313,0.0024587528,-0.007133484,0.0007231235504150391,0.007170041843060674,True
58576,11,-0.04491811,2.877848,2,2,62.68977,559.0386,0.061070696,79.11986,2.885201,-0.03576744,52,38,1,11,0.027380647,0.025723075,20.891943,0.0030477098,0.0026659432,0.0073530674,0.009150668978691101,0.011738924302116007,True
58577,11,2.7439692,-2.7235143,2,2,21.675304,165.04077,0.92089045,32.576168,-2.7200832,2.7339032,45,22,1,9,0.040276114,0.035321023,15.349898,0.005469882,0.0030139151,0.0034310818,0.010066032409667969,0.010634722870896443,True
58577,-11,-0.419534,2.7141998,1,2,21.675304,165.04077,0.2835524,39.49135,2.7182066,-0.40410897,52,26,1,9,0.047009807,0.03640912,19.751776,0.006136411,0.004148728,0.0040068626,0.015425026416778564,0.01593695039679244,True
58580,-11,-2.8081927,-1.7344687,1,2,8.403482,24.180687,0.64668864,7.981954,-1.7312475,-2.7809558,38,11,1,5,0.024118379,0.019188754,17.630424,0.009510388,0.0017574118,0.0032211542,0.0272369384765625,0.0274267506709511,True
58580,11,0.49168527,1.7045662,2,2,8.403482,24.180687,0.12729578,11.63894,1.7111528,0.50603956,27,12,1,5,0.023927845,0.020481428,6.1082664,0.009446125,0.0036718806,0.0065865517,0.014354288578033447,0.01579329810474641,True
58582,11,1.7249027,1.5893881,2,2,89.627846,229.33536,0.7446161,102.873634,1.5918307,1.7186687,43,23,1,9,0.010834294,0.017802533,11.222818,0.0050324565,0.0022164707,0.0024425983,0.0062340497970581055,0.006695495760589552,True
58582,-11,-1.4337018,-1.594821,1,2,89.627846,229.33536,0.89625853,91.24286,-1.5948738,-1.4258617,42,14,1,9,0.011759197,0.0113339545,8.680953,0.005508295,0.0027996013,-5.2809715e-05,0.00784003734588623,0.007840215204375311,True
58585,11,-0.26523927,2.4794805,2,2,50.04628,295.32614,0.14727762,64.73703,2.4801283,-0.26157126,52,25,1,11,0.026280057,0.027232995,11.069094,0.0044536265,0.0030108318,0.0006477833,0.0036680102348327637,0.0037247714372740603,True
58585,-11,2.864033,-2.4429235,1,2,50.04628,295.32614,0.21745825,65.540146,-2.4397395,2.8550162,52,18,1,9,0.021684017,0.018176338,9.42034,0.0039077085,0.0027859616,0.0031840801,0.009016752243041992,0.00956243628191741,True
58587,11,1.8754883,1.9857473,2,2,67.709656,251.75941,0.3228045,82.85884,1.984624,1.8792311,40,17,1,11,0.015758472,0.016362876,7.669851,0.004493622,0.00270023,-0.0011233091,0.003742814064025879,0.003907746219678973,True
58587,-11,-1.2808782,-1.9898716,1,2,67.709656,251.75941,0.5459987,83.36652,-1.9909437,-1.2833436,47,18,1,11,0.021603623,0.016798716,6.9790807,0.0062010675,0.0026102888,-0.0010720491,0.002465367317199707,0.002688368530368326,True
58589,-11,0.7926501,2.3132977,1,2,57.635586,290.3988,0.49624136,72.827354,2.3126981,0.79224306,47,23,1,9,0.019865029,0.022937294,12.660546,0.0040560593,0.0028958684,-0.0005996227,0.0004070401191711426,0.0007247268952362071,True
58589,11,-2.3363304,-2.287424,2,2,57.635586,290.3988,0.42250156,71.02937,-2.2890317,-2.336901,41,27,1,9,0.026895534,0.021865003,12.720469,0.0056326506,0.0027001202,-0.0016076565,0.0005705356597900391,0.0017058927974346392,True
58590,11,2.314093,-1.6905727,2,2,28.85123,82.56877,0.09929962,38.02734,-1.6913084,2.317689,40,15,1,9,0.0151924845,0.015785648,7.852246,0.006153,0.002671689,-0.0007356405,0.0035958290100097656,0.003670306967849222,True
58590,-11,-0.87388265,1.7354027,1,2,28.85123,82.56877,0.91986006,31.229954,1.7357308,-0.8520427,29,15,1,9,0.009636461,0.00896885,6.4538713,0.0036850688,0.0022162518,0.00032806396,0.02183997631072998,0.021842440138827798,True
58591,11,0.1456148,2.5668523,2,2,4.527822,29.931595,0.59233856,8.43097,2.5316865,0.1785226,45,31,1,5,0.0537473,0.031178514,29.8483,0.00852181,0.0042657848,-0.035165787,0.03290779888629913,0.0481617671008099,True
58594,-11,1.9252266,-1.7476698,1,2,5.515442,15.81937,0.14083742,7.471476,-1.7494376,1.9036144,25,13,1,7,0.016219886,0.017101381,5.0832906,0.00623251,0.0033451675,-0.0017677546,0.021612167358398438,0.021684343065740616,True
58594,11,-0.97429365,1.6879475,2,2,5.515442,15.81937,0.89724535,7.129885,1.6817119,-0.99048746,37,14,1,5,0.02778732,0.022431757,8.287211,0.01168587,0.0037457608,-0.0062355995,0.016193807125091553,0.017352869853224477,True
58595,-11,-2.5116532,2.4987326,1,2,9.783236,59.10637,0.96294546,17.3569,2.4898562,-2.49635,49,24,1,7,0.04185582,0.039433286,17.023897,0.0072245314,0.003018934,-0.008876324,0.01530313491821289,0.017691101270467777,True
58595,11,0.6914445,-2.4715636,2,2,9.783236,59.10637,0.035401687,20.653395,-2.4743478,0.683689,44,30,1,43,0.026972098,0.040728636,40.076584,0.004583018,0.003087509,-0.0027842522,0.0077555179595947266,0.008240152833671464,True
58596,11,-1.9625268,1.8719659,2,2,48.069347,155.64107,0.11403323,64.60226,1.8712974,-1.962227,48,21,1,9,0.018189166,0.019896977,15.165024,0.0060034553,0.0027466011,-0.0006685257,0.00029981136322021484,0.0007326755485628563,True
58596,-11,1.1548338,-1.8156099,1,2,48.069347,155.64107,0.9310012,53.95075,-1.8159647,1.1615598,36,22,1,9,0.017006213,0.019735532,8.260192,0.0061617647,0.0031462607,-0.00035476685,0.00672602653503418,0.006735376193264489,True
58597,-11,1.2183642,-2.1619203,1,2,35.66474,158.2112,0.12342635,47.86654,-2.1668923,1.2264752,44,23,1,11,0.027816383,0.026199782,8.486434,0.006613367,0.0033636836,-0.004971981,0.008111000061035156,0.009513617467095097,True
58599,11,2.7013886,1.6108518,2,2,56.05261,147.8057,0.7181591,65.47323,1.6131047,2.7105825,52,15,1,7,0.011102703,0.01218151,6.400503,0.005083465,0.002653825,0.0022529364,0.009193897247314453,0.00946591087656114,True
58599,-11,-0.4664497,-1.6388248,1,2,56.05261,147.8057,0.96975774,64.65791,-1.6390735,-0.45596108,52,15,1,11,0.011850552,0.014195673,8.22188,0.005139624,0.0026168313,-0.00024867058,0.010488629341125488,0.01049157674098049,True
58600,-11,3.0651104,2.6050513,1,2,9.51639,64.492386,0.8160985,20.926828,2.6044888,3.0443432,42,28,1,9,0.040886153,0.04563755,15.539668,0.0060987393,0.0038955328,-0.0005624294,0.0207672119140625,0.020774826534659032,True
58600,11,-0.020259384,-2.5976064,2,2,9.51639,64.492386,0.912823,17.894987,-2.5797806,-0.013575174,52,29,1,7,0.041712992,0.030964896,23.482061,0.006407217,0.003672725,0.017825842,0.006684210151433945,0.019037838431239764,True
58602,-11,-1.1390387,2.837914,1,2,61.116856,528.1829,0.9978805,73.08363,2.8350353,-1.1269319,51,23,1,9,0.027576994,0.019098759,13.55969,0.003400181,0.0014632582,-0.002878666,0.012106776237487793,0.012444305852061023,True
58602,11,2.0093365,-2.855041,2,2,61.116856,528.1829,0.14053297,61.83361,-2.850982,1.9983736,49,28,1,9,0.022587672,0.009740038,14.745929,0.002713515,0.0011812017,0.0040590763,0.010962843894958496,0.011690168805125413,True
58604,-11,-1.7352741,2.7673542,1,2,66.51558,526.99347,0.8100519,66.053665,2.7532709,-1.7487361,50,30,1,9,0.03629951,0.024128025,19.944424,0.0049434067,0.0017390965,-0.0140833855,0.013462066650390625,0.01948253023863177,True
58609,-11,2.852458,2.5126548,1,2,45.289585,273.87137,0.8118976,71.339645,2.4948761,2.8480213,44,30,1,7,0.047336124,0.030346548,12.842318,0.00831355,0.0037743684,-0.017778635,0.0044367313385009766,0.018323876130414845,True
58609,11,-0.2758511,-2.4597306,2,2,45.289585,273.87137,0.82998055,59.63675,-2.456974,-0.2786002,51,24,1,9,0.026181644,0.026448602,11.802052,0.004766007,0.002837219,0.0027565956,0.0027490854263305664,0.003893107989720926,True
58610,11,2.182518,2.7547774,2,2,4.960079,38.663387,0.10242338,14.884577,2.7484586,2.2046256,52,30,1,9,0.048309747,0.034590706,36.151737,0.006273579,0.003602432,-0.0063188076,0.022107601165771484,0.0229928980267313,True
58610,-11,-1.0526029,-2.7310505,1,2,4.960079,38.663387,0.4339053,10.180558,-2.6917205,-1.0274433,44,27,1,7,0.06740409,0.02293924,25.666477,0.009577293,0.0034258075,0.039330006,0.025159597396850586,0.046688914331122607,True
58611,11,2.2631898,-1.734648,2,2,60.908897,176.99637,0.11406604,71.490555,-1.7359865,2.264217,39,25,1,9,0.016710794,0.012309484,8.33383,0.0063922326,0.0032379655,-0.0013384819,0.0010271072387695312,0.001687152359686339,True
58611,-11,-0.89999604,1.7231938,1,2,60.908897,176.99637,0.9398912,70.182495,1.7261395,-0.88819605,33,19,1,9,0.014892775,0.017732479,6.006692,0.005776397,0.0028039506,0.0029457808,0.011799991130828857,0.012162130370620345,True
58612,-11,-1.0261796,-2.7737334,1,2,47.981953,378.37222,0.8255593,56.38531,-2.7761986,-1.0307506,50,30,1,9,0.039235853,0.007276759,13.676272,0.004645205,0.0022710676,-0.002465248,0.004571080207824707,0.00519347884369633,True
58612,11,2.1249354,2.734971,2,2,47.981953,378.37222,0.8672438,53.587635,2.7324631,2.1399977,49,25,1,9,0.027547458,0.018023007,11.656363,0.0035618464,0.002947308,-0.002507925,0.015062332153320312,0.015269693442047462,True
58617,11,1.5380136,1.529577,2,2,94.286095,227.03835,0.8777447,93.31945,1.5309193,1.5404495,39,20,1,5,0.011721637,0.018541504,6.510234,0.0057592057,0.0030676164,0.0013422966,0.002435922622680664,0.0027812729436314933,True
58617,-11,-1.6209794,-1.5219177,1,2,94.286095,227.03835,0.04332008,97.53602,-1.5239203,-1.6203085,38,17,1,7,0.009452409,0.013043297,6.4775624,0.0047237077,0.0030050438,-0.0020025969,0.0006709098815917969,0.0021119929496373094,True
58618,-11,1.628651,-2.0441172,1,2,33.41387,130.06528,0.2702754,45.364216,-2.0453112,1.6263382,38,19,1,9,0.025235387,0.028477052,8.311079,0.0069254264,0.0026200886,-0.0011940002,0.002312779426574707,0.002602803346200996,True
58618,11,-1.484409,2.0266116,2,2,33.41387,130.06528,0.2338588,33.27074,2.0308156,-1.4821414,33,19,1,9,0.023986714,0.0145069035,8.260579,0.006530047,0.002948137,0.004204035,0.002267599105834961,0.004776600704695321,True
58623,11,0.30201313,2.2071254,2,2,84.62254,381.76923,0.92005706,97.52017,2.2120018,0.3050632,49,23,1,13,0.02493515,0.02532585,13.298291,0.005663495,0.0031500703,0.004876375,0.0030500590801239014,0.005751686349704081,True
58623,-11,-2.8492222,-2.1677923,1,2,84.62254,381.76923,0.90939116,99.0749,-2.1698396,-2.8471751,52,20,1,9,0.021100841,0.027788948,7.781122,0.0049613486,0.002605211,-0.0020473003,0.0020470619201660156,0.0028951513130018314,True
58624,11,-2.2542593,-2.389995,2,2,92.57737,523.9426,0.22106323,109.29679,-2.391859,-2.254729,39,18,1,11,0.027034806,0.016242875,7.698001,0.0049903197,0.0024900883,-0.0018639565,0.0004696846008300781,0.001922221963518338,True
58624,-11,0.8803533,2.4480648,1,2,92.57737,523.9426,0.7541525,114.65389,2.4413388,0.8791114,49,27,1,13,0.026843045,0.025382834,12.005444,0.0048966077,0.0030080646,-0.0067260265,0.0012418627738952637,0.006839711792653939,True
58625,-11,-2.0610232,2.2658837,1,2,36.079594,180.29788,0.9255965,45.01376,2.271215,-2.0520473,52,21,1,9,0.023443967,0.016499303,11.388278,0.0048577,0.0028958833,0.005331278,0.008975982666015625,0.010439865380275254,True
58625,11,1.1008519,-2.318619,2,2,36.079594,180.29788,0.76732945,47.912697,-2.315345,1.0992674,40,26,1,9,0.02835162,0.019681424,9.367276,0.005877413,0.003080472,0.003273964,0.0015845298767089844,0.003637248236440086,True
58632,-11,-0.5627703,-2.889725,1,2,15.04499,135.53993,0.6423174,17.452515,-2.8839042,-0.55005485,52,18,1,9,0.028480947,0.012727923,34.289833,0.0030417652,0.001232747,0.005820751,0.012715458869934082,0.013984421277395003,True
58632,11,2.6055076,2.8868825,2,2,15.04499,135.53993,0.24651319,25.02959,2.8855717,2.6083782,51,31,1,7,0.03446571,0.035606626,42.548286,0.0036381155,0.0021455085,-0.0013108253,0.0028705596923828125,0.0031556894714516964,True
58634,-11,1.0835658,2.2221038,1,2,78.54481,372.7876,0.902724,95.66483,2.225419,1.0727788,42,16,1,9,0.021739734,0.018750845,12.79197,0.0047899582,0.0026887115,0.0033152103,0.010787010192871094,0.01128495496041811,True
58634,11,-2.048182,-2.2566206,2,2,78.54481,372.7876,0.12999335,91.045425,-2.257334,-2.0470414,39,22,1,15,0.0214419,0.016913373,7.2423306,0.0046535735,0.0028492978,-0.0007133484,0.001140594482421875,0.0013452961372694063,True
58636,-11,-2.9691124,2.099432,1,2,71.88085,299.07172,0.32168952,94.69258,2.0989556,-2.9697506,45,19,1,11,0.021586575,0.017524447,7.805692,0.0055941683,0.0027927202,-0.00047636032,0.0006382465362548828,0.0007964155928328981,True
58636,11,0.18486115,-2.1087155,2,2,71.88085,299.07172,0.66508126,84.916626,-2.1065662,0.18418993,51,23,1,11,0.017238988,0.015336967,10.10676,0.004473259,0.0033427845,0.0021493435,0.0006712228059768677,0.002251714333348516,True
58637,-11,0.102370486,2.6191297,1,2,2.032142,14.121864,0.6719793,5.617276,2.602461,0.13605933,41,27,1,3,0.05685002,0.040221702,23.515911,0.008472326,0.004704631,-0.016668558,0.03368884325027466,0.03758695229653958,True
58638,-11,1.799228,2.6571522,1,2,99.35612,696.2227,0.5728343,122.57218,2.648391,1.8102669,47,31,1,13,0.037146553,0.026345985,10.976814,0.0056208996,0.0023627698,-0.0087611675,0.011038899421691895,0.01409309608507178,True
58638,11,-1.3371016,-2.6132967,2,2,99.35612,696.2227,0.26736072,79.14629,-2.6189177,-1.3497396,42,16,1,13,0.01772606,0.007956087,7.215468,0.0025346768,0.0018925655,-0.0056209564,0.012637972831726074,0.013831612645714373,True
58639,-11,2.1363564,-2.4564774,1,2,25.85172,148.62595,0.82609314,34.62748,-2.4556458,2.129673,38,22,1,9,0.040679026,0.028161755,8.9309,0.006832237,0.0034686872,0.000831604,0.006683349609375,0.006734888805351271,True
58639,11,-0.9807695,2.413167,2,2,25.85172,148.62595,0.7775304,25.924494,2.41457,-0.98195964,47,14,1,9,0.030253395,0.02971088,23.59381,0.0053795893,0.0035636253,0.0014030933,0.0011901259422302246,0.0018398561402190032,True
58642,-11,-2.9672196,2.5214074,1,2,26.81938,167.1901,0.5795797,34.654694,2.5055158,-2.9727304,43,19,1,9,0.037719708,0.028863667,9.229593,0.0064639826,0.0032469362,-0.015891552,0.005510807037353516,0.01681994086673466,True
58642,11,0.19607492,-2.511971,2,2,26.81938,167.1901,0.91996247,31.972847,-2.5141292,0.18709134,44,21,1,9,0.03293901,0.015841767,13.532714,0.005559424,0.0033002265,-0.002158165,0.008983582258224487,0.009239178873832325,True
58644,-11,-2.0269375,2.6757631,1,2,23.051712,168.02553,0.041178536,36.641438,2.6812537,-2.0296764,51,32,1,11,0.039628096,0.034777746,15.924373,0.0053385976,0.0033083833,0.0054905415,0.00273895263671875,0.006135789064785029,True
58644,11,1.1361363,-2.6738453,2,2,23.051712,168.02553,0.50331223,36.777435,-2.6530223,1.1278582,45,24,1,7,0.046073936,0.03313064,12.746978,0.0069118203,0.0026305192,0.020823002,0.008278131484985352,0.022408142592581125,True
58646,11,-2.3996587,2.1567097,2,2,39.211178,170.06949,0.72159714,50.334778,2.1498492,-2.403415,36,22,1,11,0.026054952,0.02526209,9.226357,0.006459008,0.0023384057,-0.0068604946,0.003756284713745117,0.00782151277230002,True
58646,-11,0.7202528,-2.1370924,1,2,39.211178,170.06949,0.3350415,46.307632,-2.1358325,0.7183186,44,16,1,9,0.019918356,0.01259945,8.358515,0.004953262,0.003327044,0.0012598038,0.0019342303276062012,0.0023083224437041123,True
58648,-11,1.5467386,2.5639555,1,2,54.619053,357.78452,0.8297308,54.692398,2.565555,1.5302345,44,21,1,13,0.027218966,0.02401463,10.673406,0.0042402986,0.0027316045,0.0015995502,0.01650416851043701,0.016581499906743975,True
58648,11,-1.5846655,-2.5696964,2,2,54.619053,357.78452,0.49389443,71.01251,-2.5620599,-1.5910789,41,22,1,9,0.029206064,0.025989173,11.114198,0.004644243,0.003092667,0.007636547,0.0064133405685424805,0.009972351200067928,True
58650,11,1.4136982,2.2248955,2,2,82.12339,390.9942,0.27050957,106.69531,2.2264814,1.4111441,51,23,1,9,0.024779776,0.019275684,7.7570047,0.0054521086,0.0030472302,0.0015859604,0.0025540590286254883,0.003006407802443113,True
58650,-11,-1.7372966,-2.2602472,1,2,82.12339,390.9942,0.79045665,100.161896,-2.2553768,-1.739451,44,21,1,9,0.019984558,0.01630925,7.766461,0.0042865463,0.0029238414,0.0048704147,0.0021544694900512695,0.005325662170484334,True
58651,-11,-2.4024124,2.4722142,1,2,77.53288,471.49222,0.6355419,96.48475,2.4703083,-2.3962343,43,18,1,9,0.022363119,0.017029773,6.7834473,0.0038226002,0.002397801,-0.0019059181,0.006178140640258789,0.006465442417658782,True
58651,11,0.7468675,-2.5112226,2,2,77.53288,471.49222,0.48293862,94.74175,-2.5033424,0.745096,46,25,1,9,0.024302159,0.024394425,9.397614,0.0041485694,0.0029493507,0.007880211,0.0017714500427246094,0.008076865592662115,True
58652,-11,-0.5347982,1.7873963,1,2,39.361088,122.75536,0.6627444,50.201736,1.7875835,-0.5325598,35,17,1,11,0.01463694,0.02104606,8.431853,0.0053373096,0.002423713,0.00018715858,0.0022383928298950195,0.0022462036409713467,True
58652,11,2.6376665,-1.8206158,2,2,39.361088,122.75536,0.9499061,46.981792,-1.8212966,2.6254368,32,16,1,13,0.012122572,0.011224319,5.866254,0.004304036,0.0025688133,-0.00068080425,0.012229681015014648,0.0122486159277361,True
58653,11,0.71939677,-2.0452695,2,2,21.797846,85.79426,0.6624464,31.67652,-2.0449505,0.7180833,43,22,1,7,0.027143195,0.021186382,14.975336,0.0074402457,0.0029023397,0.00031900406,0.0013134479522705078,0.0013516320182944167,True
58653,-11,-2.465438,2.0483744,1,2,21.797846,85.79426,0.09532377,31.27682,2.0480196,-2.464285,43,15,1,7,0.023150867,0.023159325,10.416997,0.0064115906,0.0032569037,-0.00035476685,0.0011529922485351562,0.001206337697327038,True
58655,11,-1.5917239,-1.7151103,2,2,62.73535,180.56758,0.2058532,82.33182,-1.7159073,-1.5929923,43,16,1,11,0.018548451,0.015857229,12.178945,0.007646588,0.0025199463,-0.0007970333,0.0012683868408203125,0.0014980211197157746,True
58655,-11,1.5286821,1.7223085,1,2,62.73535,180.56758,0.4917944,76.35489,1.7197695,1.5227418,32,16,1,9,0.011641893,0.019038789,5.666223,0.0045649935,0.0029019471,-0.0025390387,0.0059403181076049805,0.0064601932168613894,True
58658,-11,2.96677,1.9162385,1,2,19.491446,67.52044,0.34569597,22.95784,1.9179066,2.9597504,42,13,1,9,0.01890038,0.015840676,9.581941,0.0059064263,0.0025786567,0.0016680956,0.007019519805908203,0.00721499834957112,True
58658,11,-0.11931681,-1.9121852,2,2,19.491446,67.52044,0.41700697,22.692055,-1.9135885,-0.10023763,36,18,1,7,0.018626144,0.026446406,11.520079,0.005999269,0.0025540844,-0.0014033318,0.01907917857170105,0.019130718621889652,True
58660,-11,-2.254585,2.329206,1,2,86.05646,443.85037,0.42206076,109.85366,2.329289,-2.2591646,42,25,1,9,0.02704174,0.019469393,8.305078,0.005246687,0.0028882995,8.2969666e-05,0.0045795440673828125,0.004580295605143715,True
58660,11,0.89527065,-2.3190227,2,2,86.05646,443.85037,0.94045407,87.9699,-2.319687,0.89116174,37,18,1,13,0.016379654,0.012557316,6.549252,0.0032969196,0.0027159473,-0.00066423416,0.004108905792236328,0.004162248650743177,True
58662,11,-2.8175716,2.3180203,2,2,73.352325,380.45227,0.09087045,98.039894,2.3096805,-2.8191652,48,25,1,9,0.028847298,0.025061818,10.420668,0.0060200524,0.0028543666,-0.008339882,0.0015935897827148438,0.00849076896055538,True
58663,-11,-0.8885809,-1.8221068,1,2,10.716196,34.153736,0.3762746,14.279214,-1.8202702,-0.9111757,35,15,1,7,0.037560835,0.013991416,7.8062224,0.013329137,0.0034346916,0.0018366575,0.022594809532165527,0.022669334543419954,True
58664,-11,-0.3728748,1.6941884,1,2,91.23683,260.03088,0.5834508,112.028694,1.6963389,-0.37388802,30,16,1,9,0.01045451,0.01007773,5.680185,0.0042342553,0.0027543553,0.0021505356,0.0010132193565368652,0.002377270863899161,True
58664,11,2.783471,-1.7224381,2,2,91.23683,260.03088,0.69314003,116.36104,-1.7226176,2.7840056,38,24,1,9,0.016629811,0.015705157,8.278859,0.00679349,0.0028955655,-0.00017952919,0.0005345344543457031,0.0005638774804578619,True
58668,-11,2.7907515,-2.397844,1,2,65.187775,366.929,0.07546953,87.95039,-2.3987174,2.7946227,43,22,1,11,0.026904078,0.024245322,8.683112,0.0048498632,0.0031728628,-0.00087332726,0.0038712024688720703,0.003968489517406088,True
58668,11,-0.34091237,2.4285266,2,2,65.187775,366.929,0.667613,82.93937,2.4153776,-0.33287027,42,20,1,9,0.018608304,0.017140044,8.035349,0.0033530712,0.002174457,-0.013149023,0.008042097091674805,0.015413375071155156,True
58669,11,-0.5935097,-1.8460368,2,2,60.963917,201.53525,0.36433986,77.890236,-1.8483357,-0.5959514,38,15,1,7,0.020307146,0.01413166,6.865138,0.0070591248,0.0027834394,-0.0022989511,0.002441704273223877,0.0033536690717456794,True
58669,-11,2.5293887,1.8846698,1,2,60.963917,201.53525,0.69683474,76.81649,1.8843546,2.5303223,34,20,1,9,0.015429828,0.017045042,9.238197,0.005047069,0.002785369,-0.00031518936,0.0009336471557617188,0.0009854143012511436,True
58671,-11,-0.6558404,-2.7663863,1,2,39.421303,309.33105,0.80110496,46.85108,-2.7552304,-0.6643264,52,15,1,9,0.03197083,0.028580079,11.556292,0.0042736465,0.0027718723,0.011155844,0.008486032485961914,0.014016618753372576,True
58671,11,2.497395,2.7322593,2,2,39.421303,309.33105,0.77338237,55.06788,2.733133,2.5017247,51,28,1,11,0.032737955,0.02312662,9.948505,0.0043924833,0.003120124,0.0008738041,0.004329681396484375,0.004416975728591963,True
58672,11,2.2685332,2.1307175,2,2,20.369852,85.31673,0.64090484,27.664656,2.1329024,2.261537,41,27,1,7,0.027127812,0.024398742,12.033119,0.0065310085,0.0030846826,0.0021848679,0.00699615478515625,0.007329381238458055,True
58672,-11,-0.91637444,-2.0916426,1,2,20.369852,85.31673,0.19373485,34.26677,-2.0908926,-0.91777503,49,21,1,7,0.038094915,0.028007433,16.953632,0.010072332,0.002593157,0.00075006485,0.001400589942932129,0.001588788679223389,True
58676,-11,-1.2387987,-2.1079996,1,2,73.19319,305.02573,0.018859087,93.133545,-2.1057963,-1.2412829,51,21,1,13,0.023360003,0.017216194,7.3216767,0.0061361175,0.0030894815,0.002203226,0.0024842023849487305,0.0033204618103354283,True
58676,11,1.9148906,2.1034677,2,2,73.19319,305.02573,0.88069165,91.65798,2.1023746,1.9180554,39,17,1,9,0.020632248,0.018186197,6.6554914,0.0054033366,0.0026008557,-0.0010931492,0.0031647682189941406,0.0033482432653815755,True
58678,11,-2.7101388,1.5272907,2,2,33.27377,80.16325,0.83640087,23.144703,1.5283861,-2.694273,29,12,1,5,0.010155024,0.021674989,5.4655538,0.005024197,0.002948737,0.0010954142,0.015865802764892578,0.015903572854735374,True
58678,-11,0.3822339,-1.525472,1,2,33.27377,80.16325,0.31546518,34.032387,-1.5282775,0.380142,44,14,1,5,0.010593413,0.023119569,10.048442,0.005323928,0.0024866327,-0.0028054714,0.0020918846130371094,0.0034995215483650402,True
58682,-11,-1.5573351,-2.7355185,1,2,80.57897,617.7,0.96409494,104.14092,-2.7397044,-1.556527,51,20,1,9,0.033328846,0.022681322,10.213761,0.004478249,0.0030723384,-0.004185915,0.0008081197738647461,0.004263207982005192,True
58686,-11,-0.6607104,2.4350238,1,2,99.88533,589.74225,0.5438801,122.7763,2.4332461,-0.6564094,41,21,1,9,0.022540497,0.020156235,7.9464245,0.0040888963,0.0032260267,-0.0017776489,0.004301011562347412,0.004653894730521669,True
58686,11,2.4870286,-2.4888551,2,2,99.88533,589.74225,0.051949657,119.776184,-2.4906218,2.480883,47,21,1,11,0.021222282,0.013912785,10.999514,0.0036225005,0.0025634703,-0.0017666817,0.0061457157135009766,0.006394605989294724,True
58687,-11,2.9137037,2.79929,1,2,13.350366,111.647484,0.9690271,25.246431,2.8369744,2.934293,52,35,1,7,0.061551258,0.040654484,28.158926,0.0068963696,0.0033556805,0.03768444,0.020589351654052734,0.04294226940094873,True
58687,11,-0.19551454,-2.8277154,2,2,13.350366,111.647484,0.22825675,14.365793,-2.822205,-0.21013816,49,12,3,9,0.03307535,0.017497594,18.12494,0.0039438866,0.0034462907,0.00551033,0.01462361216545105,0.01562734051848594,True
58688,11,-2.6878722,-1.5820975,2,2,36.316082,93.14884,0.07095822,43.482918,-1.5828453,-2.6873212,36,16,1,9,0.012200137,0.013465207,5.54964,0.005652366,0.0025516818,-0.0007477999,0.0005509853363037109,0.0009288646172592656,True
58688,-11,0.41185105,1.6076745,1,2,36.316082,93.14884,0.94774395,44.228115,1.6082516,0.4130331,40,16,1,9,0.013964103,0.017125122,11.058333,0.006287175,0.0025435737,0.00057709217,0.0011820495128631592,0.0013153997149726432,True
58690,11,-0.92086995,-2.946389,2,2,54.937016,519.31665,0.32855415,65.82096,-2.9383705,-0.9246437,52,36,1,9,0.02960535,0.029410996,19.186758,0.0031552436,0.0028613212,0.008018494,0.0037737488746643066,0.008862134112148558,True
58690,-11,2.2137647,2.9270382,1,2,54.937016,519.31665,0.7095067,40.190937,2.9369485,2.2450194,52,9,1,13,0.020766158,0.01272499,12.665167,0.0022521575,0.00066409376,0.009910345,0.03125476837158203,0.03278834379924974,True
58691,-11,-0.87960184,-2.594626,1,2,48.29161,328.16068,0.9041823,54.887814,-2.583382,-0.87655973,45,26,1,15,0.029871061,0.018933853,9.434221,0.0047899736,0.0021790857,0.011244059,0.0030421018600463867,0.011648314994897435,True
58691,11,2.273016,2.6133432,2,2,48.29161,328.16068,0.23093913,68.72739,2.621106,2.27832,47,23,1,11,0.042665396,0.03156954,20.308018,0.006333896,0.0031844568,0.0077626705,0.005304098129272461,0.009401729217654501,True
58694,-11,2.6417341,-1.6919155,1,2,47.297832,131.26956,0.15717608,60.982838,-1.6921633,2.641337,45,21,1,9,0.016925363,0.024401836,8.889133,0.0069756755,0.0026919371,-0.0002478361,0.0003972053527832031,0.0004681824763644174,True
58694,11,-0.47054037,1.6678767,2,2,47.297832,131.26956,0.34181565,59.051323,1.6684223,-0.46898928,40,20,1,9,0.011176511,0.012646544,6.3394876,0.004715579,0.0026531194,0.0005456209,0.0015510916709899902,0.0016442589650239854,True
58695,-11,-0.6919223,2.3278427,1,2,27.130962,139.2734,0.09467171,34.18654,2.3154874,-0.69968665,44,16,1,7,0.022986451,0.017870007,11.035458,0.0048048384,0.0029161787,-0.012355328,0.007764339447021484,0.014592432403125195,True
58695,11,2.4758677,-2.3108618,2,2,27.130962,139.2734,0.33571982,39.84638,-2.304341,2.468698,51,20,1,7,0.025551727,0.027957996,8.683225,0.005214531,0.0030602496,0.006520748,0.0071697235107421875,0.009691495916364706,True
58701,-11,0.23509796,-1.8839364,1,2,58.15654,194.9055,0.3311164,71.366905,-1.8798829,0.23487648,42,16,1,9,0.015778555,0.019163584,7.594414,0.0052401363,0.0025788147,0.0040534735,0.00022147595882415771,0.004059519567660667,True
58701,11,-2.887199,1.8750823,2,2,58.15654,194.9055,0.92348707,66.98281,1.8762596,-2.8956914,35,15,1,9,0.016411407,0.014289445,6.9045367,0.005335886,0.002851813,0.001177311,0.008492469787597656,0.008573686730408779,True
58702,-11,-0.45159888,-1.8702205,1,2,20.609106,68.29988,0.033342633,31.473034,-1.8680657,-0.44834152,52,21,1,7,0.022051321,0.016539251,12.64398,0.0072834725,0.003503671,0.0021548271,0.00325736403465271,0.0039055985629604054,True
58702,11,2.7450786,1.865511,2,2,20.609106,68.29988,0.6380319,19.144316,1.857952,2.727076,39,17,1,7,0.02775928,0.020463392,11.34587,0.009715736,0.0024935517,-0.007558942,0.01800251007080078,0.019525060031363495,True
58704,11,-2.2529821,-2.9694452,2,2,98.642296,981.88446,0.71339303,83.38561,-2.9645424,-2.2709932,52,18,1,11,0.017477404,0.004419217,13.498199,0.0018379049,0.00031080286,0.0049028397,0.018011093139648438,0.018666475615755247,True
58707,11,-0.44714314,2.198514,2,2,7.348518,33.35706,0.857093,13.322296,2.1763587,-0.46359864,43,18,1,7,0.04244188,0.027051989,23.349714,0.0101750605,0.003383597,-0.022155285,0.016455501317977905,0.027597829109969663,True
58707,-11,2.584195,-2.1896176,1,2,7.348518,33.35706,0.53616357,8.335799,-2.202579,2.6274788,44,16,1,5,0.03398237,0.022939622,21.645344,0.0077017904,0.004288294,-0.012961388,0.043283939361572266,0.045182927916999446,True
58708,-11,0.0137424,2.705635,1,2,88.62337,665.7531,0.015584339,116.26393,2.7021692,0.013714611,52,31,1,11,0.02947693,0.026848014,16.114752,0.0039715753,0.0025755423,-0.003465891,2.7789734303951263e-05,0.003466002284340306,True
58710,11,0.11431934,-2.367505,2,2,21.447313,113.61919,0.3222735,27.853315,-2.3644896,0.115353465,46,20,1,7,0.024564357,0.021976732,12.580907,0.004803682,0.0031634169,0.0030155182,0.0010341256856918335,0.0031879093272614537,True
58710,-11,-3.0594246,2.3355901,1,2,21.447313,113.61919,0.85304064,29.03497,2.3432443,-3.0362022,43,19,1,9,0.028841276,0.031761445,11.600032,0.00566204,0.0028083092,0.00765419,0.02322244644165039,0.024451352606004114,True
58712,-11,2.3449776,-1.85467,1,2,53.89942,175.80637,0.36423716,70.58557,-1.8565565,2.3431978,50,19,1,11,0.018329654,0.018330958,7.2095423,0.0061260452,0.0024115846,-0.001886487,0.001779794692993164,0.0025935501466345335,True
58712,11,-0.7751452,1.8474569,2,2,53.89942,175.80637,0.80647266,72.117775,1.8474907,-0.77474236,44,16,1,9,0.016415054,0.0304254,9.697236,0.005672161,0.0026361083,3.373623e-05,0.00040280818939208984,0.0004042184688811479,True
58714,-11,-1.2478824,-1.5593705,1,2,52.93128,131.9851,0.7247386,61.245125,-1.5604631,-1.2469023,38,15,1,7,0.0133464,0.019925289,7.2712,0.0062756203,0.0026063223,-0.0010925531,0.0009800195693969727,0.0014676888986244008,True
58714,11,1.9234515,1.568656,2,2,52.93128,131.9851,0.70292664,66.39239,1.5704186,1.9195391,40,21,1,7,0.01156119,0.022622304,7.7351604,0.0053512547,0.002428459,0.0017626286,0.003912448883056641,0.004291167164028818,True
58717,11,0.29613328,-1.4969307,2,2,21.011017,48.53524,0.9902625,23.082066,-1.4986209,0.29215387,35,14,1,7,0.008556657,0.013097397,5.6246023,0.004389868,0.0027149883,-0.0016901493,0.003979414701461792,0.004323464581810261,True
58719,-11,0.09081285,-2.1230044,1,2,87.37572,377.68692,0.58569366,102.115715,-2.1277688,0.093087055,52,26,1,9,0.020438585,0.018604062,7.0834923,0.004991785,0.002842283,-0.0047643185,0.0022742077708244324,0.0052792756487306785,True
58719,11,-3.0409977,2.1641383,2,2,87.37572,377.68692,0.10366866,110.11003,2.1596444,-3.042149,45,27,1,9,0.024158679,0.02230105,10.5301695,0.0059923287,0.0025558977,-0.004493952,0.0011513233184814453,0.004639089143889944,True
58721,-11,-1.0050564,2.3336382,1,2,82.60143,431.77164,0.8221656,99.07981,2.3346128,-1.0062133,40,26,1,9,0.026802551,0.019865697,8.306687,0.00519723,0.0034423415,0.00097465515,0.001156926155090332,0.0015127560254114653,True
58721,11,2.1450074,-2.3418636,2,2,82.60143,431.77164,0.5336996,101.82529,-2.3430712,2.1451266,42,15,1,9,0.019257,0.018485988,9.709319,0.003783367,0.002879921,-0.0012075901,0.00011920928955078125,0.0012134597871772247,True
58723,11,0.47044677,-2.8088524,2,2,49.24799,408.27048,0.4852827,62.078953,-2.8047733,0.49584776,52,13,1,13,0.047275517,0.014485189,17.797195,0.005375622,0.0021325639,0.0040791035,0.025400996208190918,0.02572643958817785,True
58723,-11,-2.6800392,2.8002744,1,2,49.24799,408.27048,0.9976216,57.3705,2.79608,-2.7069757,52,25,1,11,0.04122444,0.019865619,19.531507,0.0048369006,0.0029595003,-0.0041942596,0.02693653106689453,0.02726111736292784,True
58724,11,3.049848,-2.3150678,2,2,99.331055,497.60193,0.021522088,127.48336,-2.3056836,3.0605836,49,28,1,11,0.035717785,0.021500034,11.107366,0.007681125,0.0025009692,0.009384155,0.010735511779785156,0.014258807221148993,True
58724,-11,-0.099088095,2.2741313,1,2,99.331055,497.60193,0.767718,124.72596,2.271088,-0.100519255,44,16,1,11,0.018238049,0.017095374,6.641374,0.0038137825,0.0024864469,-0.0030434132,0.0014311596751213074,0.003363120885374307,True
58727,-11,-1.5559329,-2.451594,1,2,62.630184,369.42847,0.8917886,77.839645,-2.4467547,-1.5616302,40,26,1,9,0.019833868,0.0190257,8.4386835,0.0035773816,0.0024888895,0.0048394203,0.005697369575500488,0.007475293229872491,True
58727,11,1.5955368,2.469685,2,2,62.630184,369.42847,0.73998463,79.47903,2.471301,1.6019617,41,23,1,9,0.021806236,0.022464521,8.060953,0.0037301017,0.0026997584,0.0016160011,0.006424903869628906,0.006625016934573664,True
58730,-11,-0.69199336,1.7073567,1,2,74.897255,216.666,0.1657742,94.30294,1.7081372,-0.6903794,31,17,1,7,0.015833613,0.016875839,6.1764097,0.006386494,0.0028963904,0.0007804632,0.0016139745712280273,0.0017927734765123503,True
58731,11,-1.0831678,-2.0533283,2,2,12.24381,48.23179,0.6231629,11.944743,-2.056791,-1.0530779,32,15,1,7,0.022435796,0.014244313,5.7948556,0.0059573795,0.0034046976,-0.0034627914,0.030089855194091797,0.030288451762647665,True
58731,-11,1.9814969,2.0424452,1,2,12.24381,48.23179,0.50701207,13.19487,2.0483408,1.9633768,51,20,1,7,0.032150235,0.021035336,13.75785,0.008657365,0.0035123033,0.0058956146,0.018120169639587402,0.01905515204773827,True
58733,-11,2.759183,2.8906727,1,2,84.4037,737.17957,0.52091455,106.856285,2.8890822,2.7519522,52,38,1,9,0.029060822,0.032625526,19.652613,0.00323647,0.002652914,-0.0015904903,0.0072307586669921875,0.007403616033320936,True
58738,11,2.0578706,1.7048903,2,2,32.44546,93.6214,0.19150409,43.1028,1.7036966,2.0600557,39,16,1,7,0.01203715,0.015710391,6.0170555,0.0048122187,0.002934087,-0.0011936426,0.0021851062774658203,0.0024898739174886507,True
58738,-11,-1.124581,-1.7383139,1,2,32.44546,93.6214,0.5734122,38.732162,-1.7376509,-1.125896,36,15,1,9,0.016581163,0.020336019,6.1155114,0.006459034,0.0027792274,0.00066304207,0.001314997673034668,0.0014726994481776467,True
58739,-11,2.691313,1.9568294,1,2,97.121796,353.36902,0.9973984,123.7808,1.9585595,2.6980822,38,21,1,9,0.016054226,0.0151679,6.33319,0.004794218,0.002774367,0.0017300844,0.0067691802978515625,0.006986772787800116,True
58742,11,-0.14944875,1.9048672,2,2,86.60222,295.82895,0.30801564,109.43482,1.8998237,-0.14935505,36,15,1,9,0.017333347,0.01490938,6.509358,0.0056584985,0.0024873926,-0.0050435066,9.369850158691406e-05,0.005044376892258914,True
58746,-11,-1.7153072,2.830597,1,2,36.790997,317.84167,0.119049385,44.043743,2.824288,-1.7010837,50,14,1,13,0.024413712,0.0038162577,9.548798,0.002925167,0.001129395,-0.0063090324,0.014223575592041016,0.015560012619739255,True
58746,11,1.4376386,-2.861824,2,2,36.790997,317.84167,0.37252867,57.66112,-2.8510754,1.4411299,52,28,1,11,0.050042186,0.030159784,18.022692,0.0061527896,0.0028055327,0.010748625,0.0034912824630737305,0.011301415423751068,True
58747,11,-1.3753451,-2.826808,2,2,97.97478,827.62976,0.42539564,120.1186,-2.8227768,-1.3779836,49,25,1,13,0.026822021,0.021921335,12.171579,0.0032570597,0.002934371,0.0040311813,0.0026384592056274414,0.004817871836147122,True
58751,-11,-0.08618912,2.213119,1,2,71.60436,330.51672,0.4149473,82.47284,2.2192352,-0.08635075,36,20,1,9,0.024222843,0.014267961,6.722018,0.005515872,0.002733908,0.006116152,0.0001616254448890686,0.00611828702673738,True
58751,11,3.066514,-2.208303,2,2,71.60436,330.51672,0.20301545,84.898026,-2.2087812,3.0714648,38,22,1,11,0.017549263,0.02085209,6.691513,0.004076907,0.0022885974,-0.00047826767,0.004950761795043945,0.004973809638006437,True
58752,11,-1.0535343,2.2489016,2,2,93.72832,451.65445,0.7876032,117.880905,2.2483962,-1.0456938,52,22,1,9,0.015491453,0.014210972,7.6520414,0.003420303,0.0023944862,-0.0005054474,0.007840514183044434,0.007856789402564443,True
58753,-11,0.33189705,1.8320608,1,2,11.934875,37.849285,0.37412268,11.865888,1.8415451,0.3066919,37,23,1,5,0.026874779,0.014903708,18.060709,0.009095423,0.0038184149,0.009484291,0.025205135345458984,0.0269304776062406,True
58753,11,-2.709785,-1.8117654,2,2,11.934875,37.849285,0.3578227,15.1708355,-1.8140792,-2.7051575,42,16,1,9,0.02619553,0.028658738,7.581535,0.009235414,0.003339574,-0.002313733,0.0046274662017822266,0.005173664494010525,True
58754,11,1.2200851,2.6878285,2,2,57.004337,416.62762,0.16182438,73.557625,2.6832821,1.2111644,48,22,1,11,0.031126734,0.017089296,11.108042,0.004323052,0.0027904948,-0.004546404,0.008920788764953613,0.010012505179117451,True
58755,11,0.90710866,2.3033824,2,2,83.37844,414.21204,0.62646705,101.69287,2.3009727,0.9066063,44,26,1,9,0.029033078,0.021262273,9.762033,0.006139884,0.0035427117,-0.0024096966,0.0005023479461669922,0.002461501778370319,True
58755,-11,-2.2433453,-2.2686405,1,2,83.37844,414.21204,0.9585302,106.024284,-2.278654,-2.2466638,52,21,1,9,0.039356988,0.01889997,9.78501,0.007912716,0.0030718625,-0.01001358,0.0033185482025146484,0.010549149399021636,True
58756,-11,1.1278526,2.3168037,1,2,43.44349,223.32831,0.039046515,59.79457,2.3148365,1.1209168,43,29,1,9,0.02937506,0.022578735,10.273481,0.0059262817,0.0027691887,-0.0019671917,0.006935715675354004,0.007209299206023856,True
58757,-11,3.12012,2.1974905,1,2,2.5857923,11.697411,0.44606754,3.2602198,2.2356808,3.1403437,51,21,1,7,0.027684137,0.03131956,27.570686,0.00610172,0.003294271,0.038190365,0.020223617553710938,0.043214565962910165,True
58758,11,-2.5929127,-2.1094193,2,2,10.0889225,41.8544,0.604486,16.856674,-2.1032522,-2.603403,40,26,1,5,0.03232355,0.03222737,19.276733,0.008431103,0.0030469587,0.0061671734,0.01049041748046875,0.012168931213575387,True
58760,11,-2.8277423,-2.9078894,2,2,12.73762,116.78014,0.9315005,18.377756,-2.893466,-2.8604076,50,25,1,7,0.048885424,0.016796181,22.027618,0.005578634,0.003773165,0.01442337,0.032665252685546875,0.035707875120072126,True
58760,-11,0.28297308,2.9039798,1,2,12.73762,116.78014,0.41142854,15.215253,2.8906572,0.2694728,50,23,1,9,0.03475441,0.009682638,42.840225,0.0037962822,0.0029305865,-0.013322592,0.01350027322769165,0.018967045987515974,True
58765,11,2.9364185,-2.9775488,2,2,37.16242,368.6368,0.88626534,37.097137,-2.9438334,2.909222,52,38,1,9,0.05481422,0.028191099,28.32448,0.0061513507,0.0027500307,0.033715487,0.027196645736694336,0.04331733571287627,True
58765,-11,-0.21497378,2.9927387,1,2,37.16242,368.6368,0.003196191,28.3182,2.9968178,-0.2392875,52,30,1,11,0.031906202,0.03170478,28.435865,0.0031534734,0.00125379,0.0040791035,0.02431371808052063,0.024653518459130146,True
58766,11,0.864844,-2.8068717,2,2,4.888047,40.01039,0.7652869,8.418021,-2.8033462,0.84309065,50,25,1,11,0.03236962,0.046149947,27.798819,0.003925664,0.0027136512,0.0035254955,0.021753370761871338,0.022037201696848314,True
58768,-11,1.3944464,2.72656,1,2,99.04703,748.9633,0.13574898,118.98352,2.7227726,1.3865937,49,26,1,11,0.024107687,0.016411943,9.4297695,0.0031981207,0.0026922026,-0.0037875175,0.007852673530578613,0.008718358247050327,True
58769,-11,-0.69375414,-2.9697716,1,2,24.99781,247.16293,0.03489133,34.528522,-2.9431934,-0.669178,52,27,1,29,0.0453706,0.020828739,22.973839,0.0048961877,0.0016467741,0.026578188,0.024576127529144287,0.03619925588060806,True
58771,11,-2.7505243,2.6742308,2,2,67.3883,505.34964,0.7362111,65.13554,2.6648874,-2.7338572,49,21,1,9,0.022299672,0.009255253,8.925788,0.0032789577,0.0015078891,-0.009343386,0.01666712760925293,0.019107380662323828,True
58771,-11,0.38389695,-2.7335792,1,2,67.3883,505.34964,0.99901277,77.03014,-2.717329,0.4001616,41,23,1,13,0.03262573,0.004567857,9.134754,0.00436595,0.0026743573,0.016250134,0.016264647245407104,0.022991424566086292,True
58772,11,-1.5462552,-2.8199809,2,2,4.7467794,39.801292,0.59676296,7.8193808,-2.821545,-1.545528,52,30,1,5,0.039173916,0.01688684,25.926105,0.004429169,0.003050949,-0.0015640259,0.0007271766662597656,0.0017248080628989228,True
60537,11,-1.4258589,-2.5103252,2,2,47.943882,297.6319,0.22088635,62.632618,-2.5120816,-1.4290612,52,28,1,9,0.024630146,0.027604071,15.329135,0.004110846,0.0026064354,-0.0017564297,0.0032023191452026367,0.0036523818316842632,True
60538,11,-2.913876,2.131021,2,2,32.04444,140.1728,0.37220174,31.871529,2.1410277,-2.9034498,50,14,1,9,0.028229393,0.01298926,15.391274,0.0066407192,0.0031655093,0.010006666,0.01042628288269043,0.014451323141039333,True
60538,-11,0.20141147,-2.1808467,1,2,32.04444,140.1728,0.78960586,41.66748,-2.1809356,0.20001684,42,16,1,9,0.020666638,0.022437051,7.723148,0.0047754524,0.0027295796,-8.893013e-05,0.0013946294784545898,0.001397461967352674,True
60540,11,0.20572296,-2.9794767,2,2,36.661316,356.06857,0.018339776,26.936583,-2.9843748,0.23102796,48,12,3,9,0.013039248,0.006077637,12.531792,0.0013299525,0.00030264558,-0.0048980713,0.02530500292778015,0.025774682840487104,True
60540,-11,-2.9459796,2.9485502,1,2,36.661316,356.06857,0.7366083,47.664413,2.9410203,-2.9592035,52,30,1,9,0.03862645,0.012693553,19.19481,0.004322511,0.0013547735,-0.007529974,0.013223886489868164,0.015217479490252215,True
60541,-11,0.53662026,2.4825761,1,2,23.125204,137.75061,0.47948155,34.654533,2.4901617,0.5371158,44,23,1,9,0.035665423,0.027302714,14.534748,0.005833192,0.003128949,0.0075855255,0.0004955530166625977,0.007601695211995472,True
60541,11,-2.578555,-2.4587247,2,2,23.125204,137.75061,0.32361725,29.49403,-2.4585183,-2.571166,40,18,1,11,0.03252766,0.024075497,10.807671,0.005799453,0.0033577594,0.00020647049,0.007389068603515625,0.007391952711597628,True
60543,11,1.7209744,-2.5009685,2,2,45.352837,278.8247,0.9970294,56.825157,-2.4966595,1.7113179,52,26,1,11,0.028109428,0.025901021,17.02385,0.004736873,0.0030320862,0.004308939,0.009656548500061035,0.010574303046580868,True
60543,-11,-1.4336786,2.5042017,1,2,45.352837,278.8247,0.9910453,58.34786,2.5015323,-1.4266894,52,29,1,9,0.030015202,0.022037061,14.620231,0.0049553374,0.0032411919,-0.0026693344,0.006989240646362305,0.0074816329109244255,True
60545,-11,0.62128526,2.873241,1,2,47.790077,420.84604,0.6657876,39.91301,2.8532033,0.60665286,50,23,1,11,0.03136121,0.02330342,16.723454,0.0038274191,0.002229982,-0.020037651,0.01463240385055542,0.024811583874135002,True
60548,11,-1.0144322,-1.7524731,2,2,59.190952,171.46298,0.054479998,78.59917,-1.7535799,-1.0127636,42,17,1,9,0.0171148,0.015549152,7.3403945,0.0063108536,0.0028059306,-0.001106739,0.0016685724258422852,0.0020022500473753503,True
60549,-11,2.6781864,2.8062646,1,2,68.274254,560.091,0.8624185,83.148254,2.8070824,2.6978254,52,28,1,9,0.04311982,0.010717206,11.442407,0.0050859577,0.0026564423,0.0008177757,0.019639015197753906,0.01965603406275448,True
60553,11,-2.9687152,-2.6714501,2,2,81.89325,592.3511,0.61519426,106.10834,-2.664916,-2.9645922,42,28,1,13,0.029034825,0.022287836,11.850252,0.0042498056,0.0030583404,0.0065340996,0.00412297248840332,0.007726147760636068,True
60553,-11,0.16676323,2.662607,1,2,81.89325,592.3511,0.73029226,103.98715,2.66523,0.16810419,52,28,1,11,0.03453535,0.025685856,10.526759,0.00499231,0.0031144295,0.0026230812,0.0013409554958343506,0.002945966129200401,True
60554,11,1.4801645,-2.4675663,2,2,68.927704,406.8998,0.039675836,91.400505,-2.468767,1.4862477,44,26,1,9,0.030015815,0.023881236,11.733573,0.0050750384,0.0031253663,-0.001200676,0.006083130836486816,0.006200492201849602,True
60554,-11,-1.6703554,2.4552872,1,2,68.927704,406.8998,0.042327847,79.80558,2.4624445,-1.6631655,49,23,1,11,0.02096473,0.012404332,7.930818,0.003557821,0.002639137,0.0071573257,0.00718998908996582,0.010145109857417048,True
60556,-11,1.537329,1.7338521,1,2,93.02009,267.2843,0.163708,110.50051,1.7326945,1.5388169,36,19,1,9,0.012282734,0.012997135,5.911763,0.0047394815,0.0028972398,-0.0011576414,0.0014879703521728516,0.0018852557892226579,True
60556,11,-1.5899361,-1.7002796,2,2,93.02009,267.2843,0.5681593,114.423164,-1.7023945,-1.5880146,39,25,1,11,0.016028257,0.017743351,8.307119,0.0065360726,0.002411521,-0.002114892,0.001921534538269043,0.0028574574451020593,True
60558,-11,0.16439572,2.249287,1,2,28.994902,139.06589,0.16154917,38.809628,2.2462668,0.16997473,40,19,1,7,0.023842366,0.022404158,8.408144,0.005262096,0.0032398948,-0.0030200481,0.005579009652137756,0.0063439766608495585,True
60564,11,2.0784826,-2.0316727,2,2,64.205025,246.24414,0.18704534,70.64358,-2.0338473,2.080754,37,19,1,9,0.020999296,0.016585406,7.110118,0.0056868442,0.0028576467,-0.0021746159,0.002271413803100586,0.0031445627274030133,True
60564,-11,-1.0782062,2.0083811,1,2,64.205025,246.24414,0.78517425,74.95556,2.009513,-1.0810639,36,16,1,9,0.019199409,0.015285389,7.375977,0.0055820122,0.0027078143,0.001131773,0.002857685089111328,0.003073641834027839,True
60565,11,1.3503047,-2.7942312,2,2,97.40559,805.5678,0.2850699,94.93918,-2.7942305,1.3572536,52,12,1,11,0.025416832,0.0058476664,9.599922,0.003129165,0.0026309476,7.1525574e-07,0.00694882869720459,0.006948828734015885,True
60565,-11,-1.7957729,2.810106,1,2,97.40559,805.5678,0.34897518,131.69664,2.8171961,-1.8019184,52,38,1,11,0.048749223,0.037098058,18.38601,0.005632146,0.003587268,0.0070900917,0.006145477294921875,0.00938276575237257,True
60566,11,-2.4200258,1.5094748,2,2,50.26357,119.52703,0.1957296,53.45048,1.5115397,-2.4184797,39,14,1,5,0.011501539,0.010256663,6.4756823,0.005750862,0.0031173443,0.0020649433,0.0015461444854736328,0.0025796421460142116,True
60566,-11,0.68844575,-1.5145007,1,2,50.26357,119.52703,0.39292818,59.712433,-1.5146179,0.68698555,42,13,1,5,0.011776047,0.013723176,10.805211,0.0061779777,0.0030875865,-0.00011718273,0.0014601945877075195,0.001464889083365096,True
60567,-11,-1.4593651,2.7273858,1,2,70.119484,542.66406,0.911478,65.06286,2.7309592,-1.4444587,45,26,1,9,0.032440223,0.0066956584,9.446174,0.0044569448,0.0013408619,0.0035734177,0.01490640640258789,0.015328739858105019,True
60567,11,1.68893,-2.7431548,2,2,70.119484,542.66406,0.9907591,82.83035,-2.7307947,1.7011071,52,22,1,11,0.030627374,0.01833339,22.596458,0.004112129,0.0030207068,0.012360096,0.012177109718322754,0.017350906991990628,True
60569,-11,-1.8625262,-2.5394597,1,2,84.19563,540.2008,0.9531251,106.25127,-2.5424478,-1.8793005,50,26,1,9,0.03275791,0.022559475,10.955707,0.0052685523,0.0030598629,-0.0029881,0.016774296760559082,0.017038361838194755,True
60569,11,1.2857865,2.5522182,2,2,84.19563,540.2008,0.47416654,102.31762,2.554379,1.296562,52,24,1,9,0.025780424,0.018884314,7.8554473,0.004070315,0.0034441028,0.0021607876,0.010775446891784668,0.010989961721365162,True
60570,-11,-1.8408959,-2.0699348,1,2,65.886215,263.6263,0.82330275,86.89337,-2.069133,-1.8397315,41,23,1,9,0.022551026,0.021967571,8.569248,0.0057643047,0.0025934048,0.0008018017,0.0011644363403320312,0.0014137885015701025,True
60570,11,1.314722,2.0576353,2,2,65.886215,263.6263,0.6529182,87.73862,2.058783,1.3171945,42,18,1,7,0.021578074,0.024258241,7.298438,0.005904107,0.0029006186,0.001147747,0.002472519874572754,0.0027259269611483125,True
60571,11,-1.2960345,1.5023088,2,2,52.97237,123.00912,0.93456155,37.95496,1.5052248,-1.3161122,36,14,1,7,0.011123041,0.01192604,5.628119,0.0055823848,0.0027160735,0.0029159784,0.02007770538330078,0.020288350943327652,True
60572,11,0.8838098,-2.6588051,2,2,79.46939,567.47034,0.3113073,94.68597,-2.665675,0.87294364,46,27,1,11,0.027385399,0.03445255,10.818768,0.003888473,0.0030703563,-0.006869793,0.010866165161132812,0.012855644678343861,True
60574,11,-1.6798989,-2.3223605,2,2,59.32362,306.6869,0.72580636,62.96084,-2.3278768,-1.6823785,38,22,1,11,0.017180406,0.009539978,6.919578,0.0033796332,0.0024003237,-0.0055162907,0.0024796724319458008,0.0060479945444804626,True
60574,-11,1.4498385,2.3306272,1,2,59.32362,306.6869,0.40656313,70.37232,2.3346684,1.4450064,42,23,1,9,0.02273025,0.014282536,8.369512,0.004403107,0.0031783602,0.004041195,0.004832148551940918,0.006299278986352988,True
60575,-11,2.6238651,2.3550634,1,2,31.185709,166.76239,0.039636932,29.57313,2.3579452,2.6083994,41,19,1,7,0.022124816,0.019460067,10.3096695,0.0043680314,0.002911697,0.0028817654,0.015465736389160156,0.015731928477606433,True
60575,11,-0.49584937,-2.3668077,2,2,31.185709,166.76239,0.50296223,32.964687,-2.363427,-0.4703571,41,21,1,7,0.023480393,0.027927063,11.239328,0.004628113,0.0028335946,0.0033807755,0.02549228072166443,0.02571548208855303,True
60576,11,0.1775041,-1.8689028,2,2,43.863014,147.42104,0.7784842,36.83044,-1.8716435,0.1890882,39,14,1,7,0.021993065,0.018412037,7.014183,0.007138843,0.0027401196,-0.0027407408,0.011584088206291199,0.011903896822406224,True
60576,-11,-2.98959,1.8962901,1,2,43.863014,147.42104,0.5959227,57.733162,1.8956193,-2.9922502,39,21,1,7,0.022148188,0.021424776,8.885561,0.0072996537,0.0025986382,-0.0006707907,0.0026602745056152344,0.0027435416084075023,True
60578,-11,-0.73584783,-2.8435028,1,2,28.119774,245.79054,0.21455818,32.33163,-2.8366613,-0.74697715,50,14,3,9,0.04252053,0.006358991,19.434507,0.0050753104,0.0033102222,0.006841421,0.011129319667816162,0.013063950334544024,True
60578,11,2.4204519,2.8724601,2,2,28.119774,245.79054,0.7543367,25.947964,2.8870578,2.4209073,52,19,1,11,0.028989298,0.014403563,30.76003,0.0031527958,0.0015813649,0.014597654,0.0004553794860839844,0.014604755374322419,True
60581,-11,-1.3846934,2.7281904,1,2,30.564592,233.53258,0.96186537,38.40265,2.7113962,-1.4010016,47,33,1,9,0.043095656,0.015177711,15.796394,0.0060639256,0.0028774713,-0.016794205,0.016308188438415527,0.02340944934018243,True
60581,11,1.7724738,-2.7164967,2,2,30.564592,233.53258,0.1518331,44.1837,-2.7162025,1.7595277,52,18,1,9,0.028151134,0.028661469,14.314157,0.0037356445,0.0030987402,0.00029420853,0.012946128845214844,0.01294947144612608,True
60583,-11,-1.6763743,2.1215305,1,2,92.226326,392.57718,0.6329137,114.78555,2.1209555,-1.6740425,42,20,1,13,0.020740783,0.017737987,12.239406,0.005077337,0.0025029012,-0.0005750656,0.002331852912902832,0.0024017157338932465,True
60585,-11,-1.2334783,-2.8854754,1,2,96.422455,858.5779,0.15042596,102.71931,-2.8722801,-1.2184818,50,18,1,11,0.026139816,0.009743328,14.803198,0.003046437,0.0021261673,0.013195276,0.014996528625488281,0.01997526422575981,True
60585,11,1.9123031,2.867642,2,2,96.422455,858.5779,0.6346595,80.71531,2.851943,1.9292022,47,30,1,11,0.03804767,0.017147498,13.457509,0.00467426,0.0023001425,-0.01569891,0.01689910888671875,0.023065898154425914,True
60586,11,-0.1117185,-2.065221,2,2,12.953445,52.640533,0.7741694,19.403645,-2.0573483,-0.104912676,47,28,1,9,0.027121015,0.02062826,16.109509,0.0075091794,0.0029157847,0.00787282,0.006805822253227234,0.010406753058319437,True
60592,-11,2.9191744,-2.8061545,1,2,2.853965,23.391294,0.5349108,10.006451,-2.8007214,2.8853056,51,15,1,5,0.07849015,0.028428575,40.88392,0.00883734,0.0041632866,0.0054330826,0.03386878967285156,0.03430179731911458,True
60592,11,-0.06788014,2.7820923,2,2,2.853965,23.391294,0.42362705,5.495796,2.8202138,-0.03655235,51,17,1,29,0.039317396,0.029901827,31.723337,0.0046051787,0.0037291138,0.038121462,0.03132778778672218,0.04934243773034416,True
60593,11,-0.86061317,-1.8065767,2,2,50.8023,159.93877,0.99422437,58.19298,-1.8079467,-0.8691218,39,16,1,11,0.012051532,0.013144574,6.7292743,0.0042991266,0.0029362016,-0.0013699532,0.008508622646331787,0.008618203466267358,True
60593,-11,2.2572937,1.8210522,1,2,50.8023,159.93877,0.5954825,67.548775,1.8213735,2.2570596,36,22,1,9,0.019294495,0.015619278,8.077597,0.0066206134,0.002845506,0.00032126904,0.00023412704467773438,0.0003975289500368619,True
60595,-11,2.50851,2.8107622,1,2,60.607822,516.251,0.7902456,53.354282,2.8064322,2.4874303,51,23,1,9,0.023551606,0.014308786,15.311958,0.0028623906,0.0022100073,-0.00432992,0.02107977867126465,0.021519880909929307,True
60596,-11,2.432476,1.9069254,1,2,83.91229,283.51175,0.0,107.77279,1.9027345,2.4365005,37,16,1,11,0.01606884,0.016544692,6.390476,0.005050985,0.0028776529,-0.004190922,0.004024505615234375,0.005810376116453405,True
60596,11,-0.6958864,-1.8694323,2,2,83.91229,283.51175,0.9917554,103.70005,-1.8744537,-0.6977301,39,17,1,9,0.013372721,0.018575879,5.9784226,0.004433428,0.0025814564,-0.0050213337,0.0018437504768371582,0.005349131545385707,True
60597,11,1.3547369,-2.1104605,2,2,60.34062,251.09103,0.47926673,73.6591,-2.1105795,1.3539107,46,24,1,9,0.019064566,0.021889389,11.005171,0.0048426203,0.002830956,-0.00011897087,0.0008262395858764648,0.0008347609965787047,True
60597,-11,-1.8015323,2.097993,1,2,60.34062,251.09103,0.43320903,74.6161,2.0949862,-1.8074871,44,19,1,7,0.021360751,0.02152207,7.6442957,0.0055011827,0.0020444598,-0.0030066967,0.005954861640930176,0.0066708771996364415,True
60599,-11,0.9628108,-2.9883356,1,2,83.55157,835.5854,0.011696699,61.944542,-2.9884794,0.9559092,52,14,1,13,0.020145237,0.012765001,16.738438,0.002039892,0.001371562,-0.0001437664,0.0069016218185424805,0.0069031190417716375,True
60603,-11,-3.0955057,2.6927197,1,2,34.17048,247.04451,0.4035218,49.84934,2.695541,-3.092286,52,30,1,9,0.038398076,0.035069056,13.8394985,0.005079897,0.0033867462,0.002821207,0.0032196044921875,0.004280778226974782,True
60604,-11,-2.9349217,-2.7555094,1,2,2.6887434,21.242281,0.11901648,7.680865,-2.7443979,-2.9240599,44,9,1,3,0.02363887,0.016598022,18.737892,0.003117941,0.0019379844,0.011111498,0.010861873626708984,0.015538522733632838,True
60604,11,0.37691107,2.7589726,2,2,2.6887434,21.242281,0.8774619,6.7510066,2.7818713,0.34373325,42,15,3,7,0.05391143,0.010517499,25.204945,0.0064590233,0.0043475805,0.022898674,0.03317782282829285,0.04031274247015024,True
60605,-11,2.6779408,1.7793415,1,2,38.003918,116.5094,0.70933324,27.817032,1.7754817,2.677571,31,12,1,7,0.01229839,0.017053332,5.703437,0.004619983,0.0025546835,-0.0038597584,0.00036978721618652344,0.0038774318449923857,True
60605,11,-0.4310622,-1.7921941,2,2,38.003918,116.5094,0.16157445,50.606277,-1.7908967,-0.43409276,39,22,1,9,0.017815117,0.021614837,10.270009,0.006569565,0.0029758152,0.0012974739,0.0030305683612823486,0.0032966320894168453,True
60607,-11,-0.74868757,1.621937,1,2,50.82193,134.26521,0.37514898,62.456112,1.6208645,-0.74963033,41,27,1,7,0.017261181,0.016037,14.201123,0.0076875044,0.0029096676,-0.001072526,0.0009427666664123535,0.0014279779223649927,True
60610,11,3.1219654,2.163817,2,2,83.398796,366.48715,0.5198674,103.98065,2.1664903,3.1213346,37,23,1,9,0.0194857,0.016048998,7.346925,0.0045427824,0.0030196293,0.0026733875,0.0006308555603027344,0.002746812617040207,True
60610,-11,-0.029677607,-2.156748,1,2,83.398796,366.48715,0.2063261,105.09454,-2.1588936,-0.035054322,40,24,1,9,0.022803454,0.021355659,8.90326,0.005495835,0.002476986,-0.0021455288,0.005376715213060379,0.005788986114039389,True
60613,11,-2.489603,1.7231838,2,2,38.638737,110.27592,0.9611609,41.35989,1.7257929,-2.5059705,41,17,1,9,0.013432232,0.019025711,9.449663,0.0053134128,0.0024352067,0.0026091337,0.016367435455322266,0.01657409189490776,True
60613,-11,0.61722565,-1.6964605,1,2,38.638737,110.27592,0.33859748,49.233624,-1.6978118,0.6186278,39,16,1,7,0.013990568,0.01672912,8.831612,0.0056625986,0.0027806754,-0.0013513565,0.001402139663696289,0.001947346924345656,True
60615,-11,1.8935124,1.9066856,1,2,82.17256,279.13098,0.4898134,100.97174,1.904682,1.8972039,44,22,1,11,0.015140373,0.014471969,6.8968377,0.0048341164,0.0029211342,-0.0020035505,0.003691554069519043,0.004200212659559625,True
60615,11,-1.2346025,-1.8807223,2,2,82.17256,279.13098,0.24584083,95.336815,-1.8816493,-1.2342377,42,16,1,7,0.013564232,0.013399931,7.341282,0.004463689,0.00291155,-0.00092697144,0.0003647804260253906,0.0009961630396331214,True
60619,11,1.0571935,-2.4186983,2,2,59.914665,343.6152,0.9305127,69.23334,-2.4174476,1.0489691,52,18,1,9,0.020669945,0.017690303,10.685549,0.0037611676,0.002885056,0.0012507439,0.00822436809539795,0.008318929665939799,True
60620,11,0.71153766,2.599696,2,2,72.0032,485.30032,0.962655,53.42183,2.601385,0.73377824,48,18,1,11,0.028835984,0.011326306,8.982365,0.0042042364,0.0026107798,0.0016891956,0.02224057912826538,0.022304634984462657,True
60620,-11,-2.43754,-2.5916362,1,2,72.0032,485.30032,0.5968688,87.81227,-2.5905144,-2.4343243,51,28,1,9,0.029000064,0.020753162,8.476816,0.004576289,0.0023700036,0.0011217594,0.003215789794921875,0.0034058256168934186,True
60621,11,-1.6184248,2.439145,2,2,22.57896,129.18976,0.04092591,34.069477,2.4273474,-1.6162233,46,22,1,9,0.029708602,0.025112206,21.723574,0.005399389,0.0032929792,-0.011797667,0.0022014379501342773,0.012001302656949181,True
60621,-11,1.4950143,-2.4203844,1,2,22.57896,129.18976,0.91809577,37.01513,-2.4199123,1.4925734,42,23,1,11,0.033966642,0.024957867,19.170233,0.0061683175,0.003056437,0.0004720688,0.002440929412841797,0.002486158751523746,True
60622,11,0.091573104,1.7878817,2,2,25.621532,78.10651,0.66172737,24.403154,1.7869873,0.065147184,41,17,1,9,0.021893937,0.024467463,7.9584284,0.0081408415,0.0030156611,-0.0008944273,0.02642592042684555,0.02644105275108864,True
60622,-11,-3.09868,-1.7718425,1,2,25.621532,78.10651,0.2288736,35.63752,-1.7798159,-3.1009681,40,24,1,9,0.026382549,0.02360914,13.23209,0.00957511,0.0028451849,-0.007973433,0.0022881031036376953,0.008295242336631568,True
60623,11,-2.5791626,2.984729,2,2,55.870876,552.8024,0.6892214,34.726227,2.9816241,-2.5922546,52,12,1,13,0.023612369,0.013946885,15.216703,0.0023173466,0.00080987875,-0.0031049252,0.013092041015625,0.013455188520421695,True
60623,-11,0.5559508,-2.9803615,1,2,55.870876,552.8024,0.004752273,31.596478,-2.9785888,0.5918724,44,7,9,13,0.009388344,0.0036830667,15.097429,0.0009602852,8.746733e-05,0.0017726421,0.035921573638916016,0.035965284828292386,True
60628,-11,1.4269773,2.206654,1,2,64.919235,297.8453,0.8042566,78.68866,2.209225,1.4164336,37,17,1,9,0.016533822,0.017604414,6.1992373,0.0038297314,0.0024649212,0.0025708675,0.01054370403289795,0.010852605888761099,True
60628,11,-1.7023029,-2.20233,2,2,64.919235,297.8453,0.9905066,77.588875,-2.200138,-1.7015651,41,24,1,9,0.021603588,0.021636732,8.631539,0.005107799,0.0024907163,0.0021920204,0.0007377862930297852,0.0023128514634771927,True
60629,-11,-1.1172501,-2.2245312,1,2,82.906845,384.0793,0.44704813,113.840324,-2.2268767,-1.1191484,52,28,1,11,0.031522393,0.027736828,11.665237,0.0069766366,0.0029267631,-0.002345562,0.0018982887268066406,0.00301747591052586,True
60629,11,2.0338945,2.2044263,2,2,82.906845,384.0793,0.14366335,105.614876,2.2031958,2.0337567,46,21,1,11,0.020174427,0.017283764,8.565389,0.004706863,0.0031271211,-0.0012304783,0.00013780593872070312,0.0012381709227928378,True
60630,-11,-0.61075366,-2.2725692,1,2,39.90073,198.19931,0.93043137,50.370804,-2.2765956,-0.6191795,36,20,1,7,0.029876444,0.0312519,9.062869,0.0061827675,0.002597624,-0.004026413,0.00842583179473877,0.009338449699432368,True
60630,11,2.5493228,2.299118,2,2,39.90073,198.19931,0.22399268,51.532387,2.3026772,2.5468037,38,24,1,11,0.024032764,0.021334745,11.253549,0.00481956,0.003054839,0.0035591125,0.0025191307067871094,0.0043604244808394,True
60632,-11,-1.3683331,-2.9825222,1,2,67.743126,665.4121,0.7761388,58.627228,-2.9637966,-1.3765011,52,25,1,13,0.03045374,0.014624532,20.152433,0.0032971373,0.0021802601,0.018725634,0.00816798210144043,0.020429519911022858,True
60632,11,1.7786343,2.967993,2,2,67.743126,665.4121,0.07723052,83.7158,2.9555533,1.7878697,52,23,1,11,0.03483627,0.021721259,19.206741,0.0038127208,0.002250936,-0.012439728,0.009235382080078125,0.015493195586618788,True
60633,11,2.483234,-1.6815386,2,2,45.550472,130.19598,0.31394196,59.308025,-1.6818335,2.4846401,43,17,1,7,0.016149096,0.017641472,7.8517504,0.006932432,0.002685396,-0.00029492378,0.0014061927795410156,0.00143678744796442,True
60633,-11,-0.687766,1.742146,1,2,45.550472,130.19598,0.7934103,59.598354,1.7401332,-0.68678355,45,17,1,7,0.013741396,0.017457496,8.750239,0.0053116437,0.0028416456,-0.0020128489,0.0009824633598327637,0.0022398202745310646,True
60639,-11,1.2236654,-1.9492052,1,2,32.090588,114.26373,0.5468255,43.840202,-1.9480702,1.2247248,36,22,1,11,0.017758805,0.014308477,6.545111,0.0055068294,0.0026642755,0.0011349916,0.001059412956237793,0.0015525984135309817,True
60639,11,-1.8852088,1.9364564,2,2,32.090588,114.26373,0.06953764,45.390366,1.938154,-1.8849183,40,26,1,9,0.02386291,0.014577727,11.596818,0.007399768,0.0033627048,0.0016975403,0.0002905130386352539,0.001722219741703838,True
60640,-11,2.7370539,-2.5736928,1,2,26.242918,173.48862,0.98223805,34.938076,-2.5733457,2.735109,52,30,1,9,0.027395811,0.027101254,16.413054,0.0042867432,0.0029885583,0.00034713745,0.0019447803497314453,0.001975518923905228,True
60640,11,-0.38362405,2.5785358,2,2,26.242918,173.48862,0.34718385,36.598694,2.576025,-0.37661943,52,21,1,7,0.03001532,0.02558977,30.968712,0.0047857906,0.0021978773,-0.002510786,0.0070046186447143555,0.007441016659210256,True
60643,-11,1.4094875,-2.6262193,1,2,88.37128,609.7951,0.4511872,103.88286,-2.6329665,1.4109105,46,27,1,11,0.02184191,0.02053677,9.127637,0.003183748,0.0029603813,-0.006747246,0.0014230012893676758,0.006895669473769744,True
60643,11,-1.7262051,2.6126928,2,2,88.37128,609.7951,0.97619563,65.89622,2.6172433,-1.7523746,44,22,1,7,0.043655712,0.016383158,12.756846,0.006253465,0.0032837978,0.004550457,0.026169538497924805,0.026562217600993136,True
60646,11,-1.5973192,-2.3314338,2,2,82.291595,425.6066,0.9521464,107.414085,-2.328697,-1.5987236,48,27,1,9,0.025012411,0.022230014,12.172436,0.00507067,0.0032914113,0.0027368069,0.001404404640197754,0.003076111860375915,True
60646,-11,1.5356519,2.3224208,1,2,82.291595,425.6066,0.63254696,103.837036,2.3308861,1.5272458,42,17,1,9,0.025349358,0.019397143,10.15393,0.0049363156,0.002653262,0.00846529,0.00840616226196289,0.011929991758051858,True
60647,11,-2.1938214,2.4349532,2,2,51.307907,296.9316,0.33212513,64.298096,2.4344888,-2.1950457,47,22,1,11,0.029500378,0.024793623,9.267727,0.005334004,0.0034278152,-0.0004644394,0.0012242794036865234,0.0013094136119713331,True
60647,-11,0.93551266,-2.4476106,1,2,51.307907,296.9316,0.76726073,61.66562,-2.4332178,0.94670933,52,22,1,11,0.028705403,0.025247917,12.207808,0.0052658445,0.0024683604,0.014392853,0.011196672916412354,0.01823512258352216,True
60650,-11,1.5231633,1.8283621,1,2,91.26771,290.34552,0.88042754,110.62974,1.8254414,1.5276155,33,19,1,9,0.0138865,0.019001136,7.1254783,0.0048581962,0.00277288,-0.0029207468,0.004452228546142578,0.005324763000871939,True
60650,11,-1.6053967,-1.8211663,2,2,91.26771,290.34552,0.67381006,102.379974,-1.8201063,-1.6012006,45,18,1,9,0.014810874,0.0144019015,6.360746,0.005123496,0.0025630516,0.001060009,0.0041961669921875,0.004327982961160811,True
60651,-11,-0.11836264,2.5588078,1,2,19.75568,125.345604,0.78393275,27.749788,2.5578,-0.11558976,45,22,1,9,0.024297468,0.031397663,10.895531,0.003885658,0.002779098,-0.0010077953,0.002772882580757141,0.0029503439095769153,True
60651,11,3.0522223,-2.5108812,2,2,19.75568,125.345604,0.5640185,29.272732,-2.5060863,3.0654588,50,23,1,7,0.032739058,0.026382681,15.540232,0.005421088,0.003005399,0.004794836,0.013236522674560547,0.014078209586063884,True
60652,11,2.090695,2.5214133,2,2,37.536037,237.99088,0.8537736,51.38097,2.5135922,2.079772,45,27,1,9,0.027347134,0.022841565,13.802291,0.004650498,0.002474562,-0.007821083,0.010922908782958984,0.01343425754335398,True
60652,-11,-1.0661467,-2.5463681,1,2,37.536037,237.99088,0.0082073985,52.381298,-2.5420952,-1.0609789,52,35,1,11,0.028716488,0.029852431,12.994548,0.0046709483,0.0032989958,0.004272938,0.005167841911315918,0.006705563885243409,True
60655,-11,-2.1502118,2.5686054,1,2,21.873835,145.69383,0.75239164,31.57969,2.5578642,-2.1543431,52,22,1,9,0.026889622,0.02094134,12.082741,0.004320011,0.0031082965,-0.010741234,0.004131317138671875,0.011508339779863935,True
60655,11,1.016225,-2.5990465,2,2,21.873835,145.69383,0.7233786,28.491983,-2.5963311,1.0309727,50,20,1,9,0.023174293,0.015576726,13.474208,0.0035226864,0.0025568912,0.0027153492,0.0147477388381958,0.014995630098349966,True
60656,11,3.0737004,2.3163123,2,2,36.144775,182.25032,0.4626168,45.392857,2.3176215,3.077406,40,18,1,7,0.018013004,0.016343381,8.562533,0.0036985024,0.0023129822,0.0013091564,0.0037055015563964844,0.003929965935476095,True
60657,-11,-2.9270265,-2.0671272,1,2,23.474995,95.613846,0.99650604,29.838396,-2.0688863,-2.9118745,40,20,1,7,0.022171792,0.020242244,10.0422325,0.0059000184,0.0031239716,-0.0017590523,0.0151519775390625,0.015253743417800955,True
60657,11,0.25327197,2.0974596,2,2,23.474995,95.613846,0.7639536,33.262787,2.09201,0.24864796,51,19,1,9,0.030005418,0.029006042,15.132553,0.0079407245,0.0028570672,-0.0054495335,0.004624009132385254,0.007146948738322309,True
60659,-11,1.3642018,1.5459989,1,2,8.245749,20.21519,0.6305609,12.438168,1.5475155,1.3664718,41,14,1,7,0.01841501,0.02318166,16.603268,0.008893396,0.00402661,0.0015165806,0.0022699832916259766,0.002729989147982305,True
60661,-11,-2.4161828,-2.2484477,1,2,2.3784192,11.44983,0.0,9.650687,-2.2372334,-2.4028978,41,27,1,7,0.03955034,0.03515717,15.903311,0.00897511,0.0034960338,0.011214256,0.013284921646118164,0.017385300868723124,True
60661,11,1.0456192,2.2675195,2,2,2.3784192,11.44983,0.8783318,3.6896071,2.3070781,1.0269895,46,17,1,5,0.032724716,0.02869769,15.418354,0.0066594738,0.0030255564,0.03955865,0.018629789352416992,0.0437259170461477,True
60662,11,1.8401123,-1.6003907,2,2,51.911873,134.52765,0.85330415,68.10447,-1.6001055,1.8425342,51,21,1,7,0.016082462,0.019024927,9.879761,0.007526629,0.002925335,0.00028514862,0.002421855926513672,0.002438584807756867,True
60662,-11,-1.3303899,1.61146,1,2,51.911873,134.52765,0.021373563,65.49484,1.6128371,-1.328613,36,17,1,9,0.011807942,0.010940933,6.287263,0.005308607,0.0023346413,0.0013771057,0.0017768144607543945,0.0022479968355008702,True
60666,-11,0.52575487,2.6961653,1,2,37.546513,281.02917,0.7344711,46.71063,2.7085624,0.5306212,52,29,1,9,0.025905058,0.027210185,21.552105,0.003438233,0.0024775157,0.012397051,0.004866302013397217,0.013317948832329823,True
60666,11,-2.6030006,-2.7069433,2,2,37.546513,281.02917,0.24675514,51.960106,-2.7052867,-2.596541,48,32,1,15,0.028505167,0.027323676,16.496769,0.003813234,0.0031612664,0.0016565323,0.006459712982177734,0.006668732340705322,True
60667,-11,-2.438295,2.7889166,1,2,19.846964,161.44943,0.7662775,21.850128,2.8087273,-2.4576986,50,25,1,5,0.046603017,0.012723408,18.97185,0.005524342,0.0041912296,0.019810677,0.019403696060180664,0.027730242218739803,True
60667,11,0.7256602,-2.7821143,2,2,19.846964,161.44943,0.8003794,29.938416,-2.780429,0.724963,52,27,1,7,0.031539764,0.031498697,19.131454,0.0038388302,0.0030508086,0.0016853809,0.0006971955299377441,0.0018238943084614532,True
60668,11,-1.3500292,-2.284799,2,2,34.856827,174.8058,0.8963096,48.553993,-2.2854652,-1.3412802,46,24,1,9,0.026060631,0.02017041,13.171868,0.0054121623,0.0032281547,-0.0006661415,0.008749008178710938,0.008774331235057688,True
60668,-11,1.7706333,2.3063235,1,2,34.856827,174.8058,0.7124919,47.164783,2.3044336,1.7699629,44,27,1,9,0.034523115,0.027286379,11.13572,0.007098383,0.003113204,-0.0018899441,0.0006704330444335938,0.0020053351397376143,True
60670,11,-2.3258538,2.2563412,2,2,70.17088,338.839,0.7584552,82.42588,2.2530997,-2.3178992,42,25,1,9,0.022498777,0.021099562,11.454438,0.0049911803,0.002808129,-0.003241539,0.007954597473144531,0.00858971455042454,True
60670,-11,0.8049592,-2.2573495,1,2,70.17088,338.839,0.9724373,85.09751,-2.255563,0.80705065,46,16,1,15,0.01915284,0.016305903,10.156964,0.004145633,0.0022098504,0.0017864704,0.0020914673805236816,0.002750583989668151,True
60675,11,2.822493,-2.750195,2,2,38.830685,304.33188,0.23682931,57.20846,-2.7283902,2.8283775,51,34,1,9,0.042432994,0.030655535,19.695562,0.005745792,0.0032899375,0.02180481,0.005884408950805664,0.02258486194551371,True
60675,-11,-0.33100307,2.7457418,1,2,38.830685,304.33188,0.80883586,56.03343,2.731864,-0.33530137,51,37,1,9,0.03071339,0.026588403,32.29412,0.0041246098,0.002244729,-0.013877869,0.004298299551010132,0.014528269592828984,True
60676,-11,0.91523564,-2.801222,1,2,81.42513,670.59894,0.3180246,99.462524,-2.7992733,0.9306798,52,21,1,11,0.039469786,0.026017847,19.792564,0.0045773746,0.0024623664,0.0019488335,0.015444159507751465,0.01556663145248257,True
60676,11,-2.2210176,2.7946477,2,2,81.42513,670.59894,0.34915367,91.042534,2.8021188,-2.223914,51,29,1,11,0.035852462,0.018788975,13.129437,0.004392026,0.0029759181,0.0074710846,0.0028963088989257812,0.008012846576564238,True
60678,-11,-1.6773577,2.5273378,1,2,44.44048,277.6551,0.1622232,58.03493,2.5326526,-1.6738392,45,24,1,9,0.03395502,0.017610243,9.710999,0.005443737,0.002747327,0.005314827,0.0035184621810913086,0.006373928214350676,True
60679,11,-0.6482616,-1.7832446,2,2,89.033485,269.25824,0.14849968,102.8125,-1.7834606,-0.64700365,45,18,1,9,0.01495985,0.020219062,8.7536955,0.0054506073,0.0022077337,-0.00021600723,0.0012579560279846191,0.0012763669115528145,True
60679,-11,2.4792104,1.7594912,1,2,89.033485,269.25824,0.6521259,108.22458,1.760255,2.4790885,47,15,1,9,0.016371192,0.017971158,7.481831,0.006092092,0.0028733963,0.0007637739,0.00012183189392089844,0.0007734297603625914,True
60680,-11,1.3735514,-2.2219417,1,2,41.394604,194.72533,0.9433522,58.373642,-2.224603,1.3846586,41,25,1,11,0.02696986,0.029621636,10.638402,0.0058816755,0.0027748789,-0.0026612282,0.011107206344604492,0.011421565916279207,True
60680,11,-1.7491549,2.2383447,2,2,41.394604,194.72533,0.050861254,50.129044,2.2360601,-1.7524372,50,24,1,7,0.022538962,0.017585041,9.39341,0.004996775,0.0032745968,-0.0022845268,0.003282308578491211,0.003999076417247462,True
60684,-11,-1.7067503,-2.7614884,1,2,17.042328,133.16957,0.6339655,25.541613,-2.747761,-1.7045332,48,27,1,7,0.04579103,0.020247158,20.08634,0.0062444257,0.0031282282,0.0137274265,0.0022170543670654297,0.013905307195721178,True
60684,11,1.4619921,2.7287488,2,2,17.042328,133.16957,0.69301075,14.562481,2.7351136,1.4435871,52,19,1,9,0.07527985,0.013680871,24.279264,0.009145479,0.003441851,0.0063648224,0.01840507984161377,0.019474545643046078,True
60686,11,2.9973392,1.8493067,2,2,91.560326,293.37943,0.23271969,105.2888,1.8494526,3.0004115,40,22,1,9,0.013985243,0.019132402,8.839937,0.0047053015,0.0027480123,0.00014591217,0.0030722618103027344,0.0030757247914139584,True
60686,-11,-0.1571141,-1.8156836,1,2,91.560326,293.37943,0.8531738,114.74092,-1.8169029,-0.15757573,52,20,1,9,0.01613505,0.02108717,13.508688,0.0057395417,0.00260711,-0.0012192726,0.00046162307262420654,0.001303733702591158,True
60687,-11,0.41462347,1.7508607,1,2,40.87384,120.7116,0.0059685255,55.239464,1.7527194,0.41197702,45,17,1,9,0.015023919,0.017019548,7.074491,0.0056495857,0.003439369,0.0018587112,0.0026464462280273438,0.0032339581199343787,True
60687,11,-2.6953607,-1.741405,2,2,40.87384,120.7116,0.15050825,51.033012,-1.7420794,-2.6914535,35,18,1,7,0.015476373,0.018952247,6.7010508,0.005822936,0.0026269527,-0.00067436695,0.003907203674316406,0.003964973054507012,True
60690,11,0.6636002,2.639822,2,2,29.716488,207.64658,0.933625,39.711357,2.6383958,0.6649353,42,20,1,7,0.029145774,0.02267043,9.243058,0.0042968537,0.0032196825,-0.0014262199,0.0013350844383239746,0.0019536002086500983,True
60690,-11,-2.495473,-2.6245089,1,2,29.716488,207.64658,0.9989869,41.984325,-2.6281264,-2.5058122,52,28,1,9,0.032030597,0.031280845,17.228228,0.004690556,0.0031954255,-0.003617525,0.01033926010131836,0.010953848077039873,True
60692,-11,2.5204194,2.8667145,1,2,39.037624,346.12512,0.5760838,36.953575,2.8391714,2.5403872,51,27,1,9,0.030838415,0.022819504,15.37226,0.0037815932,0.0023471646,-0.027543068,0.01996779441833496,0.03401960366084667,True
60693,-11,1.2176175,-2.3408287,1,2,75.7217,407.56488,0.65518105,96.05956,-2.3429668,1.2253938,48,22,1,13,0.025991347,0.013270478,9.37285,0.005048333,0.002806513,-0.0021381378,0.0077762603759765625,0.00806485330065623,True
60693,11,-1.9149734,2.395029,2,2,75.7217,407.56488,0.61112285,93.79211,2.4007537,-1.9113376,44,27,1,11,0.026603833,0.02410511,10.8949995,0.004903197,0.002730343,0.0057246685,0.0036357641220092773,0.006781637753215032,True
60695,11,0.55122787,1.5921658,2,2,99.747955,257.8146,0.7554934,118.71313,1.5911312,0.55168927,41,15,1,9,0.010307111,0.013201722,5.596525,0.004773837,0.0027743669,-0.0010346174,0.00046139955520629883,0.001132838359785433,True
60695,-11,-2.6054635,-1.6140498,1,2,99.747955,257.8146,0.72573066,118.66172,-1.6127133,-2.6040914,38,16,1,9,0.010949582,0.014119635,5.7200303,0.004939385,0.0024507747,0.0013364553,0.0013720989227294922,0.0019154029156119514,True
60697,-11,-1.4419153,1.577608,1,2,31.05277,78.455894,0.9915511,33.123775,1.575499,-1.4280736,49,14,1,7,0.010932903,0.014238709,7.285866,0.005220631,0.0025462697,-0.0021089315,0.013841629028320312,0.014001367308359856,True
60697,11,1.749493,-1.5792005,2,2,31.05277,78.455894,0.9667031,29.742891,-1.5802305,1.7325556,44,16,1,7,0.016115643,0.012127955,9.6047535,0.007641939,0.0031506626,-0.0010299683,0.01693737506866455,0.016968662552975924,True
60698,11,-0.11266521,-2.0414417,2,2,4.137263,16.0897,0.8905519,4.670952,-2.038445,-0.14243992,40,11,1,5,0.02960098,0.022462418,23.293556,0.008088542,0.0046128826,0.0029966831,0.029774703085422516,0.02992512411827692,True
60698,-11,2.7981775,2.0315769,1,2,4.137263,16.0897,0.17689107,7.585043,2.030676,2.7764049,39,25,1,5,0.03903751,0.012039287,19.358362,0.010690596,0.003501979,-0.0009009838,0.02177262306213379,0.02179125711913858,True
60699,11,1.7088271,2.443138,2,2,57.868793,347.17313,0.9755893,67.90242,2.437386,1.7011371,40,19,1,9,0.022791237,0.019422865,7.838936,0.0040515666,0.0029016112,-0.005751848,0.007690072059631348,0.009603174773278987,True
60699,-11,-1.4433329,-2.5137143,1,2,57.868793,347.17313,0.72877914,70.244675,-2.5036025,-1.4336938,49,20,1,9,0.027016263,0.017445676,10.376033,0.0046956334,0.0023686306,0.010111809,0.009639143943786621,0.013970031202514721,True
60700,11,-1.3740168,-1.4889367,2,2,94.80758,218.70291,0.7059579,102.08108,-1.4917547,-1.3792717,44,15,1,7,0.008384027,0.02009608,6.35569,0.0043048672,0.0022823615,-0.0028179884,0.005254983901977539,0.005962878010382841,True
60706,11,3.059881,2.223041,2,2,56.55242,267.2133,0.053231996,65.69475,2.2247906,3.0573285,34,15,1,9,0.01665638,0.012597671,5.910806,0.0036519356,0.0028146808,0.0017495155,0.002552509307861328,0.0030945287797162248,True
60706,-11,-0.095426954,-2.2463915,1,2,56.55242,267.2133,0.69000405,72.12527,-2.2447298,-0.09675262,52,25,1,9,0.019075507,0.023883104,10.892176,0.0041887998,0.0027977119,0.0016617775,0.0013256669044494629,0.0021257697873682487,True
60709,11,-1.8613411,1.7634218,2,2,94.045006,283.03503,0.7415758,107.44694,1.7640786,-1.8590853,45,27,1,7,0.016024115,0.015447068,9.868871,0.005936313,0.0028461341,0.0006568432,0.0022557973861694336,0.002349481818973676,True
60709,-11,1.2667701,-1.7688502,1,2,94.045006,283.03503,0.5506175,114.97992,-1.7693694,1.2650139,47,30,1,9,0.018349016,0.017867835,8.773264,0.0069976076,0.0025998827,-0.00051915646,0.0017561912536621094,0.001831319505446367,True
60710,-11,-2.7622957,2.2590926,1,2,18.170427,86.531364,0.4411718,25.92853,2.2373416,-2.7846484,41,22,1,7,0.04762724,0.036961064,12.125704,0.010968826,0.00292837,-0.021750927,0.02235269546508789,0.031188873194912824,True
60710,11,0.42168912,-2.2266328,2,2,18.170427,86.531364,0.7893595,23.501963,-2.2318723,0.41811788,36,20,1,11,0.019558236,0.010906891,8.215037,0.0042958325,0.0028171462,-0.0052394867,0.003571242094039917,0.006340819419788419,True
60712,-11,0.80779755,1.7913121,1,2,10.40235,31.682625,0.4283523,8.225861,1.791695,0.784276,35,21,1,7,0.015233857,0.020368274,10.2956295,0.005488325,0.0024730468,0.00038290024,0.0235215425491333,0.023524658902585115,True
60712,11,-2.2138975,-1.7675459,2,2,10.40235,31.682625,0.581551,13.07553,-1.7692431,-2.2128708,31,17,1,7,0.014655431,0.032701034,6.9895573,0.0053790947,0.0022737004,-0.0016971827,0.0010266304016113281,0.0019835319625750403,True
60713,11,2.5623786,1.9967945,2,2,68.018295,250.35887,0.6231867,89.07253,1.9980563,2.5654988,48,28,1,9,0.024716731,0.019577764,11.186379,0.007035927,0.0027762197,0.0012618303,0.0031201839447021484,0.0033656743181729835,True
60713,-11,-0.59410167,-1.958199,1,2,68.018295,250.35887,0.49053368,93.057976,-1.958241,-0.59713423,40,21,1,9,0.021837704,0.028734177,10.147899,0.006512398,0.0031423625,-4.196167e-05,0.0030325651168823242,0.003032855415260368,True
60714,-11,1.7938536,2.45617,1,2,50.437046,294.7041,0.6679144,68.018776,2.4611647,1.8021358,42,26,1,9,0.035625376,0.031775147,10.263156,0.0059941337,0.003241343,0.004994631,0.008282184600830078,0.009671655449005601,True
60714,11,-1.3353491,-2.4458475,2,2,50.437046,294.7041,0.11270402,63.381287,-2.4420867,-1.338165,46,21,1,11,0.025191326,0.015542567,9.47724,0.0045999778,0.0028093145,0.0037608147,0.0028159618377685547,0.004698230284056157,True
60715,-11,0.2842176,-1.7854726,1,2,60.26108,183.41017,0.118892044,74.69457,-1.7881446,0.28321153,36,15,1,9,0.0131480545,0.012343061,5.647153,0.004741849,0.0030133948,-0.002671957,0.0010060667991638184,0.0028550875017836087,True
60715,11,-2.836636,1.770695,2,2,60.26108,183.41017,0.89518225,56.34737,1.772131,-2.8236964,40,21,1,7,0.016870292,0.021884277,9.034632,0.0062100384,0.002749307,0.0014359951,0.012939691543579102,0.013019128201185068,True
60717,11,-1.3937249,2.7230375,2,2,79.87101,609.051,0.864057,99.62848,2.7178085,-1.3938754,52,26,1,9,0.022303721,0.015384354,9.710994,0.003023078,0.0023979198,-0.0052289963,0.00015044212341308594,0.0052311599083158114,True
60717,-11,1.7419835,-2.7175908,1,2,79.87101,609.051,0.023475315,98.21593,-2.7115428,1.7525244,52,22,1,9,0.026927011,0.023750141,9.784063,0.0037124665,0.002798489,0.006047964,0.01054084300994873,0.012152663909669792,True
60718,11,-0.39663327,1.8149282,2,2,57.844124,182.79707,0.3603194,74.967606,1.8155047,-0.39572972,38,19,1,9,0.016739244,0.015484087,8.393031,0.005822938,0.0029380235,0.0005764961,0.0009035468101501465,0.0010717950454392127,True
60718,-11,2.7242572,-1.8206,1,2,57.844124,182.79707,0.073941395,73.45851,-1.8200858,2.7265623,49,28,1,9,0.020231735,0.018850852,16.743153,0.0071251015,0.003049762,0.0005142689,0.0023050308227539062,0.0023617026844556174,True
60719,11,-2.045422,1.7311802,2,2,63.510452,184.16255,0.72797227,76.714195,1.7297819,-2.0506132,32,18,1,9,0.013420982,0.017526021,6.070888,0.0053061494,0.002848517,-0.001398325,0.00519108772277832,0.005376123547732111,True
60719,-11,1.0754344,-1.7220953,1,2,63.510452,184.16255,0.8107316,79.3124,-1.7217872,1.0767821,35,19,1,7,0.011635743,0.016735561,6.180681,0.0045938427,0.0027893614,0.0003080368,0.001347661018371582,0.0013824170474858871,True
60720,-11,-2.8927677,2.6562512,1,2,62.5508,450.43457,0.33401367,48.52899,2.6475222,-2.8624098,49,29,1,9,0.043535143,0.026947115,15.784494,0.006297918,0.0030455324,-0.008728981,0.030357837677001953,0.03158786819536051,True
60720,11,0.25686538,-2.6688445,2,2,62.5508,450.43457,0.6350007,63.802593,-2.663547,0.2695867,41,22,1,9,0.025542619,0.010478983,10.06741,0.003719912,0.0022063293,0.0052974224,0.012721329927444458,0.013780236561858571,True
60723,11,-2.1439257,2.4092457,2,2,40.91775,231.55339,0.973933,53.083393,2.4098465,-2.1496782,52,20,1,9,0.033492718,0.021688456,13.706309,0.00616544,0.0035989278,0.0006008148,0.0057525634765625,0.005783853818952767,True
60723,-11,0.981972,-2.4278538,1,2,40.91775,231.55339,0.6987435,52.895103,-2.4234731,0.9767169,41,17,1,7,0.02553205,0.020906536,9.905232,0.004753865,0.0030973838,0.004380703,0.00525510311126709,0.006841539813168937,True
60725,11,2.7522624,-1.6287059,2,2,66.09476,173.32745,0.8886022,61.09532,-1.6306925,2.7469547,31,14,1,11,0.011713712,0.009598678,5.0805974,0.0051374687,0.003037944,-0.0019866228,0.005307674407958984,0.005667281360998695,True
60725,-11,-0.41174856,1.6089103,1,2,66.09476,173.32745,0.75762725,65.28235,1.6081159,-0.41607636,34,14,1,5,0.010766294,0.021548241,5.660845,0.0048745326,0.0027830377,-0.0007944107,0.00432780385017395,0.004400110741185838,True
60726,11,-3.006846,2.5201077,2,2,3.1063657,19.321766,0.15396914,10.149083,2.497525,-3.0153296,51,22,1,5,0.047538847,0.055557597,33.125355,0.008149148,0.0038144076,-0.02258277,0.008483648300170898,0.024123717829620698,True
60726,-11,-0.053313795,-2.511638,1,2,3.1063657,19.321766,0.1596807,7.581242,-2.498038,-0.05981599,47,15,1,7,0.046347857,0.024655284,18.20831,0.007862708,0.0046358556,0.013599873,0.006502196192741394,0.015074318754212737,True
60732,11,-1.413682,-2.5146012,2,2,90.226944,563.81366,0.89966744,107.027664,-2.5146542,-1.4156569,52,38,1,13,0.029534852,0.028472355,12.601543,0.005028237,0.0031865921,-5.2928925e-05,0.001974940299987793,0.001975649427294987,True
60732,-11,1.7215174,2.5235798,1,2,90.226944,563.81366,0.5279878,89.67607,2.538112,1.6989161,52,26,1,9,0.041519146,0.030323278,14.357421,0.0066673793,0.0035966851,0.014532089,0.02260136604309082,0.02687012022420545,True
60737,-11,-0.66345555,-2.4585073,1,2,79.9326,464.01743,0.22072184,101.0191,-2.4611998,-0.6577914,46,24,1,9,0.029383387,0.019395715,15.041128,0.0049975393,0.0032733246,-0.002692461,0.005664169788360596,0.006271536147175891,True
60740,-11,-2.5061994,-2.5742319,1,2,82.65354,550.11444,0.36548862,102.327995,-2.5694149,-2.5147102,47,27,1,9,0.025565673,0.020320056,12.45924,0.0040421174,0.0025979253,0.004817009,0.008510828018188477,0.009779456430887864,True
60740,11,0.64197874,2.5916982,2,2,82.65354,550.11444,0.77701074,92.3069,2.5977035,0.6484633,38,24,1,9,0.026692634,0.009972631,8.644885,0.003941736,0.00287379,0.006005287,0.006484568119049072,0.008838161391385978,True
60742,11,2.775508,-1.6304244,2,2,14.396248,38.376255,0.6241321,8.0318,-1.6315331,2.7405224,35,13,1,5,0.019133091,0.019073578,6.9245067,0.008413201,0.0027784724,-0.0011087656,0.03498554229736328,0.035003107447579715,True
60742,-11,-0.46700442,1.6432624,1,2,14.396248,38.376255,0.4117941,12.984622,1.6431535,-0.49084112,45,13,1,7,0.0375482,0.023816556,21.910301,0.01770065,0.002180288,-0.00010883808,0.02383670210838318,0.023836950583741898,True
60745,-11,-1.6328895,-1.5903287,1,2,66.423325,170.11115,0.5975791,75.828186,-1.5903368,-1.6363742,49,16,1,11,0.012160731,0.020171825,11.864348,0.005799003,0.0026591774,-8.106232e-06,0.0034847259521484375,0.003484735380566082,True
60745,11,1.531624,1.5958207,2,2,66.423325,170.11115,0.7701208,76.515335,1.5932016,1.5315697,40,24,1,7,0.014863129,0.016643196,12.132611,0.0070636133,0.0029550358,-0.002619028,5.424022674560547e-05,0.0026195896795217647,True
60747,11,-1.5120015,-2.2042737,2,2,77.003204,353.76227,0.26626,92.81945,-2.2048664,-1.5071951,36,20,1,11,0.025617996,0.016686132,7.2913446,0.005903443,0.0029219124,-0.0005927086,0.004806399345397949,0.0048428068449311214,True
60747,-11,1.619206,2.2074661,1,2,77.003204,353.76227,0.9566766,87.36503,2.204782,1.6218066,40,20,1,11,0.026346244,0.015651472,7.2524185,0.0062300414,0.0029506106,-0.0026841164,0.0026006698608398438,0.0037373739645173085,True
60748,11,-1.4517137,-2.6416597,2,2,41.441772,291.18445,0.1550885,54.685665,-2.6400857,-1.4553334,50,27,1,9,0.027270151,0.032049526,10.943362,0.0040176283,0.0033029998,0.0015740395,0.003619670867919922,0.003947102406991305,True
60748,-11,1.677365,2.6337926,1,2,41.441772,291.18445,0.7748047,59.196697,2.634244,1.6711224,52,24,1,11,0.027856521,0.025069471,20.383772,0.0040508024,0.0032205249,0.00045132637,0.006242513656616211,0.006258807573772599,True
60749,-11,2.5098844,2.944621,1,2,6.5964046,62.241074,0.90440494,14.129767,2.932407,2.4823482,52,38,1,9,0.02730717,0.036089733,48.736633,0.002841789,0.0016401147,-0.012214184,0.02753615379333496,0.030123513388366125,True
60749,11,-0.5737697,-2.9253886,2,2,6.5964046,62.241074,0.8930057,11.622872,-2.9255466,-0.5553253,52,29,1,7,0.03541755,0.017237322,39.87629,0.0038872387,0.003161032,-0.00015807152,0.018444359302520752,0.018445036640930508,True
60750,11,2.489382,-2.68149,2,2,96.64403,710.30475,0.10431534,99.16345,-2.6876173,2.4890087,45,29,1,11,0.02211639,0.025294792,10.00963,0.0030475939,0.002148125,-0.0061273575,0.0003733634948730469,0.006138722107506106,True
60751,-11,2.1645072,-1.8012503,1,2,75.42703,232.60931,0.32336167,87.26294,-1.7998352,2.160749,35,17,1,9,0.013730344,0.011878016,6.1216946,0.0048949006,0.0026024748,0.0014151335,0.0037581920623779297,0.004015795104227027,True
60751,11,-0.96078473,1.7827771,2,2,75.42703,232.60931,0.80035526,86.82292,1.784194,-0.96822506,51,21,1,9,0.014909684,0.018408712,10.468955,0.0055049015,0.0027305004,0.0014169216,0.007440328598022461,0.007574044920282928,True
60753,11,2.6892629,2.733207,2,2,66.03417,496.07468,0.685716,75.12721,2.7292697,2.693568,44,24,1,9,0.033814542,0.008222977,8.857457,0.004666611,0.0024683787,-0.0039372444,0.004305124282836914,0.005834037062701706,True
60753,-11,-0.45961994,-2.6780615,1,2,66.03417,496.07468,0.7529511,85.564804,-2.670492,-0.44651678,49,27,1,13,0.034407098,0.021143124,10.567407,0.0049309554,0.0032406258,0.0075695515,0.01310315728187561,0.015132443251425178,True
60757,11,0.11314699,2.599161,2,2,84.08646,569.50696,0.6930354,108.360214,2.5871472,0.10714583,50,26,1,9,0.032106772,0.022919044,11.524112,0.005129173,0.0018278537,-0.012013674,0.0060011595487594604,0.01342915747313594,True
60757,-11,-3.0348299,-2.6019995,1,2,84.08646,569.50696,0.6713792,103.63071,-2.605261,-3.0425963,51,26,1,9,0.03455057,0.02299467,8.047141,0.005054333,0.0032756466,-0.0032615662,0.0077664852142333984,0.008423544765282776,True
60759,11,-1.9050831,-2.4488854,2,2,64.66741,373.33832,0.38116196,89.62707,-2.453811,-1.9053959,52,22,1,11,0.030537263,0.033781808,11.408319,0.005436364,0.0032881529,-0.0049254894,0.00031280517578125,0.004935412105253741,True
60759,-11,1.2267051,2.4288042,1,2,64.66741,373.33832,0.95219964,85.646774,2.4269238,1.223004,49,24,1,9,0.021429395,0.029368639,11.574356,0.003922251,0.0025486548,-0.0018804073,0.0037010908126831055,0.004151385899466668,True
60766,11,-2.4461298,2.6585333,2,2,80.42713,574.1567,0.355516,99.71206,2.6687188,-2.4479728,46,32,1,9,0.029129995,0.0222853,11.835183,0.004166173,0.002205935,0.01018548,0.0018429756164550781,0.010350872810253186,True
60768,11,2.7422953,1.7992406,2,2,92.848785,285.32672,0.43718624,122.661896,1.7974569,2.7407317,37,17,1,9,0.016215395,0.013514175,6.019882,0.005771489,0.0026284547,-0.0017837286,0.0015635490417480469,0.002371997770292776,True
60768,-11,-0.41257787,-1.7773513,1,2,92.848785,285.32672,0.3159529,119.989006,-1.778986,-0.41280156,42,26,1,9,0.016484134,0.013516546,8.090641,0.0060140206,0.0027267803,-0.001634717,0.00022369623184204102,0.0016499513991356653,True
60769,11,0.997393,2.281353,2,2,45.35907,223.46294,0.45885915,58.659016,2.283579,0.99621,50,18,1,11,0.028989905,0.019004392,9.78999,0.0059197363,0.0034932478,0.0022261143,0.0011830329895019531,0.002520942632068057,True
60769,-11,-2.1606016,-2.2733245,1,2,45.35907,223.46294,0.4221248,61.43636,-2.2819402,-2.1634603,46,26,1,11,0.032856096,0.029103354,12.064782,0.006798857,0.0034388634,-0.008615732,0.0028586387634277344,0.009077590860730192,True
60775,-11,-0.019488258,2.4260347,1,2,91.549324,536.94763,0.98061126,110.85711,2.426982,-0.010490885,40,17,1,9,0.016939973,0.016904764,6.621696,0.003055453,0.0025295909,0.000947237,0.008997373282909393,0.009047098095752201,True
60775,11,3.1288893,-2.4845052,2,2,91.549324,536.94763,0.009596569,111.065094,-2.4830136,3.1295075,48,32,1,11,0.02472798,0.018792108,15.440493,0.0042411364,0.0029928805,0.0014915466,0.0006182193756103516,0.001614591759054903,True
60777,11,-0.8089799,-2.995632,2,2,57.015003,580.2514,0.0011655624,17.25919,-2.9902318,-0.78317404,52,30,1,29,0.025970913,0.037022118,36.737686,0.0026158981,0.0012755824,0.005400181,0.025805890560150146,0.02636486184730714,True
60778,-11,1.9620007,1.8833517,1,2,41.31623,139.22864,0.78087723,51.984497,1.883377,1.9609934,44,16,1,9,0.013840508,0.01972716,7.2321215,0.004533916,0.0027477236,2.527237e-05,0.0010073184967041016,0.0010076354730042662,True
60778,11,-1.152612,-1.8871695,2,2,41.31623,139.22864,0.68658906,47.325745,-1.8879597,-1.1549414,36,13,1,7,0.014490572,0.012645113,6.1082478,0.0046834294,0.0034841094,-0.0007902384,0.0023294687271118164,0.0024598579703489156,True
60779,-11,-2.4499855,1.4817073,1,2,55.564667,126.94198,0.9782082,13.700118,1.4912853,-2.4581852,43,11,1,3,0.013329742,0.030474896,12.171086,0.006965821,0.0035566462,0.00957799,0.008199691772460938,0.012608442839295093,True
60784,11,1.7770101,-2.6494148,2,2,59.440018,427.65622,0.9800346,76.289444,-2.639678,1.771376,45,29,1,9,0.025476452,0.022077855,9.941169,0.0037456353,0.0024638632,0.009736776,0.0056340694427490234,0.01124933551050323,True
60784,-11,-1.3730115,2.6740153,1,2,59.440018,427.65622,0.09011708,78.335884,2.6771443,-1.3738142,47,33,1,11,0.0416125,0.02423403,13.737785,0.005779736,0.00322752,0.0031290054,0.0008027553558349609,0.0032303391703680153,True
60786,-11,1.8952384,2.4579427,1,2,77.42497,451.52374,0.76050955,89.81871,2.4605918,1.8993926,43,23,1,9,0.021914244,0.023318209,7.978918,0.0037291877,0.002630631,0.0026490688,0.004154205322265625,0.004926965342021017,True
60786,11,-1.2382879,-2.4402099,2,2,77.42497,451.52374,0.5747876,95.32734,-2.4346042,-1.2345796,52,23,1,9,0.025189353,0.022294028,9.990958,0.0045049433,0.0027296762,0.0056056976,0.003708362579345703,0.006721294440765302,True
60788,-11,2.350938,2.059634,1,2,71.29283,286.91437,0.37859398,89.53394,2.063555,2.353423,43,21,1,9,0.015259803,0.015391607,7.0626407,0.0040418,0.0020895542,0.003921032,0.002485036849975586,0.004642186929262686,True
60788,11,-0.7777379,-2.0799515,2,2,71.29283,286.91437,0.06983239,86.31426,-2.0776336,-0.77448136,51,22,1,15,0.01803891,0.01668081,8.015034,0.0046661757,0.0027025419,0.0023179054,0.003256559371948242,0.003997232077281503,True
63309,11,-1.3183941,2.2823958,2,2,13.309644,66.02692,0.6338812,16.06235,2.2821608,-1.3569613,46,27,1,7,0.035103668,0.020746173,18.025677,0.0075907405,0.0033975148,-0.00023508072,0.038567185401916504,0.038567901845579365,True
63310,11,2.1539106,2.3156304,2,2,87.41193,450.32785,0.87512326,106.33927,2.3176885,2.154186,41,17,1,9,0.0199687,0.017335527,7.846767,0.0041000783,0.0027023787,0.0020580292,0.0002753734588623047,0.0020763705416406418,True
63310,-11,-0.9958014,-2.330304,1,2,87.41193,450.32785,0.40094352,107.4993,-2.3347557,-0.99793124,41,23,1,11,0.02179293,0.02084699,6.773105,0.0042235865,0.0027605684,-0.0044517517,0.002129852771759033,0.004935014296617077,True
63311,-11,1.0847546,-1.4992486,1,2,64.59859,151.35141,0.8957918,66.51498,-1.4997513,1.0918002,45,17,1,7,0.011863402,0.014410409,14.431177,0.005934824,0.0024904283,-0.0005027056,0.007045626640319824,0.0070635378978766775,True
63311,11,-2.030585,1.4919163,2,2,64.59859,151.35141,0.637334,75.635994,1.4951855,-2.0294967,34,17,1,7,0.008388567,0.01137256,5.6305437,0.00431734,0.0023643007,0.0032691956,0.0010883808135986328,0.003445607694292609,True
63312,11,-0.32670927,2.4644861,2,2,22.062872,130.24364,0.054675903,32.12141,2.4592416,-0.31779802,43,21,1,9,0.03956387,0.018069493,13.015544,0.0067845685,0.003487346,-0.0052444935,0.00891125202178955,0.010339976982236944,True
63312,-11,2.7869246,-2.458399,1,2,22.062872,130.24364,0.903022,31.645622,-2.4553273,2.7760766,49,29,1,9,0.039262433,0.023323612,16.273561,0.0065409224,0.00240101,0.003071785,0.010848045349121094,0.011274570981541797,True
63313,11,-2.9217386,-2.2087147,2,2,62.251133,294.96982,0.08749638,78.13275,-2.2090566,-2.9202514,38,21,1,9,0.017254045,0.013569727,7.196644,0.004010228,0.0026542086,-0.00034189224,0.0014872550964355469,0.0015260465351058085,True
63313,-11,0.207425,2.267249,1,2,62.251133,294.96982,0.33460876,67.3855,2.2651227,0.20881067,41,19,1,9,0.019773867,0.014003756,7.965626,0.0043371213,0.002566923,-0.0021264553,0.0013856738805770874,0.0025380906640952924,True
63318,11,1.0965515,2.398353,2,2,15.621522,86.85254,0.60675114,17.937317,2.4094431,1.1017,52,19,1,7,0.035189595,0.02927412,21.790415,0.0062829284,0.0039966046,0.01109004,0.005148410797119141,0.012226819831672297,True
63318,-11,-2.0869646,-2.4028425,1,2,15.621522,86.85254,0.9649457,8.273008,-2.4060767,-2.0766597,42,17,1,11,0.039868955,0.015736734,8.746767,0.007383366,0.0032234977,-0.003234148,0.010304927825927734,0.010800520883106115,True
63320,-11,-2.5655787,-2.7570832,1,2,4.242559,34.164837,0.5297635,10.8882885,-2.735389,-2.5246148,47,20,3,11,0.05076413,0.031676073,16.545187,0.0068181725,0.004964678,0.021694183,0.04096388816833496,0.04635383167034206,True
63321,-11,1.4249016,1.8929584,1,2,21.184805,71.876724,0.8042323,23.064053,1.891469,1.4461159,40,19,1,7,0.020421732,0.023398532,9.023541,0.0065957326,0.0029739323,-0.0014894009,0.02121424674987793,0.021266466091960288,True
63321,11,-1.6644636,-1.8919696,2,2,21.184805,71.876724,0.8385291,26.651978,-1.8941174,-1.682075,37,23,1,7,0.031190341,0.020386005,9.968671,0.009959508,0.0036212031,-0.0021477938,0.017611384391784668,0.017741867947280353,True
63324,11,-0.25617644,-1.9595075,2,2,30.371115,110.25106,0.9792281,35.8666,-1.9621372,-0.263706,35,18,1,9,0.018743956,0.015052844,6.925587,0.005519399,0.0030102672,-0.002629757,0.007529556751251221,0.007975578106985227,True
63324,-11,2.8515537,1.9663588,1,2,30.371115,110.25106,0.981258,35.629757,1.9650364,2.8667378,40,20,1,11,0.018843094,0.017256143,8.23338,0.005657543,0.0027571612,-0.0013223886,0.015184164047241211,0.015241638676280544,True
63326,11,0.5186768,2.6179068,2,2,11.014429,76.29391,0.6692291,22.437798,2.626462,0.52211225,46,24,1,9,0.031297084,0.039348975,16.587622,0.0046104547,0.0035851866,0.008555174,0.0034354329109191895,0.009219175454347115,True
63327,-11,-0.3528042,2.9812176,1,2,87.701965,871.5685,0.33473283,85.3225,2.9621944,-0.37622643,50,18,1,11,0.022666508,0.011633472,11.368058,0.0022924729,0.00069822645,-0.01902318,0.023422211408615112,0.030174183528964373,True
63331,11,0.31660604,-2.6721601,2,2,16.391363,117.83166,0.35392562,23.178017,-2.6658866,0.33386037,49,20,1,9,0.041392874,0.02918145,12.904582,0.0060820556,0.0029349397,0.006273508,0.01725432276725769,0.01835942691694259,True
63331,-11,-2.8557246,2.649602,1,2,16.391363,117.83166,0.5822975,33.410187,2.6379232,-2.8723288,49,33,1,7,0.052286975,0.0431618,25.370758,0.007664807,0.004119226,-0.011678696,0.016604185104370117,0.020300021972848924,True
63335,-11,-1.5466137,-1.5157771,1,2,3.4224322,8.28494,0.24279611,2.1523883,-1.532618,-1.558922,27,11,1,3,0.026424268,0.020485831,6.7675896,0.012660906,0.0022102622,-0.016840935,0.012308359146118164,0.02085935748303803,True
63336,11,1.4108993,-2.141103,2,2,46.278618,199.52925,0.647992,60.151478,-2.1443663,1.410291,48,19,1,9,0.017275412,0.022175232,8.430346,0.0041939933,0.0028352013,-0.003263235,0.0006083250045776367,0.003319452141705855,True
63336,-11,-1.7492088,2.1403236,1,2,46.278618,199.52925,0.2882454,59.907406,2.144933,-1.7553929,41,23,1,11,0.03181547,0.014876157,11.12516,0.0074724555,0.0028174394,0.0046093464,0.006184101104736328,0.0077129229875835936,True
63337,11,-0.63128936,-2.248452,2,2,87.95704,422.4636,0.48831773,112.22807,-2.247541,-0.6248142,50,18,1,9,0.018746497,0.02328631,7.8077793,0.004119507,0.0028611806,0.0009109974,0.0064751505851745605,0.006538921267811261,True
63337,-11,2.5016294,2.2543325,1,2,87.95704,422.4636,0.9094823,106.79876,2.2509038,2.5045028,43,16,1,9,0.022026476,0.015248284,5.735565,0.004905853,0.003099661,-0.0034286976,0.0028734207153320312,0.0044735348598009044,True
63338,11,0.07050036,2.3752484,2,2,40.5943,214.41833,0.9793075,52.31912,2.375124,0.06977854,42,21,1,9,0.030401556,0.029843844,10.528922,0.005678859,0.0029882605,-0.0001244545,0.0007218196988105774,0.0007324702039918492,True
63338,-11,-3.0881135,-2.3222463,1,2,40.5943,214.41833,0.3206901,53.049866,-2.3223345,-3.0934663,45,25,1,9,0.023978928,0.022899888,10.117487,0.0049452935,0.0031453967,-8.8214874e-05,0.00535273551940918,0.005353462375396572,True
63339,11,0.6675235,2.4227679,2,2,32.67776,189.31877,0.23764198,42.09009,2.425863,0.6723842,52,21,1,9,0.03085407,0.023616489,16.079977,0.005546065,0.004220207,0.00309515,0.00486069917678833,0.005762495097141036,True
63339,-11,-2.493316,-2.4623759,1,2,32.67776,189.31877,0.17244531,48.95876,-2.4789882,-2.491401,49,25,1,9,0.04710437,0.040629864,14.963733,0.007699561,0.002910107,-0.016612291,0.00191497802734375,0.01672230144408143,True
63341,-11,-0.2424116,1.6494864,1,2,29.894257,82.34888,0.85950655,18.454025,1.6506877,-0.2213366,39,21,1,7,0.014890338,0.025710955,10.389267,0.0064379307,0.0032445495,0.001201272,0.021074995398521423,0.021109203809652023,True
63341,11,2.9459665,-1.6947908,2,2,29.894257,82.34888,0.2452312,32.518623,-1.6918131,2.9518392,36,17,1,5,0.013913979,0.017339995,7.066221,0.0057873335,0.0027165308,0.0029777288,0.0058727264404296875,0.00658451100974923,True
63342,11,2.4392734,-1.4520489,2,2,67.93933,152.03603,0.9322727,7.0313454,-1.475966,2.427079,44,11,1,44,0.029563028,0.04146197,38.946846,0.015503081,0.0006096443,-0.023917079,0.012194395065307617,0.026846413541349173,True
63344,-11,-2.3842583,1.5218594,1,2,55.720528,134.52957,0.39641622,44.068253,1.5261023,-2.3938599,40,14,1,5,0.015612482,0.018077344,7.113549,0.0076225195,0.0028055096,0.004242897,0.009601593017578125,0.010497274065404677,True
63344,11,0.7866572,-1.5355446,2,2,55.720528,134.52957,0.99615556,67.813614,-1.53458,0.77379584,48,16,1,7,0.011432593,0.011270106,10.346639,0.005899833,0.0028302174,0.0009646416,0.012861371040344238,0.012897495818878696,True
63345,-11,-2.533262,-2.2810886,1,2,59.703465,291.01993,0.94258696,70.40362,-2.2829428,-2.5366602,40,21,1,15,0.017573642,0.019414686,9.569462,0.003692761,0.0031477993,-0.0018541813,0.0033981800079345703,0.003871125878146519,True
63345,11,0.62094206,2.2520628,2,2,59.703465,291.01993,0.5163713,81.22066,2.2548385,0.6291125,45,28,1,11,0.02404979,0.02070219,9.458738,0.005170139,0.0026851902,0.002775669,0.00817042589187622,0.008629032272990224,True
63346,-11,0.13672036,-2.8786957,1,2,65.77857,578.29047,0.6194128,69.818214,-2.890128,0.12365564,52,18,1,9,0.026746528,0.02469281,22.542927,0.0028932104,0.0018195506,-0.011432171,0.01306471973657608,0.017360340894095445,True
63346,11,-2.998627,2.8488917,2,2,65.77857,578.29047,0.4404376,80.087845,2.846708,-2.9866943,51,32,1,11,0.026599852,0.016161587,13.794506,0.0032218231,0.0019276815,-0.0021836758,0.011932611465454102,0.012130773107251679,True
63348,-11,-1.2746971,-1.7198511,1,2,32.65382,93.97979,0.0068097357,40.51783,-1.7214061,-1.2781837,39,17,1,9,0.015363353,0.014299038,7.77064,0.006054648,0.0024196173,-0.001554966,0.00348663330078125,0.003817660402785299,True
63348,11,1.9076284,1.7175169,2,2,32.65382,93.97979,0.706283,45.63036,1.718882,1.9046508,41,24,1,9,0.023192883,0.023782188,9.259572,0.009296369,0.0027087817,0.0013650656,0.002977609634399414,0.0032756011881395087,True
63351,-11,-1.5911623,1.5717084,1,2,40.464104,101.14609,0.35755184,51.48079,1.571423,-1.5925394,31,17,1,11,0.012339231,0.008497555,6.3649015,0.0058008577,0.002626303,-0.00028538704,0.001377105712890625,0.0014063662064379007,True
63351,11,1.5891405,-1.561732,2,2,40.464104,101.14609,0.44756836,49.73932,-1.562814,1.5918959,39,15,1,7,0.01128184,0.015730249,6.711918,0.0054157414,0.0024734193,-0.0010819435,0.002755403518676758,0.0029602111941236307,True
63352,-11,0.7895467,-2.3056636,1,2,54.984962,282.31146,0.2502196,69.95804,-2.3019748,0.7884343,49,28,1,11,0.02890544,0.020937786,9.570025,0.0061996193,0.0030368285,0.0036888123,0.0011124014854431152,0.0038528915016899164,True
63359,11,0.532799,-2.9569058,2,2,9.9668665,94.17408,0.99862814,14.060379,-2.938699,0.5314579,51,15,1,11,0.04252317,0.005079841,21.65249,0.004722595,0.0030301786,0.018206835,0.001341104507446289,0.018256160787639066,True
63359,-11,-2.6470194,2.9160697,1,2,9.9668665,94.17408,0.6177884,14.399306,2.9180083,-2.6530685,49,25,1,7,0.03687466,0.01587213,23.866724,0.004083756,0.002238263,0.0019385815,0.006049156188964844,0.006352195576694981,True
63362,11,1.9236852,1.7428501,2,2,60.54244,174.93204,0.90305394,71.56041,1.7400776,1.9207269,50,18,1,13,0.015556654,0.018519875,7.5356116,0.0062826267,0.0031797178,-0.0027724504,0.0029582977294921875,0.004054381229116166,True
63362,-11,-1.2397939,-1.7032812,1,2,60.54244,174.93204,0.7194333,76.834564,-1.7079154,-1.2384207,39,22,1,11,0.018494079,0.019277204,8.907995,0.0072946534,0.002529604,-0.004634261,0.0013731718063354492,0.004833422968962249,True
63364,11,-0.98306304,-2.144073,2,2,52.447952,226.84438,0.89889246,60.49354,-2.1507688,-0.97668624,44,21,1,13,0.024215534,0.019320326,9.179426,0.0058809123,0.0020946201,-0.0066957474,0.006376802921295166,0.009246439720449275,True
63365,-11,1.8410708,1.7719091,1,2,42.858078,129.81934,0.84619135,52.32919,1.7721379,1.8445649,48,20,1,11,0.015064608,0.026953056,8.694681,0.0056909425,0.0026546735,0.00022876263,0.0034941434860229492,0.0035016240575292314,True
63365,11,-1.2712345,-1.7740862,2,2,42.858078,129.81934,0.3567462,51.5263,-1.7720857,-1.2727547,51,17,1,7,0.015219095,0.023023756,9.342928,0.0056270817,0.00293957,0.0020005703,0.0015201568603515625,0.0025125999159106667,True
63366,-11,0.9999983,-2.6905804,1,2,3.240009,24.288683,0.07502408,9.5842285,-2.7146046,1.005244,50,30,1,7,0.059140548,0.032308877,25.137356,0.0074756425,0.003711405,-0.024024248,0.0052457451820373535,0.024590290062394864,True
63366,11,-1.9925715,2.7176552,2,2,3.240009,24.288683,0.34070656,6.5889115,2.705437,-1.9883069,47,16,1,9,0.04275006,0.018591067,29.76769,0.0059036897,0.004447175,-0.012218237,0.0042645931243896484,0.012941100162992263,True
63367,-11,-1.7035697,-1.7755656,1,2,20.62273,62.019398,0.078852706,25.83807,-1.7725855,-1.7101238,42,16,1,11,0.018799054,0.017814392,10.288874,0.00708054,0.0022274381,0.002980113,0.006554126739501953,0.00719983688697832,True
63367,11,1.4993974,1.755523,2,2,20.62273,62.019398,0.11959391,25.841908,1.7562397,1.5012857,43,18,1,9,0.012440483,0.014252107,8.44763,0.004716172,0.002824509,0.00071668625,0.001888275146484375,0.0020197084462911788,True
63368,-11,-2.6318421,-1.4672632,1,2,21.77568,50.27426,0.7565321,6.5936365,-1.4782405,-2.6258395,43,13,1,3,0.01943604,0.045433898,41.17623,0.010313836,0.0018784805,-0.010977268,0.006002664566040039,0.012511290796627196,True
63368,11,0.5890243,1.4919195,2,2,21.77568,50.27426,0.83945143,21.927698,1.4922256,0.5850593,52,14,1,7,0.008087977,0.015160766,14.743598,0.004180493,0.002317739,0.00030612946,0.003965020179748535,0.00397682037177674,True
63371,-11,-0.31381738,1.5610117,1,2,78.30435,193.87068,0.47684923,98.60102,1.5595636,-0.31603885,45,25,1,11,0.009293412,0.016216887,10.49889,0.004525167,0.0025915508,-0.0014480352,0.0022214651107788086,0.002651737806546369,True
63371,11,2.8480308,-1.5514549,2,2,78.30435,193.87068,0.94482505,94.073105,-1.5512313,2.8413608,31,14,1,9,0.010790104,0.010861303,5.1546354,0.0052650385,0.0025364538,0.00022363663,0.0066699981689453125,0.006673746242910198,True
63372,11,-1.0587933,-2.3348713,2,2,49.95818,258.99857,0.983427,62.914406,-2.3361402,-1.0543903,40,24,1,7,0.027030222,0.026710005,10.104955,0.0052400357,0.002765446,-0.0012688637,0.0044029951095581055,0.0045821808091874505,True
63372,-11,2.0686674,2.3238757,1,2,49.95818,258.99857,0.68430567,67.844696,2.328743,2.069336,51,32,1,9,0.028432889,0.0266435,12.687226,0.0055397,0.00292754,0.0048673153,0.0006685256958007812,0.004913011775309359,True
63373,11,-0.64370066,-1.707192,2,2,52.886864,151.00978,0.5166321,68.401764,-1.7122595,-0.6387464,46,18,1,7,0.01185839,0.0132677825,7.0904884,0.0046752184,0.0021906975,-0.005067587,0.004954278469085693,0.0070869819372441165,True
63373,-11,2.4724977,1.7131853,1,2,52.886864,151.00978,0.7929575,53.627296,1.7104995,2.4846668,35,15,1,11,0.0155982,0.014244853,5.8227468,0.0062796245,0.002769351,-0.0026857853,0.012169122695922852,0.012461981775575946,True
63376,11,-0.35318464,-2.3892078,2,2,17.531742,96.833046,0.723795,27.38871,-2.4023163,-0.35867625,48,20,1,9,0.03090991,0.03354712,26.165735,0.005571961,0.0027902864,-0.013108492,0.00549161434173584,0.014212332453268544,True
63376,-11,2.750775,2.398583,1,2,17.531742,96.833046,0.5838763,32.072292,2.3887658,2.7440434,50,27,1,7,0.054329574,0.022379104,26.698977,0.010179571,0.0044673416,-0.009817123,0.006731748580932617,0.011903459473055284,True
63382,11,1.7971959,-1.6511351,2,2,29.766989,77.938354,0.7995005,30.702898,-1.6484714,1.789404,33,15,1,7,0.0131951505,0.011500317,5.4015484,0.0057112067,0.0024237968,0.0026637316,0.007791876792907715,0.00823461049915135,True
63382,-11,-1.3942546,1.5844831,1,2,29.766989,77.938354,0.15273374,40.678337,1.584883,-1.3988118,47,21,1,9,0.015364709,0.019438554,8.743454,0.007310564,0.0028465262,0.00039982796,0.004557251930236816,0.004574757649424567,True
63384,11,0.6217314,-2.536685,2,2,94.83113,612.4031,0.29297343,128.7804,-2.5374088,0.6205821,52,38,1,9,0.028749673,0.029638356,12.794499,0.0046207327,0.0031545465,-0.0007238388,0.001149296760559082,0.0013582435941772927,True
63384,-11,-2.5257926,2.5683591,1,2,94.83113,612.4031,0.06878939,117.65771,2.5696354,-2.524478,47,29,1,11,0.027870158,0.026069317,12.194331,0.0044126464,0.0029959644,0.0012762547,0.0013146400451660156,0.0018322402498554505,True
63385,-11,-1.5561919,-1.8108044,1,2,34.80373,107.11884,0.06504613,45.77702,-1.8156886,-1.5617535,29,15,1,7,0.0174078,0.011232869,6.306174,0.0061373627,0.002852524,-0.004884243,0.0055615901947021484,0.007401831872014654,True
63385,11,1.6208277,1.7695129,2,2,34.80373,107.11884,0.08428237,44.818348,1.7681351,1.6152424,46,15,1,7,0.014559239,0.01209751,8.042712,0.005367508,0.0026812823,-0.001377821,0.005585312843322754,0.005752748049631019,True
63386,-11,-1.6056317,-2.3553596,1,2,55.88775,294.696,0.8865651,75.87501,-2.35364,-1.600861,47,31,1,7,0.029653434,0.019898511,14.399683,0.005650088,0.0029304319,0.0017194748,0.004770755767822266,0.00507116398454883,True
63386,11,1.5483241,2.3379953,2,2,55.88775,294.696,0.9352637,66.15899,2.335953,1.5554811,35,21,1,15,0.020845488,0.011463137,8.285406,0.0041428185,0.0032002535,-0.0020422935,0.007156968116760254,0.007442657813949053,True
63387,-11,2.075175,-1.6239617,1,2,14.179543,37.623493,0.2400643,20.401213,-1.6294273,2.0713162,40,16,1,5,0.021980306,0.03791914,9.105979,0.009592448,0.003090421,-0.0054656267,0.003858804702758789,0.006690549256418219,True
63390,-11,3.0280826,-2.9802177,1,2,60.33805,591.43304,0.49691018,40.10801,-2.9903235,3.0464568,50,14,1,9,0.016279018,0.015750075,9.098336,0.0016529677,0.00042688093,-0.010105848,0.018374204635620117,0.020969968226295297,True
63390,11,-0.107379794,2.966077,2,2,60.33805,591.43304,0.73549455,63.638615,2.9804258,-0.112482645,52,17,1,13,0.022151724,0.0123714665,12.867648,0.0022888836,0.0021383276,0.014348745,0.005102850496768951,0.0152291029030729,True
63393,11,-1.1594645,-2.4454508,2,2,46.099392,265.82397,0.4325804,58.369156,-2.438118,-1.1592975,42,26,1,11,0.026548933,0.030094905,14.019633,0.004813234,0.0029662256,0.007332802,0.00016701221466064453,0.007334703449005055,True
63393,-11,1.9684235,2.4297829,1,2,46.099392,265.82397,0.763463,53.77888,2.4305654,1.9848164,44,15,1,9,0.024183093,0.015646797,8.914874,0.004288772,0.0027573558,0.0007824898,0.016392946243286133,0.01641161103565918,True
63397,-11,1.1302724,-2.2030344,1,2,61.446842,275.7898,0.62842244,70.851295,-2.2050023,1.1303599,52,21,1,9,0.021287369,0.022982793,10.177245,0.00482202,0.0031140686,-0.001967907,8.749961853027344e-05,0.001969851194182578,True
63397,11,-1.9979445,2.1613784,2,2,61.446842,275.7898,0.9776843,81.4711,2.1551304,-2.0010934,50,18,1,9,0.023237955,0.015771894,7.867383,0.0057807956,0.0025658454,-0.0062479973,0.0031489133834838867,0.0069966510081163995,True
63398,11,3.1344893,-2.156714,2,2,46.666504,205.71144,0.77906364,54.862103,-2.156538,3.1343129,38,20,1,9,0.016658172,0.017866438,6.0936394,0.0040573543,0.002627239,0.00017595291,0.00017642974853515625,0.0002491723965253864,True
63398,-11,-0.025012484,2.170309,1,2,46.666504,205.71144,0.639024,54.21417,2.171677,-0.031145822,43,14,1,9,0.030708697,0.017797755,9.63872,0.006858474,0.002964941,0.0013680458,0.006133338436484337,0.0062840583786428275,True
63400,-11,1.2440627,-2.8145754,1,2,83.27104,671.32477,0.92370903,99.75634,-2.818479,1.2384492,52,38,1,11,0.030712936,0.020184506,15.166451,0.0036985334,0.0030785147,-0.0039036274,0.005613446235656738,0.0068373303183643895,True
63400,11,-1.8921558,2.7397213,2,2,83.27104,671.32477,0.8124185,112.09911,2.7419784,-1.885837,48,19,1,9,0.0224002,0.01998848,8.886016,0.002908438,0.002561143,0.0022571087,0.006318807601928711,0.006709833759818046,True
63401,-11,1.659426,-2.564573,1,2,47.346306,314.4872,0.3657777,59.959667,-2.5689461,1.6521499,46,32,1,9,0.03333746,0.029368272,15.619862,0.0051321825,0.0037328082,-0.0043730736,0.007276058197021484,0.008489098608016611,True
63401,11,-1.4706881,2.597492,2,2,47.346306,314.4872,0.9734237,50.42922,2.6134968,-1.5015242,51,34,1,15,0.04423922,0.042236302,36.861206,0.0063774604,0.0022512493,0.0160048,0.030836105346679688,0.03474217942827092,True
63402,11,1.1014324,-2.4097733,2,2,72.41862,411.17905,0.64273477,91.88824,-2.4115436,1.1007544,50,25,1,13,0.025724845,0.021021439,11.283495,0.0046045235,0.003141581,-0.001770258,0.0006780624389648438,0.0018956745035012385,True
63402,-11,-2.049028,2.4341195,1,2,72.41862,411.17905,0.44054887,89.34942,2.435413,-2.0625947,43,25,1,9,0.026268901,0.03098097,10.310873,0.004646953,0.003211084,0.0012934208,0.013566732406616211,0.01362824880460059,True
63406,-11,2.2026587,-2.3487682,1,2,40.46569,213.11597,0.81825733,57.246857,-2.3527715,2.1998296,43,19,1,9,0.03939126,0.023486178,12.652133,0.0075629824,0.003446178,-0.0040032864,0.0028290748596191406,0.004902037036550032,True
63406,11,-0.9217569,2.3420506,2,2,40.46569,213.11597,0.37697664,48.811188,2.3418355,-0.9203311,52,22,1,7,0.022997394,0.014140836,12.176435,0.0045742593,0.0034130462,-0.00021505356,0.0014258027076721191,0.001441929746611802,True
63407,-11,0.7116715,-1.9423803,1,2,7.0387826,25.512562,0.62356496,3.5174603,-1.9592237,0.71525526,41,14,1,7,0.035446487,0.02562644,14.686923,0.010295731,0.0029500432,-0.016843438,0.0035837888717651367,0.017220480429115934,True
63407,11,-2.2836037,1.9823686,2,2,7.0387826,25.512562,0.23230466,9.861152,1.9688542,-2.2753975,42,23,1,7,0.040469162,0.030950006,17.219297,0.012467224,0.0028617356,-0.0135143995,0.00820612907409668,0.01581074150494449,True
63408,-11,-1.8997843,-1.7839347,1,2,80.567215,247.44676,0.5705426,94.766,-1.7842828,-1.8987066,37,23,1,7,0.010207155,0.011666955,6.176431,0.0037093714,0.0026609516,-0.00034809113,0.0010777711868286133,0.001132589141216556,True
63408,11,1.257122,1.7913554,2,2,80.567215,247.44676,0.1526313,104.63569,1.7861824,1.2574468,40,22,1,11,0.021187726,0.014439158,8.99244,0.007969083,0.002847448,-0.005172968,0.0003247261047363281,0.005183150006711632,True
63412,11,1.2927277,2.6597075,2,2,91.22998,662.7085,0.65252185,60.443142,2.6577036,1.2720855,42,18,1,9,0.029731393,0.008970295,9.0390835,0.004324065,0.003206787,-0.0020039082,0.02064216136932373,0.020739201379114044,True
63413,-11,1.0843534,1.5980119,1,2,63.111477,161.88686,0.33606926,81.25779,1.5982019,1.0862442,39,17,1,9,0.016965622,0.0135952495,6.211346,0.007540019,0.002180046,0.00019001961,0.0018907785415649414,0.0019003028559925921,True
63413,11,-2.033143,-1.5916014,2,2,63.111477,161.88686,0.27171248,81.5322,-1.5910702,-2.0323014,46,16,1,7,0.013181839,0.014162748,7.4507923,0.0060623125,0.0024049256,0.0005311966,0.0008416175842285156,0.0009952336307686711,True
63418,11,1.5451016,1.7243568,2,2,79.312195,226.95645,0.15836425,102.81154,1.7256421,1.5432439,40,19,1,9,0.01254183,0.01432927,6.650297,0.0049542272,0.0027274927,0.0012853146,0.001857757568359375,0.0022590477294510487,True
63418,-11,-1.6133384,-1.7007954,1,2,79.312195,226.95645,0.35728857,94.74515,-1.7017384,-1.611379,35,18,1,11,0.012921834,0.013751264,5.802893,0.005260282,0.00252294,-0.0009429455,0.0019593238830566406,0.002174418602206664,True
63423,11,-1.0372442,2.4707906,2,2,11.330608,68.40738,0.45283476,24.82878,2.4945784,-1.0369773,48,30,1,11,0.065066814,0.03652116,23.640549,0.010604055,0.0033573827,0.023787737,0.0002669095993041992,0.02378923380168153,True
63423,-11,2.0512068,-2.498016,1,2,11.330608,68.40738,0.08364275,21.471598,-2.4904227,2.0457287,52,38,1,9,0.05504489,0.03133845,21.688154,0.009625165,0.00400654,0.0075933933,0.0054781436920166016,0.009363208827342963,True
63424,-11,2.2326217,-2.1781964,1,2,30.99322,138.81207,0.7916932,43.726105,-2.1829672,2.2316341,35,21,1,7,0.034033626,0.024197167,9.697109,0.0075662686,0.003155773,-0.004770756,0.0009875297546386719,0.004871891356047716,True
63424,11,-0.88249415,2.181459,2,2,30.99322,138.81207,0.70181453,42.896233,2.1801357,-0.8877286,44,14,1,7,0.023889735,0.019206822,6.862859,0.005540919,0.0032183137,-0.0013232231,0.005234420299530029,0.005399080966386046,True
63428,11,0.2783921,-2.8892996,2,2,10.585451,94.21403,0.035894196,20.660269,-2.8883636,0.28502017,52,19,1,7,0.0395963,0.031152884,31.557217,0.0043538697,0.002938119,0.00093603134,0.006628066301345825,0.006693834294886985,True
63429,-11,-1.4345614,-2.2417052,1,2,27.69641,133.66814,0.20616129,30.471811,-2.2461827,-1.4413869,52,20,1,9,0.022859978,0.009808818,10.79925,0.0048781973,0.0020708493,-0.004477501,0.006825566291809082,0.008163110237093082,True
63429,11,1.7344122,2.2711773,2,2,27.69641,133.66814,0.87130815,35.909008,2.269796,1.7186843,51,20,1,11,0.033667456,0.02421678,13.615683,0.0071342974,0.0032424582,-0.0013813972,0.015727877616882324,0.015788425909080233,True
63432,-11,-0.55608636,-1.9350938,1,2,72.88791,251.75066,0.040571142,87.802284,-1.9347122,-0.55710554,48,19,1,9,0.015032341,0.016557734,9.857729,0.0046672565,0.0027855288,0.00038158894,0.0010191798210144043,0.0010882727707370306,True
63432,11,2.6003819,1.8875954,2,2,72.88791,251.75066,0.8971996,82.43362,1.8917307,2.5892498,42,19,1,9,0.016990026,0.011280114,7.4790387,0.0053291735,0.0025480296,0.004135251,0.011132001876831055,0.011875258606809819,True
63433,11,-1.3334981,-1.6211188,2,2,57.443607,151.32811,0.08631446,71.31559,-1.6195694,-1.33077,40,15,1,9,0.011508386,0.009779732,6.04113,0.005098021,0.0024741953,0.0015493631,0.002728104591369629,0.0031373684656136706,True
63435,-11,-2.5348406,-2.6943572,1,2,77.79397,585.5862,0.44484437,90.61719,-2.6979666,-2.5433025,45,27,1,9,0.023416515,0.021295533,8.943991,0.003132573,0.0027003137,-0.0036094189,0.008461952209472656,0.009199594565269182,True
63435,11,0.61293143,2.7203293,2,2,77.79397,585.5862,0.08695957,80.20106,2.716485,0.59755296,44,22,1,9,0.028141141,0.014498522,8.146329,0.0038600331,0.0025574097,-0.0038442612,0.015378475189208984,0.015851682657810534,True
63436,-11,-0.11540379,-2.7504008,1,2,23.99645,186.74872,0.8327472,22.81418,-2.723904,-0.093668155,46,28,1,9,0.04125641,0.04000124,15.296856,0.0056572994,0.0037459177,0.026496887,0.021735630929470062,0.03427130991900181,True
63436,11,3.0455554,2.7314258,2,2,23.99645,186.74872,0.9454679,35.19432,2.7291892,3.0419154,49,25,1,7,0.027898556,0.018454226,16.205797,0.0037300987,0.002978502,-0.0022366047,0.0036399364471435547,0.004272181857575675,True
63438,-11,1.4861057,-2.9500802,1,2,84.244576,819.79065,0.392874,96.56901,-2.9570265,1.4817214,49,15,1,9,0.028576573,0.0073286733,11.9656315,0.0030614682,0.0017254885,-0.0069463253,0.004384279251098633,0.008214215818730865,True
63438,11,-1.6511534,2.9818203,2,2,84.244576,819.79065,0.015317112,52.465385,2.980095,-1.6389047,42,6,9,11,0.009714429,0.0043778387,11.469029,0.0009611502,0.0002107655,-0.0017254353,0.012248754501342773,0.01236968526694496,True
63439,-11,-0.2901862,2.1087096,1,2,85.77719,350.76367,0.471581,102.486015,2.1083727,-0.28955108,44,23,1,7,0.01924302,0.02491465,10.670644,0.0049341028,0.002746863,-0.00033688545,0.0006351172924041748,0.000718933782112313,True
63439,11,2.861942,-2.0642583,2,2,85.77719,350.76367,0.9328445,107.82787,-2.06915,2.8624568,42,26,1,11,0.017625395,0.020939674,7.9413238,0.004589496,0.002832049,-0.004891634,0.0005147457122802734,0.004918642761287249,True
63440,-11,2.1974819,1.4823725,1,2,49.14799,111.46373,0.9972105,34.58591,1.484658,2.206337,36,13,1,7,0.010597479,0.009660218,5.5262175,0.00541834,0.0025333988,0.0022854805,0.008855104446411133,0.009145288166154685,True
63441,11,1.531125,2.421654,2,2,29.053574,164.59073,0.33455095,40.644733,2.424849,1.5151244,52,19,1,11,0.026039442,0.016294101,11.004028,0.0047810683,0.002996024,0.0031950474,0.01600050926208496,0.016316391278108612,True
63441,-11,-1.6325886,-2.4175615,1,2,29.053574,164.59073,0.13971151,32.882088,-2.4151926,-1.6235572,38,20,1,9,0.019611321,0.011572783,6.888424,0.0036456536,0.0027724737,0.002368927,0.009031414985656738,0.0093369305333031,True
63442,11,-0.4497406,1.8538274,2,2,48.95933,159.13895,0.29823166,53.702785,1.8554391,-0.44797176,41,16,1,11,0.013729855,0.011760239,7.097115,0.004612313,0.0027255402,0.0016117096,0.0017688274383544922,0.0023929810539177645,True
63442,-11,2.6681614,-1.8410357,1,2,48.95933,159.13895,0.04453897,63.010193,-1.8415865,2.6653624,32,18,1,11,0.01364911,0.012508542,5.915143,0.0046727145,0.002644081,-0.0005507469,0.0027990341186523438,0.002852702957681199,True
63443,-11,-2.9719162,2.2637727,1,2,37.680954,185.21872,0.9065629,42.364864,2.2664003,-2.9646368,42,28,1,9,0.028588386,0.029690677,23.236263,0.0060633896,0.003514462,0.0026276112,0.007279396057128906,0.0077391179929834145,True
63443,11,0.1894363,-2.286433,2,2,37.680954,185.21872,0.83789146,44.236633,-2.2870345,0.18482983,38,19,1,9,0.01932944,0.017220877,7.437497,0.004075692,0.00297455,-0.0006015301,0.004606470465660095,0.00464557946678521,True
63445,11,-2.191096,-2.906212,2,2,19.079527,177.88419,0.14186867,33.549503,-2.899026,-2.1683939,52,38,1,7,0.04195333,0.049367506,38.259396,0.0046054395,0.0030718055,0.0071861744,0.02270221710205078,0.023812428755575443,True
63445,-11,0.93029284,2.939658,1,2,19.079527,177.88419,0.24124333,20.755049,2.9371078,0.9506821,52,29,1,7,0.025609272,0.020728612,31.940683,0.0027501741,0.0020831046,-0.0025501251,0.020389258861541748,0.02054811463519641,True
63456,-11,-2.4785058,2.332883,1,2,64.58018,342.25073,0.030217139,79.920166,2.3355033,-2.4823406,45,19,1,11,0.019883344,0.019496806,11.5269785,0.0039699855,0.0027100607,0.0026204586,0.0038347244262695312,0.004644557530930694,True
63456,11,0.6737493,-2.3710315,2,2,64.58018,342.25073,0.14343522,83.25791,-2.3677483,0.6755167,45,20,1,9,0.019096838,0.021013452,6.869221,0.003707782,0.0027184146,0.0032832623,0.0017673969268798828,0.0037287401780976555,True
63457,11,-3.003788,1.999567,2,2,31.026379,118.47444,0.70704997,37.43725,2.0004694,-3.0048504,42,15,1,9,0.015688276,0.018003946,8.950164,0.004497039,0.0027873418,0.0009024143,0.0010623931884765625,0.0013939264310897388,True
63457,-11,0.10642304,-2.0316021,1,2,31.026379,118.47444,0.6423014,38.89658,-2.0325496,0.10109946,41,17,1,11,0.020521764,0.02078586,7.719242,0.005513329,0.0025217754,-0.00094747543,0.005323581397533417,0.005407238536717691,True
63458,-11,-1.0758457,2.4186962,1,2,33.09431,185.5445,0.5626409,47.095596,2.4135165,-1.0680444,52,24,1,9,0.037657827,0.027645731,12.279051,0.0069743623,0.0039043098,-0.0051796436,0.0078012943267822266,0.009364235195970915,True
63458,11,2.0853708,-2.3994937,2,2,33.09431,185.5445,0.24120326,41.351055,-2.4052572,2.0888004,46,27,1,9,0.023760129,0.020131778,11.445438,0.0043275007,0.0027488482,-0.0057635307,0.0034296512603759766,0.006706772251234208,True
63461,11,-2.6067224,1.5148662,2,2,63.429714,151.90912,0.28584978,67.53402,1.5169818,-2.604292,39,13,1,5,0.0115357,0.015522175,8.792144,0.0057206214,0.002283494,0.0021156073,0.002430438995361328,0.003222239542283308,True
63461,-11,0.508837,-1.524713,1,2,63.429714,151.90912,0.28888777,65.165855,-1.5263071,0.5095524,44,14,1,5,0.017389413,0.020406662,11.407873,0.009053103,0.0027012464,-0.0015940666,0.0007154345512390137,0.001747253555068654,True
63462,11,-2.9140615,2.0383708,2,2,78.73273,299.3119,0.32420588,87.804245,2.0376987,-2.9168627,40,22,1,11,0.020875312,0.017159387,9.038006,0.005537351,0.0031617244,-0.000672102,0.002801179885864258,0.0028806821791166463,True
63462,-11,0.2151136,-1.9840766,1,2,78.73273,299.3119,0.08759767,96.34514,-1.9867175,0.21089154,39,17,1,13,0.01610834,0.011860905,6.3335423,0.004616278,0.002678089,-0.0026408434,0.004222050309181213,0.004979936028145194,True
63464,-11,-0.035018906,1.4813554,1,2,75.2041,172.64247,0.9980962,6.4152775,1.4946307,-0.05163511,21,8,1,3,0.014250166,0.019724034,3.9567628,0.007395788,0.0043617887,0.013275266,0.016616202890872955,0.021268071962681254,True
63465,-11,1.7596295,2.4298897,1,2,2.6235344,14.866967,0.92643785,4.875704,2.4126024,1.7921946,43,22,1,7,0.04776461,0.022458285,18.433327,0.0089258,0.0034830563,-0.017287254,0.03256511688232422,0.036869174103048775,True
63465,11,-1.1367866,-2.4148953,2,2,2.6235344,14.866967,0.058486585,8.567053,-2.4448574,-1.096986,51,28,1,3,0.058292687,0.03570009,19.635885,0.010415558,0.005224255,-0.029962063,0.03980052471160889,0.049817737769502705,True
63466,11,1.3993472,-1.950235,2,2,3.4151073,12.086972,0.5151032,2.4989862,-1.9577836,1.3843133,31,17,1,5,0.048281644,0.022872578,13.705634,0.013596799,0.0031289838,-0.0075485706,0.015033841133117676,0.016822523565851285,True
63466,-11,-2.051666,1.9305704,1,2,3.4151073,12.086972,0.37408465,8.29073,1.9116082,-2.0427654,41,23,1,9,0.0397144,0.027823165,20.841682,0.0127468305,0.0052507343,-0.018962145,0.008900642395019531,0.020947180220157798,True
63467,-11,1.2129776,-1.6845002,1,2,15.066547,42.849297,0.5927438,11.2266445,-1.687403,1.1700842,42,16,1,7,0.023852043,0.022772972,16.00789,0.0097420355,0.0033285404,-0.0029027462,0.042893409729003906,0.04299151699612655,True
63467,11,-1.8391416,1.7285349,2,2,15.066547,42.849297,0.023257188,22.570568,1.7234312,-1.8423852,49,23,1,7,0.021194108,0.019126011,15.483709,0.008437068,0.0029011555,-0.0051037073,0.003243565559387207,0.006047193212756007,True
63468,11,2.9089324,2.9086676,2,2,14.735912,136.27554,0.5629964,20.35142,2.9210799,2.9190927,52,18,1,7,0.023831403,0.020316461,34.896626,0.002534211,0.0017260972,0.01241231,0.010160207748413086,0.01604042566082773,True
63468,-11,-0.2591082,-2.920632,1,2,14.735912,136.27554,0.68528825,16.207354,-2.9320261,-0.21579999,52,38,1,5,0.030606296,0.05904356,43.057297,0.0033362373,0.0022665726,-0.011394262,0.04330819845199585,0.04478201951938119,True
63469,-11,-2.5292351,2.8937469,1,2,25.34438,231.01585,0.99521255,29.18922,2.8856003,-2.5405977,50,36,1,7,0.0675183,0.01795386,26.908941,0.00792952,0.0024603412,-0.008146524,0.011362552642822266,0.013981182355334198,True
63469,11,0.6279837,-2.906422,2,2,25.34438,231.01585,0.5315914,26.26496,-2.9199429,0.6643599,52,33,1,7,0.031259686,0.05007933,40.530247,0.0033507557,0.0025241976,-0.013520956,0.036376237869262695,0.03880782048706185,True
63472,11,1.4171422,-2.791724,2,2,59.380756,496.23743,0.71720326,64.134445,-2.7974086,1.4088241,44,16,3,9,0.035487518,0.005404086,9.72809,0.004246935,0.00292507,-0.005684614,0.008318066596984863,0.010074972446265372,True
63472,-11,-1.7317169,2.8340018,1,2,59.380756,496.23743,0.025452323,68.09432,2.8256886,-1.7564018,49,23,1,9,0.02930736,0.005696404,11.467448,0.003624594,0.0020229414,-0.008313179,0.024684906005859375,0.026047140514124843,True
63477,11,1.1621484,2.1793802,2,2,93.67625,423.6982,0.577368,122.78119,2.1785827,1.1714002,45,19,1,9,0.021379732,0.014830339,6.5461555,0.00494096,0.0027048448,-0.00079751015,0.009251832962036133,0.00928614212642351,True
63477,-11,-1.988157,-2.2004924,1,2,93.67625,423.6982,0.32739753,114.200874,-2.19946,-1.9893909,49,26,1,11,0.017568368,0.016602896,8.307636,0.0040858435,0.0028437478,0.0010323524,0.001233816146850586,0.0016087429440742329,True
63478,11,-1.782023,2.523657,2,2,27.154255,169.23253,0.9432559,38.24941,2.5321484,-1.7900332,52,19,1,9,0.038355205,0.034537762,13.184305,0.006000594,0.0037367397,0.008491278,0.008010268211364746,0.011673311324884734,True
63479,11,2.73732,2.815026,2,2,10.331184,85.92163,0.35507822,18.990686,2.8261967,2.7524993,52,35,1,9,0.05505533,0.038720097,39.138565,0.0062035252,0.0032548355,0.011170626,0.01517939567565918,0.018846668933482108,True
63479,-11,-0.44626564,-2.8007371,1,2,10.331184,85.92163,0.9582989,17.978563,-2.7799525,-0.4322196,52,33,1,5,0.04359555,0.028610595,23.853865,0.0056411107,0.0031750947,0.020784616,0.014046043157577515,0.02508568556270944,True
63481,11,-2.9171436,-1.6332301,2,2,69.88267,189.04868,0.28156322,93.035515,-1.6350732,-2.9193544,43,29,1,7,0.015099213,0.017247679,10.353083,0.0067089284,0.0024658414,-0.0018430948,0.002210855484008789,0.00287834685320139,True
63481,-11,0.20402086,1.6718105,1,2,69.88267,189.04868,0.81776714,78.022095,1.6707684,0.19689688,39,17,1,7,0.0159889,0.012235765,9.11135,0.0068691703,0.00291613,-0.0010421276,0.007123976945877075,0.007199797040369393,True
63483,11,-0.23762171,2.7017462,2,2,6.8242373,49.88741,0.06520156,8.866849,2.7090285,-0.20958337,47,24,1,9,0.03460719,0.022230806,29.037737,0.00457264,0.0026748553,0.007282257,0.02803833782672882,0.028968597761474757,True
63483,-11,2.8314285,-2.6547098,1,2,6.8242373,49.88741,0.9333882,13.915685,-2.6438923,2.8509212,45,28,1,9,0.05448361,0.03052187,20.365023,0.00810426,0.0035098295,0.010817528,0.019492626190185547,0.02229307923901686,True
63484,-11,0.59702885,1.8638127,1,2,56.17173,185.45473,0.5779823,69.17135,1.8635973,0.59584844,43,20,1,13,0.0155111505,0.015632236,7.46119,0.005239369,0.0026266484,-0.00021541119,0.001180410385131836,0.0011999044363927686,True
63486,-11,-0.288222,-2.9325051,1,2,42.28889,396.4206,0.15830724,47.17839,-2.9211984,-0.29851508,51,32,1,13,0.045966454,0.010403439,16.608702,0.005244179,0.0027672767,0.011306763,0.01029309630393982,0.015290216289192575,True
63486,11,2.8624218,2.924003,2,2,42.28889,396.4206,0.21252099,47.40584,2.8976388,2.853232,52,20,1,13,0.04316791,0.029719668,24.3978,0.004861346,0.0038910422,-0.026364088,0.009189844131469727,0.027919856101151736,True
63488,11,-0.6272568,-1.5360996,2,2,49.91485,122.52058,0.5459509,53.712795,-1.537416,-0.6218389,29,12,1,7,0.008458238,0.02465544,4.914386,0.004190835,0.002821458,-0.0013164282,0.005417883396148682,0.005575521827149734,True
63488,-11,2.4822462,1.5576558,1,2,49.91485,122.52058,0.9860501,64.09618,1.5567476,2.4842334,40,13,1,9,0.010606373,0.0142566925,5.7776246,0.005095007,0.0026711095,-0.0009082556,0.0019872188568115234,0.002184940952054955,True
63490,11,-0.19211705,-1.9818366,2,2,34.08485,124.245804,0.56577426,37.924843,-1.9845879,-0.1905958,46,18,1,7,0.022250658,0.013963518,9.525475,0.006246401,0.0028790326,-0.0027513504,0.0015212446451187134,0.0031439011290857,True
63490,-11,2.9194603,1.9528455,1,2,34.08485,124.245804,0.3602437,47.24403,1.951767,2.917243,40,18,1,11,0.021117182,0.02339682,23.930462,0.006510344,0.0026794972,-0.0010784864,0.0022172927856445312,0.00246566832519277,True
63491,11,0.14030279,-3.0168574,2,2,11.048676,114.411156,0.46659324,2.104166,-2.9707968,0.12738656,51,8,1,5,0.023120293,0.03767914,72.21953,0.0022677414,0.0011807926,0.046060562,0.012916237115859985,0.04783727198304282,True
63492,11,2.6002111,-2.556663,2,2,34.07651,223.32355,0.9437374,54.339916,-2.562559,2.603582,52,29,1,7,0.035525102,0.024988268,14.391023,0.0055995,0.003359358,-0.005895853,0.0033707618713378906,0.006791400411246727,True
63492,-11,-0.55762523,2.5780535,1,2,34.07651,223.32355,0.1618044,48.86259,2.572328,-0.5641984,52,32,1,11,0.03589394,0.028607624,16.248386,0.0056115524,0.0037706331,-0.0057253838,0.006573140621185303,0.008717006170762563,True
63493,-11,-2.6926737,2.3461506,1,2,46.4509,245.56145,0.056431886,63.091972,2.3475583,-2.6931121,41,27,1,13,0.030570854,0.025093969,13.010858,0.006026171,0.0035083988,0.0014076233,0.00043845176696777344,0.0014743280779279833,True
63493,11,0.46373495,-2.3523393,2,2,46.4509,245.56145,0.8284886,62.46488,-2.3530738,0.4644392,49,28,1,9,0.034279685,0.019332897,13.462398,0.006780659,0.0024047438,-0.00073456764,0.0007042586803436279,0.0010176295543193107,True
63495,11,-1.6016902,-2.8542674,2,2,41.83549,368.73077,0.15611547,30.303278,-2.8350158,-1.6065766,52,27,1,13,0.0320889,0.019807005,12.989408,0.0039402284,0.0022951567,0.019251585,0.0048863887786865234,0.019862031871164924,True
63495,-11,1.5301136,2.8783586,1,2,41.83549,368.73077,0.2731353,49.66435,2.8823972,1.534297,51,15,1,11,0.02798912,0.011822566,13.395996,0.0032012316,0.0027082108,0.0040385723,0.004183411598205566,0.005814722634169455,True
63496,-11,2.2517185,2.6378288,1,2,89.01446,629.0459,0.395902,70.007835,2.6369977,2.2347095,43,26,1,11,0.028127916,0.013420182,11.062899,0.004206489,0.0025329872,-0.00083112717,0.01700901985168457,0.01702931380538589,True
63496,11,-0.8840809,-2.6492243,2,2,89.01446,629.0459,0.43941107,99.42046,-2.6504893,-0.87575233,47,26,1,11,0.021526154,0.022704024,10.574633,0.0030847597,0.0029137365,-0.001265049,0.008328557014465332,0.008424085164978,True
63499,11,-2.74895,1.6017143,2,2,86.49365,227.6611,0.99228114,87.926056,1.6021235,-2.7479784,47,21,1,9,0.0118887555,0.008966982,7.2921834,0.005553945,0.0026599723,0.0004092455,0.0009715557098388672,0.0010542307002013916,True
63499,-11,0.3755893,-1.6443145,1,2,86.49365,227.6611,0.9957896,102.382904,-1.642891,0.38521668,32,18,1,13,0.012445165,0.016137304,6.097034,0.005326178,0.0026681144,0.0014234781,0.009627372026443481,0.009732038954490476,True
63503,11,2.0787997,-1.8922013,2,2,66.91964,226.69095,0.5811944,87.57506,-1.8943616,2.080236,36,18,1,9,0.020823471,0.016598653,6.983718,0.006614033,0.0024505323,-0.0021603107,0.0014362335205078125,0.0025941683030565005,True
63503,-11,-1.0793799,1.8892385,1,2,66.91964,226.69095,0.11187917,84.12765,1.8885169,-1.0787997,52,20,1,9,0.013321882,0.012740821,9.703192,0.0043604127,0.0029397213,-0.00072157383,0.0005801916122436523,0.0009259001481499338,True
63504,11,-2.8448963,1.7445078,2,2,67.161545,197.54651,0.0013742722,86.77859,1.7449212,-2.8427794,37,17,1,9,0.012455358,0.02078076,7.5864086,0.004779661,0.0023776249,0.00041341782,0.0021169185638427734,0.0021569094780872003,True
63504,-11,0.27738434,-1.7390994,1,2,67.161545,197.54651,0.10604249,81.76851,-1.7413374,0.27345484,39,17,1,13,0.013673415,0.017811567,6.6073556,0.0052845357,0.0028870923,-0.0022380352,0.003929495811462402,0.004522138746319748,True
63508,-11,-0.38284224,1.871576,1,2,18.295483,60.558056,0.9693791,24.236176,1.8747795,-0.36765435,37,14,1,9,0.01598098,0.021424472,7.7760663,0.0051481416,0.0026861106,0.0032035112,0.015187889337539673,0.015522063876789555,True
63508,11,2.8209229,-1.8616692,2,2,18.295483,60.558056,0.35301378,23.024197,-1.8658044,2.825155,36,14,1,7,0.019132195,0.013711415,6.253412,0.0063864086,0.0029029665,-0.004135251,0.004232168197631836,0.005917055758220203,True
63509,-11,0.43661317,1.7661507,1,2,15.278885,46.092293,0.73093265,11.486845,1.7608339,0.4585583,45,14,1,9,0.023406493,0.018906288,10.05231,0.009091743,0.003714309,-0.0053168535,0.02194511890411377,0.02258001714806927,True
63509,11,-2.6224468,-1.7716868,2,2,15.278885,46.092293,0.45258954,12.549512,-1.7754087,-2.59761,32,15,1,7,0.01827662,0.01269747,7.3488803,0.0067053535,0.0029691753,-0.0037219524,0.02483677864074707,0.025114109651762428,True
63511,-11,-2.7773895,2.8127556,1,2,55.429096,450.87418,0.7414139,74.19536,2.8154128,-2.7826455,52,27,1,9,0.030489175,0.026487697,15.822332,0.003692014,0.002598236,0.002657175,0.005255937576293945,0.0058894362268608145,True
63511,11,0.37220284,-2.7588544,2,2,55.429096,450.87418,0.55021095,63.138287,-2.7538023,0.39107454,45,19,1,9,0.02197618,0.017922385,9.005558,0.002959431,0.00092058344,0.0050520897,0.018871694803237915,0.01953623491788348,True
63514,11,-0.75922424,2.8811116,2,2,45.131687,410.87302,0.7672171,36.796597,2.898732,-0.7484122,50,11,1,9,0.023237826,0.008346031,18.84491,0.0025256858,0.0017295579,0.017620325,0.010812044143676758,0.02067307788587515,True
63515,-11,-1.606728,1.8697507,1,2,21.700912,70.65666,0.45196256,23.2583,1.8692069,-1.6178623,42,16,1,7,0.019192245,0.023743074,8.163294,0.0063722464,0.003078716,-0.0005438328,0.01113438606262207,0.011147659264749352,True
63515,11,1.5882158,-1.8292725,2,2,21.700912,70.65666,0.9415676,26.959126,-1.8287275,1.5767094,34,17,1,9,0.015293061,0.013702821,5.8659234,0.0053248857,0.0032444652,0.0005450249,0.011506438255310059,0.01151933910578953,True
63516,-11,2.7947314,-2.3088925,1,2,80.52951,407.98788,0.85667807,91.49278,-2.306238,2.800101,51,23,1,11,0.020636348,0.019812416,8.138141,0.004329533,0.0027962208,0.0026545525,0.005369663238525391,0.005989985962352984,True
63516,11,-0.33795238,2.302875,2,2,80.52951,407.98788,0.8610857,94.720215,2.3082783,-0.34000722,50,23,1,9,0.022306763,0.01926643,10.652928,0.0046429117,0.003483673,0.0054032803,0.002054840326309204,0.005780813711554939,True
63517,11,1.2866385,-1.5396446,2,2,57.997086,139.73615,0.785121,50.61913,-1.5400106,1.2718372,51,13,1,7,0.010717283,0.015985323,13.646698,0.0053014583,0.0026775913,-0.00036597252,0.014801263809204102,0.01480578759250113,True
63517,-11,-1.8831966,1.5133625,1,2,57.997086,139.73615,0.8533368,52.70934,1.5161117,-1.8745309,25,13,1,7,0.010580327,0.012185795,5.089195,0.0053255004,0.0032403572,0.0027492046,0.008665680885314941,0.009091322856316591,True
63519,11,2.556345,-2.0543149,2,2,41.83832,167.64719,0.14426892,56.04321,-2.052043,2.556058,43,21,1,11,0.02090427,0.016231176,8.152618,0.0057970197,0.0031263907,0.0022718906,0.00028705596923828125,0.0022899537449318492,True
63519,-11,-0.6073619,2.0763562,1,2,41.83832,167.64719,0.75026804,51.007046,2.078688,-0.6170849,45,21,1,9,0.018182477,0.028674932,11.388197,0.004785962,0.0029068824,0.0023317337,0.009723007678985596,0.009998692934087883,True
63520,11,-0.3930935,-2.1460204,2,2,73.367134,314.2733,0.71365875,96.55094,-2.1432743,-0.3992771,44,26,1,9,0.019755227,0.015441824,10.284999,0.0048898947,0.002794039,0.0027461052,0.006183594465255737,0.00676593925633283,True
63520,-11,2.7367423,2.1221888,1,2,73.367134,314.2733,0.9373019,91.22718,2.1220255,2.7398438,40,18,1,9,0.020082008,0.015010876,7.1853366,0.004993834,0.0029781496,-0.00016331673,0.0031015872955322266,0.0031058841100436883,True
63522,11,1.5667491,-2.3767743,2,2,76.20117,415.22357,0.32012817,87.480034,-2.3798766,1.5643741,46,20,1,13,0.023618326,0.016611924,8.820466,0.0045104926,0.0030537255,-0.0031023026,0.002375006675720215,0.0039070369628823615,True
63526,11,-2.6209621,-1.706297,2,2,62.560337,181.32283,0.36154738,78.56631,-1.7091656,-2.6218376,32,18,1,9,0.012344277,0.012695356,6.117361,0.0049492577,0.0027356434,-0.0028685331,0.0008754730224609375,0.0029991557716036563,True
63526,-11,0.499527,1.7464399,1,2,62.560337,181.32283,0.96747345,77.1822,1.745565,0.5022495,35,17,1,9,0.015198523,0.015529466,8.558484,0.0057360446,0.0031679089,-0.000874877,0.0027224719524383545,0.0028595914464763362,True
63528,-11,-1.3617625,-1.5884625,1,2,13.738101,34.874897,0.50123274,17.891356,-1.587036,-1.3666878,52,12,1,7,0.02457109,0.02439405,41.210026,0.011746414,0.003192661,0.0014264584,0.004925251007080078,0.005127658420291804,True
63528,11,1.8918625,1.5794793,2,2,13.738101,34.874897,0.913784,9.993559,1.583121,1.8430451,49,15,1,5,0.023963999,0.0186876,16.862919,0.010960106,0.0025971048,0.0036416054,0.04881739616394043,0.04895303318205078,True
63529,-11,3.0131302,2.7758117,1,2,75.44624,607.1235,0.62609446,92.87934,2.7740955,3.0239027,52,31,1,11,0.04007624,0.021550363,21.543648,0.0047401357,0.0028083492,-0.0017161369,0.010772466659545898,0.01090830710521494,True
63529,11,-0.12254538,-2.7733445,2,2,75.44624,607.1235,0.5377841,84.541794,-2.7859094,-0.12956332,52,17,1,9,0.052457128,0.02029425,27.317335,0.0061430163,0.003241181,-0.012564898,0.007017940282821655,0.014391947021190836,True
63533,11,0.38184077,2.8182168,2,2,66.64067,563.61847,0.8205991,76.00791,2.8099625,0.39466682,52,24,1,9,0.026359977,0.0029105667,11.859222,0.0031033587,0.0021251976,-0.00825429,0.01282605528831482,0.015252573258141031,True
63536,11,2.7774556,-2.7223368,2,2,75.01423,575.5668,0.350493,97.272026,-2.7167685,2.789578,45,31,1,9,0.030859651,0.020247879,12.251979,0.0041804602,0.0024100998,0.005568266,0.012122392654418945,0.013340089487932654,True
63536,-11,-0.37038693,2.7307866,1,2,75.01423,575.5668,0.89745134,93.86227,2.7190592,-0.3589675,47,22,1,11,0.028105162,0.018815251,22.094156,0.0038187308,0.0026301998,-0.011727333,0.011419415473937988,0.016368670983455177,True
63537,-11,0.923903,2.4231884,1,2,31.144817,180.88551,0.6153073,40.11282,2.4325624,0.90566033,52,38,1,9,0.028312607,0.02953766,29.322685,0.005158292,0.0027558194,0.009373903,0.01824265718460083,0.020510109714849227,True
63537,11,-2.1975694,-2.4670854,2,2,31.144817,180.88551,0.40876347,47.651333,-2.4740736,-2.1965003,52,28,1,9,0.05300875,0.029860998,20.817726,0.009077794,0.0034159312,-0.006988287,0.0010690689086914062,0.007069587192923901,True
63539,11,2.1354814,1.4988474,2,2,52.736027,123.07645,0.7038976,56.090466,1.5009811,2.1382442,36,13,1,5,0.007992716,0.012994727,5.954983,0.0040892633,0.0026094015,0.002133727,0.0027627944946289062,0.003490820067539675,True
63539,-11,-1.0384035,-1.4837619,1,2,52.736027,123.07645,0.8359788,9.308791,-1.4942079,-1.0547557,47,10,1,3,0.022923555,0.027922884,21.795424,0.0122275865,0.0034771964,-0.010445952,0.016352176666259766,0.01940390691820162,True
63540,-11,-0.22351904,2.158106,1,2,79.788574,347.83536,0.34856325,99.78812,2.1570082,-0.23220254,42,21,1,11,0.019070236,0.018818146,8.312184,0.0047259405,0.002403942,-0.0010979176,0.008683502674102783,0.00875263626547765,True
63540,11,2.9286907,-2.1460903,2,2,79.788574,347.83536,0.9936687,98.145294,-2.1469488,2.9258344,35,19,1,9,0.018489921,0.016254514,6.4362974,0.004509747,0.0031514799,-0.0008585453,0.0028562545776367188,0.0029824973177131273,True
63542,-11,0.7024293,1.6966355,1,2,6.004621,17.060898,0.0,13.1013155,1.7123929,0.69738823,50,17,1,5,0.03454735,0.031493958,32.34428,0.013065601,0.0028827852,0.015757442,0.005041062831878662,0.016544161707572405,True
63543,11,3.035161,1.6389601,2,2,4.884487,12.794492,0.6253619,3.8045459,1.6111523,3.044715,31,17,1,9,0.040356703,0.030661957,10.561215,0.018453721,0.0046150023,-0.027807832,0.009553909301757812,0.029403276804379146,True
63543,-11,-0.41000643,-1.6036057,1,2,4.884487,12.794492,0.49069118,6.9771867,-1.6064489,-0.42351753,36,11,1,7,0.020578697,0.019001931,6.984269,0.00947666,0.004116171,-0.0028431416,0.013511091470718384,0.013806992686108768,True
63544,-11,2.186624,1.5111172,1,2,10.278996,23.672195,0.0896807,10.90702,1.5179647,2.1755304,43,14,1,3,0.022514405,0.023721386,13.944967,0.011114362,0.002690334,0.006847501,0.011093616485595703,0.01303674019245777,True
63547,-11,-2.287825,1.9363401,1,2,52.216908,184.41281,0.42329565,63.34968,1.9398257,-2.2871053,42,17,1,9,0.014703585,0.02116647,7.10028,0.0045436244,0.0022419877,0.0034855604,0.0007197856903076172,0.0035591041878773773,True
63547,11,0.8740812,-1.9321835,2,2,52.216908,184.41281,0.19350633,67.55268,-1.9321439,0.8767266,47,15,1,11,0.01550815,0.015125118,8.419556,0.004775792,0.0026640436,3.9577484e-05,0.002645432949066162,0.0026457289856020817,True
63548,-11,-0.66968346,-1.8734965,1,2,37.34171,122.123924,0.7694874,48.166588,-1.8762462,-0.67366695,51,16,1,9,0.015866274,0.018232273,9.46583,0.005151404,0.0029283122,-0.0027496815,0.003983497619628906,0.004840351374692347,True
63548,11,2.50278,1.8346803,2,2,37.34171,122.123924,0.13296074,49.955437,1.8359727,2.5010862,44,17,1,7,0.014221512,0.015005588,8.568109,0.0049795243,0.0023821823,0.0012923479,0.0016937255859375,0.0021304622647707687,True
63552,-11,-1.5673085,-2.9563115,1,2,86.54404,834.33026,0.9864953,86.42625,-2.9466739,-1.5638934,50,12,1,11,0.025596293,0.002203115,8.746777,0.002716478,0.002428175,0.009637594,0.0034151077270507812,0.010224782836209733,True
63552,11,1.5787245,2.9565341,2,2,86.54404,834.33026,0.10761655,83.808945,2.9579582,1.5985237,52,33,1,11,0.021113092,0.013270934,14.281149,0.0021869196,0.0017366394,0.0014240742,0.019799232482910156,0.01985038020053046,True
63556,-11,1.141565,1.6272246,1,2,62.081097,165.47493,0.9986513,65.36728,1.6282256,1.1512859,44,21,1,9,0.012297723,0.014263731,6.6519284,0.0053964434,0.0030560235,0.0010010004,0.009720921516418457,0.009772324028790755,True
63556,11,-1.976622,-1.6455615,2,2,62.081097,165.47493,0.10527498,69.10474,-1.6452229,-1.9757745,36,17,1,9,0.013817265,0.013115344,6.678012,0.0060040704,0.0027974343,0.00033855438,0.0008474588394165039,0.0009125818069061541,True
63560,11,-1.7007805,-1.6350132,2,2,91.51218,248.96324,0.9863736,106.928764,-1.6359081,-1.7053078,35,17,1,9,0.010202078,0.015196999,6.1572604,0.004420271,0.0026478418,-0.00089490414,0.00452733039855957,0.004614929461792216,True
63560,-11,1.4253125,1.6823915,1,2,91.51218,248.96324,0.9275292,112.97114,1.6831425,1.4264618,39,21,1,11,0.013378432,0.01540013,6.507256,0.0055024084,0.003090506,0.0007510185,0.001149296760559082,0.0013729209254279605,True
63814,-11,-2.0345235,-2.6926682,1,2,28.24835,214.29092,0.6594634,39.741337,-2.6921227,-2.0351048,48,23,1,7,0.02181252,0.022796605,13.314366,0.0029264777,0.0020642772,0.0005455017,0.0005812644958496094,0.0007971452368547242,True
63814,11,1.1239483,2.738031,2,2,28.24835,214.29092,0.6666598,45.245544,2.7279782,1.114082,51,28,1,7,0.046872403,0.038955897,16.294209,0.0063767694,0.0033583923,-0.010052681,0.00986635684967041,0.014085502875113442,True
63817,11,2.8773952,-1.7779944,2,2,63.67834,192.52222,0.37938347,77.40121,-1.7780055,2.8797667,48,23,1,9,0.019614415,0.015437804,9.200751,0.0072700325,0.0028879596,-1.1086464e-05,0.002371549606323242,0.0023715755195511607,True
63817,-11,-0.28396022,1.7640305,1,2,63.67834,192.52222,0.4385997,69.57892,1.7649467,-0.28601238,38,24,1,7,0.013688318,0.011383661,7.6500053,0.00514289,0.0028536345,0.0009162426,0.0020521581172943115,0.002247410385197191,True
63822,-11,0.366398,-1.562256,1,2,78.190346,197.06699,0.025556006,92.79156,-1.5629795,0.36760107,29,15,1,9,0.008392935,0.00928648,5.339788,0.0040301997,0.0022811862,-0.0007234812,0.0012030601501464844,0.0014038442670005762,True
63822,11,-2.7553437,1.5892804,2,2,78.190346,197.06699,0.37494296,95.795456,1.5882711,-2.753635,46,16,1,7,0.012955782,0.011576681,8.36728,0.006303812,0.0030604922,-0.0010092258,0.0017087459564208984,0.001984527524031189,True
63825,-11,-2.4394555,-1.5678548,1,2,48.543945,122.30537,0.9877791,49.828182,-1.570656,-2.4314032,30,16,1,11,0.012357904,0.013580684,5.47715,0.005787809,0.0029685274,-0.00280118,0.008052349090576172,0.008525663318908232,True
63825,11,0.7341193,1.5828162,2,2,48.543945,122.30537,0.6182623,49.898224,1.5851246,0.7473956,37,18,1,7,0.013693433,0.021763586,7.270496,0.0061639203,0.002696157,0.0023083687,0.013276278972625732,0.013475464708410817,True
63827,11,-1.8305212,2.6131067,2,2,79.23629,551.881,0.25497362,89.1652,2.6168587,-1.8418775,44,25,1,11,0.03224147,0.028304813,10.387977,0.0046015717,0.0030158658,0.0037519932,0.011356234550476074,0.011959996485210879,True
63827,-11,1.3046173,-2.6448598,1,2,79.23629,551.881,0.5937934,97.95056,-2.6421244,1.3083504,52,34,1,11,0.03563272,0.027802195,18.445812,0.0052277106,0.003215412,0.0027353764,0.0037331581115722656,0.004628039892787878,True
63828,-11,-1.094782,-2.8180916,1,2,71.56759,589.27673,0.15181811,100.61904,-2.82139,-1.1091584,52,38,1,9,0.041406307,0.04553618,21.536137,0.004873692,0.0035781532,-0.0032982826,0.014376401901245117,0.01474990168312501,True
63834,11,0.60698736,-2.2279902,2,2,84.02236,397.4581,0.0111232875,114.949646,-2.2291405,0.5982671,47,25,1,11,0.028952353,0.023449067,10.602479,0.006250852,0.0027480153,-0.0011503696,0.0087202787399292,0.00879582921408972,True
63834,-11,-2.543857,2.2436612,1,2,84.02236,397.4581,0.5960167,98.367355,2.2439525,-2.5443416,42,20,1,11,0.016783515,0.018560374,6.8208632,0.0037097204,0.002827796,0.0002913475,0.000484466552734375,0.000565323985523763,True
63836,-11,-0.2453021,-1.7142841,1,2,87.38774,253.38931,0.8270765,90.48389,-1.715311,-0.2527197,38,16,1,9,0.010903638,0.02147934,6.8953676,0.004341852,0.0026718802,-0.001026988,0.007417604327201843,0.007488361526623018,True
63836,11,2.9113874,1.7390428,2,2,87.38774,253.38931,0.72393656,103.92744,1.7396474,2.912808,41,16,1,9,0.016336232,0.014365286,8.816104,0.0061464887,0.0027533718,0.0006046295,0.0014204978942871094,0.0015438235391455693,True
63837,-11,-2.9732873,-1.9957258,1,2,52.227814,198.05241,0.20650093,63.344112,-1.9962544,-2.9757266,34,18,1,9,0.014213542,0.013833909,7.9438505,0.0041274284,0.0027479064,-0.0005286932,0.002439260482788086,0.002495898272669848,True
63839,-11,2.3239026,-2.9853709,1,2,54.90029,544.08984,0.90270466,49.647053,-2.9790595,2.324339,50,15,3,9,0.021131635,0.0074607986,12.656106,0.002183288,0.0020712926,0.0063114166,0.0004363059997558594,0.0063264794911606515,True
63839,11,-0.8111466,2.9830103,2,2,54.90029,544.08984,0.24345304,41.360573,3.0017135,-0.8200502,50,7,3,11,0.014557897,0.010885003,18.360455,0.0014648993,0.00016580765,0.018703222,0.008903563022613525,0.020714341796968957,True
63841,11,-0.8184423,2.3847604,2,2,23.654806,130.14618,0.94067705,27.626648,2.3794112,-0.81956047,40,18,1,11,0.022494694,0.021068463,8.524698,0.0043984293,0.0025476727,-0.0053491592,0.0011181831359863281,0.005464781532569999,True
63841,-11,2.2950768,-2.395084,1,2,23.654806,130.14618,0.0,35.63655,-2.396025,2.288353,41,27,1,9,0.032140717,0.025460407,12.023356,0.005909688,0.003674483,-0.00094103813,0.006723880767822266,0.006789412739348645,True
63842,11,2.951623,2.7850397,2,2,31.140871,251.84398,0.501659,45.31811,2.7995648,2.9532106,52,31,1,11,0.05753029,0.019627133,19.79462,0.006534245,0.0024490275,0.014525175,0.0015876293182373047,0.014611682892807377,True
63842,-11,-0.20435299,-2.7741897,1,2,31.140871,251.84398,0.4494234,31.679218,-2.785104,-0.21717454,50,26,1,11,0.03431416,0.0271,21.740696,0.0040128073,0.0017940185,-0.010914326,0.012821555137634277,0.016837897296031735,True
63843,-11,1.8201978,2.1158407,1,2,87.36677,364.35043,0.26081446,103.54079,2.1176455,1.8229223,44,22,1,11,0.01716146,0.017331364,7.455619,0.004240218,0.0028149448,0.0018048286,0.0027245283126831055,0.003268097452660885,True
63843,11,-1.3112713,-2.09717,2,2,87.36677,364.35043,0.48679033,110.60652,-2.096812,-1.3088933,45,25,1,9,0.019773677,0.013912635,8.119296,0.0051299976,0.002907332,0.0003581047,0.0023779869079589844,0.0024047995165393703,True
63844,11,-1.6031952,1.6451168,2,2,61.960903,166.05598,0.608732,70.58679,1.64525,-1.5995921,39,20,1,11,0.012718156,0.016693497,7.555561,0.005489465,0.0026678212,0.00013315678,0.0036031007766723633,0.0036055604188483296,True
63844,-11,1.5150696,-1.6393145,1,2,61.960903,166.05598,0.11929079,76.281784,-1.6409942,1.5159011,51,14,1,7,0.014211011,0.012018305,6.5590434,0.0061927238,0.0024973867,-0.0016796589,0.0008314847946166992,0.0018741987335446715,True
63847,-11,-0.05715592,-2.0929103,1,2,7.65484,31.701588,0.94969994,4.594058,-2.0897772,-0.050845098,43,14,1,5,0.028521925,0.013301234,16.369366,0.007300762,0.0042416262,0.0031330585,0.006310820579528809,0.0070457442935391084,True
63847,11,-3.0821235,2.1067889,2,2,7.65484,31.701588,0.3331859,8.441115,2.100962,-3.061856,27,14,1,7,0.02012943,0.021023557,6.1088557,0.005253076,0.0031997932,-0.00582695,0.020267486572265625,0.02108848878210633,True
63854,-11,-1.7069851,2.850449,1,2,47.110188,403.5501,0.69171673,54.33434,2.8545978,-1.7062956,51,13,1,9,0.034560964,0.004258279,12.756813,0.0042830794,0.0019181701,0.0041487217,0.0006895065307617188,0.004205628586874066,True
63856,-11,-2.6464124,-2.0331473,1,2,64.14304,243.03201,0.7608697,83.122925,-2.0385506,-2.6554434,45,21,1,11,0.020755377,0.021093138,7.828843,0.005613724,0.0024891978,-0.0054032803,0.009031057357788086,0.010524040830438345,True
63856,11,0.51048946,1.9822632,2,2,64.14304,243.03201,0.007943747,81.06434,1.9851034,0.50829446,43,29,1,11,0.020160247,0.01970719,8.983022,0.005709232,0.00297286,0.0028401613,0.002195000648498535,0.0035895047891345397,True
63859,-11,-0.828011,-2.3802733,1,2,41.49933,224.07999,0.8387175,46.98673,-2.3815222,-0.8513988,42,20,1,9,0.032409582,0.02160755,9.008665,0.0062805214,0.0035572182,-0.0012488365,0.0233878493309021,0.02342116754075263,True
63859,11,2.3298576,2.3614142,2,2,41.49933,224.07999,0.9352123,57.116558,2.3679938,2.3160908,43,29,1,13,0.039899435,0.025341295,13.549172,0.0073294956,0.0028825507,0.0065796375,0.013766765594482422,0.015258291720689448,True
63861,-11,2.8953702,2.5623941,1,2,12.721032,82.29885,0.84738636,27.012684,2.5369625,2.9094207,51,25,1,7,0.044110227,0.03968723,20.313803,0.007268527,0.0037943479,-0.025431633,0.014050483703613281,0.029054845645694525,True
63861,11,-0.20212163,-2.5462754,2,2,12.721032,82.29885,0.83269495,26.198748,-2.5623384,-0.17386594,48,29,1,7,0.04513135,0.06525291,19.257437,0.006942786,0.00376676,-0.016062975,0.028255686163902283,0.03250235323012825,True
63862,11,2.910011,-1.9134074,2,2,56.6791,193.8788,0.60691357,67.17637,-1.9136089,2.9096463,41,17,1,11,0.013904466,0.014555077,7.8284516,0.0044135274,0.0025939061,-0.0002014637,0.0003647804260253906,0.00041671618802651994,True
63862,-11,-0.25094473,1.8885765,1,2,56.6791,193.8788,0.9887658,69.587204,1.887606,-0.25085056,41,15,1,7,0.017530527,0.021079661,7.695323,0.00591422,0.0023908122,-0.0009704828,9.417533874511719e-05,0.000975041484363573,True
63865,11,0.10850592,-2.4028034,2,2,41.346523,235.17903,0.08393046,58.14186,-2.4060745,0.10856151,42,21,1,9,0.027317403,0.029569985,8.350817,0.0050398586,0.0025453935,-0.003271103,5.558878183364868e-05,0.0032715752061589646,True
63865,-11,-3.0485587,2.4450593,1,2,41.346523,235.17903,0.66742265,44.09778,2.431972,-3.0587306,43,25,1,7,0.03274744,0.022213873,9.933042,0.0061060856,0.0028179928,-0.013087273,0.010171890258789062,0.016575405366470716,True
63868,11,1.0358064,2.840094,2,2,70.04269,615.0731,0.9868847,91.72734,2.8366787,1.0272772,52,25,1,9,0.035335474,0.017218357,12.630897,0.0043619256,0.0026384182,-0.0034153461,0.008529186248779297,0.009187578993333265,True
63868,-11,-2.1117013,-2.885485,1,2,70.04269,615.0731,0.23563606,87.86681,-2.8867438,-2.1150765,52,38,1,9,0.029072627,0.020155076,26.102606,0.0032320465,0.00246755,-0.0012588501,0.0033752918243408203,0.0036024017638002473,True
63869,-11,1.3126928,-2.0985491,1,2,5.6032596,23.083435,0.8488779,7.0957766,-2.0824792,1.3554986,43,18,1,5,0.04062158,0.025894556,23.168983,0.010699928,0.0034139382,0.016069889,0.04280579090118408,0.045722828851906025,True
63869,11,-1.6686877,2.091247,2,2,5.6032596,23.083435,0.011956759,9.237864,2.0909603,-1.6633023,36,17,1,7,0.02421316,0.022793943,12.267358,0.0061749564,0.0035367217,-0.00028681755,0.005385398864746094,0.005393031173632751,True
63871,11,-2.95515,1.5519519,2,2,49.70961,121.27888,0.011101343,63.78824,1.5533247,-2.9539502,39,16,1,9,0.009969586,0.011991081,6.446045,0.0047998475,0.0028785383,0.0013728142,0.0011997222900390625,0.0018231709579235949,True
63872,11,2.7461302,-2.8487287,2,2,45.27818,391.09988,0.8752211,52.584213,-2.858982,2.753603,51,37,1,13,0.038314022,0.01276962,17.317488,0.0043684077,0.0023026464,-0.010253429,0.0074727535247802734,0.0126875868367027,True
63872,-11,-0.4046729,2.8431208,1,2,45.27818,391.09988,0.9256123,66.50441,2.8384206,-0.4021545,52,38,1,11,0.050568223,0.033310384,18.227737,0.006318045,0.002709734,-0.004700184,0.002518385648727417,0.005332353555906363,True
63875,-11,0.91383004,2.3795447,1,2,52.72323,290.19064,0.36876228,61.78269,2.3729258,0.9200762,41,19,1,11,0.020863883,0.01409962,8.422331,0.004158209,0.0024165632,-0.0066189766,0.00624614953994751,0.009100837048696532,True
63875,11,-2.2151825,-2.4011362,2,2,52.72323,290.19064,0.2438597,63.939728,-2.4022589,-2.2081187,42,28,1,9,0.026210684,0.016545665,10.569726,0.0047697714,0.0028454422,-0.0011227131,0.007063865661621094,0.007152529811806029,True
63877,11,1.9884996,2.942337,2,2,19.321339,182.16669,0.8654681,13.79376,2.9315453,1.9501082,52,26,1,15,0.02772695,0.026931962,32.88448,0.0030006412,0.0018387415,-0.010791779,0.03839147090911865,0.03987941227187148,True
63877,-11,-1.1728009,-2.9258354,1,2,19.321339,182.16669,0.9601925,24.144567,-2.9150531,-1.200469,52,33,1,7,0.04261894,0.015389766,26.799307,0.004861532,0.0019495689,0.010782242,0.027668118476867676,0.029694806197460906,True
63878,-11,-2.8233428,-1.7430532,1,2,14.642065,43.32365,0.7487679,11.352239,-1.7467158,-2.7879314,32,16,1,9,0.01833788,0.016699687,7.3529997,0.006831634,0.002949161,-0.0036625862,0.03541135787963867,0.035600264105958054,True
63878,11,0.4062763,1.7537632,2,2,14.642065,43.32365,0.117093086,26.23492,1.7606924,0.4123957,36,22,1,7,0.020211374,0.022926018,10.326183,0.007592181,0.0041204407,0.006929159,0.006119400262832642,0.009244474412068751,True
63879,11,-2.6807992,2.261266,2,2,37.616833,183.75612,0.028766176,56.173607,2.2530985,-2.677538,46,24,1,9,0.03268696,0.030861828,11.200004,0.0072135366,0.0025981483,-0.008167505,0.0032613277435302734,0.008794566448493373,True
63879,-11,0.44089124,-2.2761457,1,2,37.616833,183.75612,0.061948024,44.52422,-2.272692,0.44449237,41,21,1,9,0.020267475,0.016360708,10.215042,0.0042978413,0.0027810384,0.0034537315,0.0036011338233947754,0.004989631861707003,True
63880,-11,-1.2968614,1.8191812,1,2,66.47046,211.57654,0.10431459,82.73451,1.8202082,-1.3031113,41,27,1,9,0.017275985,0.018142464,7.2582445,0.0061669056,0.0026002736,0.001026988,0.006249904632568359,0.006333720258638185,True
63880,11,1.8626083,-1.8315568,2,2,66.47046,211.57654,0.95755726,76.42357,-1.8303545,1.8540206,49,17,1,11,0.016230527,0.01171391,6.292446,0.005752685,0.002857868,0.0012023449,0.00858771800994873,0.008671478178872746,True
63881,11,-0.66172904,-2.7475243,2,2,42.34001,328.7272,0.9897097,60.476906,-2.7500806,-0.6601907,48,31,1,9,0.035645083,0.032356936,16.094711,0.004657058,0.0031326052,-0.002556324,0.0015383362770080566,0.0029834997390604276,True
63881,-11,2.4688902,2.7295084,1,2,42.34001,328.7272,0.3210136,59.984158,2.7150924,2.451056,52,38,1,9,0.041930232,0.021431163,19.902218,0.0057858396,0.002159536,-0.014415979,0.017834186553955078,0.022932044526536348,True
63882,11,-0.6648124,-2.1622128,2,2,10.614672,47.134457,0.29841548,16.017443,-2.1545734,-0.6526206,38,20,1,5,0.029280167,0.030318737,11.952158,0.0071650543,0.002719629,0.007639408,0.0121917724609375,0.014387490178138989,True
63882,-11,2.3987012,2.1803505,1,2,10.614672,47.134457,0.8188642,10.410918,2.1776373,2.433722,45,19,1,9,0.022361774,0.023124954,11.452819,0.0053377855,0.0035109078,-0.0027132034,0.03502082824707031,0.0351257723611071,True
63883,-11,2.65373,-2.209906,1,2,28.66891,133.5644,0.37170836,36.242416,-2.2094073,2.663348,52,20,1,7,0.022766273,0.018117066,8.80753,0.0052916887,0.0024893899,0.00049877167,0.009618043899536133,0.009630967844909745,True
63886,11,0.6910056,1.68355,2,2,26.864578,74.70879,0.90415335,27.401989,1.6845971,0.6708634,36,16,1,7,0.01803051,0.012781342,7.3659453,0.007489206,0.0027354215,0.0010471344,0.020142197608947754,0.020169397982298255,True
63886,-11,-2.502057,-1.6805004,1,2,26.864578,74.70879,0.015434128,33.082275,-1.6793479,-2.504445,36,18,1,11,0.016951289,0.012042049,8.552117,0.007068099,0.004128029,0.0011525154,0.00238800048828125,0.002651572760738969,True
63894,-11,0.5858024,2.536016,1,2,24.921082,156.98216,0.18184511,36.041504,2.5424688,0.593165,43,23,1,9,0.024484118,0.028763542,10.436653,0.0038191925,0.0019013068,0.006452799,0.0073626041412353516,0.009790125305958162,True
63894,11,-2.532659,-2.5185168,2,2,24.921082,156.98216,0.7388697,37.23879,-2.5290143,-2.5427034,50,27,1,5,0.048395805,0.014680777,21.274176,0.0074730557,0.00277042,-0.01049757,0.010044336318969727,0.014528856409249644,True
63895,11,2.4048095,2.1875207,2,2,75.92346,340.29742,0.96056056,100.825,2.1905527,2.4103456,45,24,1,9,0.022432229,0.027772468,9.995177,0.0051552607,0.0029326663,0.003031969,0.005536079406738281,0.006311973703976236,True
63895,-11,-0.7475965,-2.1736567,1,2,75.92346,340.29742,0.8423808,91.41009,-2.1743765,-0.74361306,40,22,1,9,0.021280823,0.02073938,7.3676925,0.0049370057,0.0030337232,-0.0007197857,0.003983438014984131,0.004047946375533194,True
63896,-11,0.054655775,-2.5722744,1,2,96.12094,641.4626,0.8077881,120.11589,-2.5722892,0.06410103,49,33,1,9,0.026756467,0.017209442,14.615508,0.0040778583,0.0030908512,-1.4781952e-05,0.009445257484912872,0.009445269051880138,True
63896,11,-3.0812645,2.5991743,2,2,96.12094,641.4626,0.44333652,116.11109,2.5996869,-3.0772896,51,24,1,11,0.023555296,0.021889588,16.943321,0.003657045,0.0021538688,0.00051259995,0.00397491455078125,0.004007830384347196,True
63897,-11,-2.1693847,1.9232154,1,2,50.098236,174.0092,0.30452698,53.951546,1.9245112,-2.175727,43,23,1,11,0.018387882,0.015620247,7.9804926,0.0057017975,0.002887456,0.001295805,0.006342172622680664,0.00647319581493835,True
63897,11,0.9937309,-1.9106102,2,2,50.098236,174.0092,0.45149052,67.017166,-1.9106653,0.99505293,49,18,1,9,0.01370276,0.013105749,10.250883,0.004276925,0.0025360726,-5.507469e-05,0.001322031021118164,0.0013231777063087812,True
63898,-11,0.19502625,-2.853142,1,2,45.91767,406.6363,0.17947342,54.77909,-2.8521175,0.19798166,52,38,1,9,0.043124553,0.022487454,27.596012,0.0050765537,0.0032454864,0.0010244846,0.002955406904220581,0.003127938407128849,True
63900,11,-1.9738344,-2.333192,2,2,86.69658,451.26202,0.08469897,104.070946,-2.3384306,-1.9746904,49,23,1,11,0.028314708,0.028592978,8.856449,0.0056519806,0.0025933343,-0.005238533,0.0008560419082641602,0.005308016111603731,True
63900,-11,1.1595906,2.333659,1,2,86.69658,451.26202,0.6417648,102.7486,2.3327029,1.1575458,52,27,1,9,0.027428212,0.014840931,8.321831,0.005225808,0.0029811433,-0.0009560585,0.0020447969436645508,0.0022572643621081617,True
63902,11,-3.023637,-2.6644392,2,2,94.60913,679.6587,0.5383771,112.60517,-2.663205,-3.0130024,41,24,1,9,0.022605918,0.009984982,7.537121,0.003267994,0.0015218663,0.001234293,0.010634660720825195,0.010706049120034531,True
63903,11,2.723312,2.1168218,2,2,92.062614,396.35522,0.21787262,120.722176,2.1182587,2.7204099,44,23,1,11,0.020481147,0.014476741,7.3575745,0.0050976775,0.0028817193,0.0014369488,0.0029020309448242188,0.00323830284770067,True
63903,-11,-0.42760992,-2.1621826,1,2,92.062614,396.35522,0.9089282,109.78404,-2.1600192,-0.42347625,39,21,1,9,0.016222982,0.015453372,6.157516,0.00392637,0.002640655,0.0021634102,0.004133671522140503,0.004665574312106863,True
63905,11,-1.9193246,2.4717023,2,2,41.740948,244.7545,0.33573332,60.784824,2.462398,-1.9222226,52,26,1,9,0.035958156,0.02565663,13.461792,0.006145084,0.0023969463,-0.009304285,0.002897977828979492,0.009745152514999805,True
63905,-11,1.2074214,-2.437754,1,2,41.740948,244.7545,0.9480678,54.99287,-2.4323373,1.2113619,41,27,1,9,0.022171875,0.01875713,9.222938,0.0040724874,0.0023951528,0.0054166317,0.003940463066101074,0.006698294415508515,True
63908,11,2.8840475,2.1965137,2,2,81.62628,366.04123,0.6425668,105.990746,2.195086,2.8848228,42,23,1,9,0.026465593,0.019119529,10.114148,0.0063079656,0.0024776072,-0.0014276505,0.0007753372192382812,0.0016246026023805326,True
63908,-11,-0.26758134,-2.16589,1,2,81.62628,366.04123,0.026189525,101.7087,-2.1643012,-0.26229575,45,17,1,15,0.017869228,0.017995963,7.3862395,0.0042221886,0.0028709653,0.0015888214,0.005285590887069702,0.005519223179211758,True
63910,11,2.6256795,1.8240701,2,2,80.7956,254.23932,0.059206765,97.30621,1.8236508,2.6266758,32,15,1,11,0.01472436,0.010567346,6.416122,0.0052559027,0.0024707264,-0.00041925907,0.0009963512420654297,0.0010809689942244739,True
63910,-11,-0.5308148,-1.8025591,1,2,80.7956,254.23932,0.06497652,100.06987,-1.8045101,-0.5292742,44,21,1,9,0.013199862,0.011856289,6.6987658,0.004658994,0.0025905091,-0.0019509792,0.0015406012535095215,0.002485914747581276,True
63911,11,-2.1993463,-2.4975638,2,2,28.204557,175.3825,0.804758,43.439236,-2.4896045,-2.210878,45,31,1,7,0.034806333,0.025915828,18.98608,0.0060001863,0.0025971045,0.007959366,0.011531591415405273,0.014011748698291358,True
63911,-11,0.92152274,2.5309691,1,2,28.204557,175.3825,0.59926504,41.84303,2.532451,0.91260713,50,22,1,7,0.030929951,0.03394768,10.735521,0.0049447077,0.0037223734,0.0014817715,0.008915603160858154,0.009037899443551434,True
63912,-11,1.6769693,2.2524676,1,2,30.451519,144.32138,0.9101658,49.273556,2.244898,1.6714861,48,24,1,9,0.039578434,0.03624745,19.706404,0.008904782,0.0030795822,-0.0075695515,0.005483150482177734,0.009346820165930202,True
63912,11,-1.4391546,-2.2232792,2,2,30.451519,144.32138,0.98632234,41.451054,-2.224629,-1.4449557,40,21,1,7,0.022248214,0.018744629,11.448195,0.0047940975,0.0029885678,-0.0013496876,0.005801081657409668,0.0059560225732189515,True
63914,11,0.554919,2.377599,2,2,51.781174,283.19122,0.6192864,60.12069,2.377281,0.56157506,52,25,1,7,0.023854952,0.017354216,9.943625,0.004703023,0.0022655535,-0.00031805038,0.006656050682067871,0.006663645153318898,True
63914,-11,-2.5995631,-2.3900106,1,2,51.781174,283.19122,0.9556892,66.5238,-2.3729248,-2.5997386,45,28,1,9,0.04458627,0.018568737,9.211481,0.009065266,0.003190309,0.01708579,0.00017547607421875,0.01708669207666872,True
63915,-11,-1.2951694,-2.3737907,1,2,88.82473,477.9843,0.6642405,112.60719,-2.3735542,-1.2947586,44,19,1,11,0.018516969,0.017734956,7.5414,0.0036075956,0.0023498123,0.00023651123,0.0004107952117919922,0.00047401505057231033,True
63915,11,1.8539952,2.3608835,2,2,88.82473,477.9843,0.09262214,105.23419,2.3590825,1.8508433,52,21,1,15,0.022541486,0.014432074,7.6039095,0.0043812483,0.002920206,-0.001801014,0.0031518936157226562,0.003630163164437701,True
63917,-11,1.4382436,2.3516512,1,2,60.106956,312.1249,0.77046543,68.7886,2.3503218,1.4380898,51,16,1,9,0.023153368,0.020497058,14.182668,0.0044845627,0.0032630253,-0.001329422,0.0001537799835205078,0.001338286639560444,True
63917,11,-1.6916013,-2.3108442,2,2,60.106956,312.1249,0.5400999,58.741745,-2.309105,-1.6836492,45,19,1,7,0.018481838,0.008681778,6.355414,0.0038668516,0.0018721164,0.0017392635,0.007952094078063965,0.008140076032331495,True
63918,11,0.015363892,2.6780553,2,2,33.0237,242.05649,0.33933857,48.829247,2.6910367,0.025368717,52,28,1,9,0.057192404,0.025859471,17.889683,0.0075038346,0.0033579841,0.012981415,0.010004824958741665,0.016389437224410018,True
63918,-11,-3.1412048,-2.6827824,1,2,33.0237,242.05649,0.9042007,43.910854,-2.67103,3.1243794,47,22,1,9,0.03826861,0.019114237,14.830273,0.005670716,0.0024616946,0.011752367,-0.0176013151751917,0.021164225273003642,True
63921,11,1.2777653,1.4900655,2,2,66.65648,154.13686,0.986904,73.845894,1.4923109,1.2826937,46,18,1,9,0.010315821,0.025311353,19.218143,0.005312925,0.002385562,0.0022454262,0.004928469657897949,0.005415879583428555,True
63922,-11,-0.9957665,1.726275,1,2,94.192764,271.30032,0.6247464,109.03888,1.7263937,-0.99464136,39,20,1,9,0.016312463,0.013028372,7.647643,0.0062200692,0.0029213878,0.00011873245,0.0011251568794250488,0.0011314041711822833,True
63923,11,-1.7561599,2.1119933,2,2,25.766722,107.497795,0.9949407,35.306564,2.1064587,-1.765772,41,20,1,9,0.022444708,0.01716347,11.214308,0.005831974,0.0032388691,-0.005534649,0.009612083435058594,0.011091640371423765,True
63923,-11,1.3510185,-2.1018314,1,2,25.766722,107.497795,0.75118464,34.546627,-2.104753,1.3502576,45,18,1,5,0.023898063,0.024618747,10.731131,0.0061468584,0.0030962375,-0.0029215813,0.0007609128952026367,0.0030190437747828446,True
63924,-11,0.947829,-2.4377604,1,2,6.8324494,39.82165,0.45658287,8.265197,-2.4188282,0.9144982,46,13,1,9,0.048770662,0.023393184,20.341515,0.009118722,0.0010779888,0.018932104,0.03333079814910889,0.03833231876842186,True
63924,11,-2.102264,2.4599195,2,2,6.8324494,39.82165,0.048792265,19.3514,2.4776685,-2.095872,46,32,1,15,0.056083553,0.031430762,20.329226,0.009190153,0.0034307153,0.017749071,0.006392002105712891,0.018864973211081836,True
63925,11,-1.3870467,1.9679182,2,2,38.71184,138.64168,0.15292685,48.75006,1.9666004,-1.3853345,43,20,1,9,0.016509533,0.015857175,8.796901,0.004931992,0.002708162,-0.0013177395,0.001712203025817871,0.002160573187737436,True
63925,-11,1.727578,-1.9301549,1,2,38.71184,138.64168,0.6535381,45.73901,-1.9280466,1.7275995,49,27,1,11,0.021829462,0.023531664,11.754692,0.0070439596,0.002651484,0.0021083355,2.1457672119140625e-05,0.0021084446718625696,True
63926,11,-3.0090423,2.6046054,2,2,48.48035,332.06375,0.44391063,65.610344,2.6177487,-2.9999208,50,25,1,9,0.04557105,0.024847327,14.270443,0.0063513,0.0029396126,0.013143301,0.009121417999267578,0.015998332227764072,True
63926,-11,0.12162175,-2.6193478,1,2,48.48035,332.06375,0.5985274,61.940155,-2.6223106,0.12618211,52,15,1,9,0.027349455,0.01462957,11.515276,0.004016797,0.003271725,-0.0029628277,0.004560358822345734,0.0054383104786882,True
63927,-11,2.217516,2.0104053,1,2,93.514465,354.54514,0.24582396,112.75655,2.0125277,2.217095,38,15,1,9,0.017211933,0.014988837,7.5132036,0.0049004788,0.0026360047,0.0021224022,0.0004210472106933594,0.0021637632928092447,True
63927,11,-0.91352713,-2.0056148,2,2,93.514465,354.54514,0.9906025,113.66052,-2.006711,-0.921033,37,23,1,11,0.020109916,0.026082426,9.280167,0.005666382,0.0023848333,-0.0010962486,0.007505893707275391,0.007585525782467399,True
63928,-11,0.741351,2.780602,1,2,3.8114438,30.38381,0.3753544,17.173244,2.739037,0.7453909,49,35,1,5,0.06449157,0.043341637,37.355995,0.008767555,0.003654061,-0.04156494,0.004039883613586426,0.041760807148764734,True
63929,-11,2.5641506,-2.5955625,1,2,93.05206,623.28357,0.91054523,108.37331,-2.5924473,2.565542,41,21,1,9,0.025137797,0.022490326,7.5087185,0.0039458345,0.0022499054,0.0031151772,0.0013914108276367188,0.0034117960912201776,True
63931,11,1.1659894,2.16969,2,2,27.358833,119.423676,0.36850077,39.146526,2.1713445,1.1699162,42,20,1,7,0.034306135,0.022340015,8.069849,0.008058637,0.0030245064,0.0016546249,0.003926753997802734,0.004261124340817124,True
63931,-11,-2.0064392,-2.1374662,1,2,27.358833,119.423676,0.2977436,36.97702,-2.1414878,-2.006738,40,21,1,7,0.023752434,0.01827338,11.320906,0.0057320474,0.0029142634,-0.0040216446,0.0002987384796142578,0.004032724760799325,True
63933,11,1.1043466,-2.9400396,2,2,51.610725,475.6316,0.06476149,53.44891,-2.925147,1.1163999,52,21,1,11,0.024357006,0.010533157,16.202066,0.0026717572,0.0023328213,0.014892578,0.012053251266479492,0.019159064416148248,True
63934,-11,2.3697994,-1.9662576,1,2,12.661949,46.241108,0.48331362,17.229424,-1.9645329,2.3627717,40,20,1,9,0.028142018,0.030247081,12.037361,0.008461496,0.0029908477,0.00172472,0.007027626037597656,0.007236172110096005,True
63934,11,-0.69113547,1.9725198,2,2,12.661949,46.241108,0.85389453,16.571505,1.9695376,-0.69073725,49,19,1,11,0.024056304,0.020360626,10.076069,0.0071668015,0.0032163833,-0.0029821396,0.00039821863174438477,0.0030086100773314894,True
63936,-11,0.28009993,-2.160605,1,2,72.69176,315.63028,0.31926754,89.73845,-2.1598845,0.28343233,40,26,1,11,0.02180368,0.020035457,7.9226875,0.0052588447,0.0024519076,0.00072050095,0.0033324062824249268,0.0034094065824416936,True
63936,11,-2.8497925,2.135494,2,2,72.69176,315.63028,0.3670864,94.36707,2.1337216,-2.8474782,45,22,1,11,0.019916615,0.019996457,7.629058,0.004942518,0.0025805694,-0.0017724037,0.002314329147338867,0.0029150530592774904,True
63939,-11,0.95771843,-2.7811377,1,2,19.255964,158.43742,0.2558699,31.283915,-2.7630498,0.93580914,50,28,1,7,0.03743935,0.03865797,18.732832,0.0049526053,0.0023050543,0.018087864,0.02190929651260376,0.02841105594961027,True
63939,11,-2.1611547,2.813113,2,2,19.255964,158.43742,0.28421712,27.420135,2.8108294,-2.155662,51,29,1,9,0.040159225,0.025016159,18.507385,0.0050453204,0.0029443204,-0.0022835732,0.005492687225341797,0.005948471993912326,True
63940,-11,-2.5876923,-2.4542522,1,2,8.213896,47.932972,0.14658763,16.075203,-2.4569225,-2.58996,52,21,1,11,0.032667167,0.045179132,33.23794,0.0056774877,0.0040696035,-0.002670288,0.0022678375244140625,0.003503359173570455,True
63940,11,0.6298748,2.4456427,2,2,8.213896,47.932972,0.328454,10.406843,2.4332926,0.6534898,36,19,1,7,0.030947508,0.01977473,12.613857,0.005753842,0.0022631374,-0.012350082,0.023615002632141113,0.026649444288805113,True
63952,11,2.114048,2.9952967,2,2,85.9556,869.4622,0.0015871932,38.185734,2.978579,2.111782,52,27,1,17,0.021000888,0.024617746,26.766872,0.0021672824,0.00140582,-0.016717672,0.00226593017578125,0.01687053650225874,True
63956,-11,-1.5827409,1.5755605,1,2,80.67468,205.51546,0.94904405,91.16516,1.5768625,-1.5765579,43,15,1,7,0.014662907,0.008961254,8.075686,0.0072680875,0.0027757685,0.0013020039,0.006183028221130371,0.006318627380938001,True
63956,11,1.5778296,-1.5992068,2,2,80.67468,205.51546,0.43448976,102.12942,-1.5996667,1.5796303,46,15,1,9,0.015516192,0.0130408835,7.719415,0.0068963408,0.0029816665,-0.00045990944,0.0018006563186645508,0.0018584616945495035,True
63958,11,-2.4280176,1.9458756,2,2,58.612995,208.36514,0.34495372,72.09413,1.9407779,-2.433026,41,27,1,9,0.016133878,0.015686348,7.334571,0.0049937773,0.0026502667,-0.005097747,0.0050084590911865234,0.007146445655335712,True
63958,-11,0.69560885,-1.9363481,1,2,58.612995,208.36514,0.21218346,70.23349,-1.9358227,0.6957644,48,19,1,11,0.020043774,0.017919766,7.7936406,0.006208882,0.0024659669,0.00052535534,0.00015556812286376953,0.0005479047900038386,True
63961,-11,-1.3362659,-2.1286063,1,2,72.602844,308.07764,0.4540963,88.516785,-2.1319206,-1.3329977,50,33,1,11,0.024173357,0.017103603,11.540792,0.005801197,0.0027594415,-0.0033142567,0.0032682418823242188,0.004654643129313627,True
63964,-11,1.2959068,-2.2947397,1,2,48.25682,243.11455,0.54532844,61.406605,-2.2933068,1.302557,47,18,1,9,0.021487273,0.013948973,7.9959497,0.004540246,0.0028216771,0.0014328957,0.006650209426879883,0.006802828484899229,True
63964,11,-1.8306655,2.3055983,2,2,48.25682,243.11455,0.88520175,62.732243,2.3034492,-1.8322155,46,22,1,9,0.028038416,0.020568207,10.567009,0.0059268996,0.0030909893,-0.002149105,0.0015500783920288086,0.0026497915775866997,True
63966,-11,-2.5090547,-2.3472536,1,2,52.21633,274.76404,0.5741251,65.650505,-2.3525302,-2.4947395,52,28,1,9,0.027742371,0.027585695,19.330921,0.00537055,0.003130101,-0.00527668,0.014315128326416016,0.015256678860006471,True
63966,11,0.6458273,2.3417907,2,2,52.21633,274.76404,0.72008693,45.45019,2.3437295,0.6324271,49,24,1,9,0.022436261,0.015111858,8.879318,0.004376045,0.0031497555,0.0019388199,0.01340019702911377,0.013539730535225784,True
63969,-11,-1.4563425,-2.4246533,1,2,33.579216,192.66853,0.45793658,42.25303,-2.4193332,-1.4474623,45,24,1,9,0.02389936,0.0112857465,11.166732,0.0043563605,0.0028337897,0.005320072,0.008880138397216797,0.010351812675260716,True
63969,11,1.7041781,2.4405003,2,2,33.579216,192.66853,0.38984463,46.517735,2.4321427,1.6974801,41,22,1,9,0.030337265,0.021236941,9.892353,0.0055755875,0.003031072,-0.008357525,0.006698012351989746,0.01071034989443414,True
63970,-11,-1.6493635,-1.6874403,1,2,43.747166,120.23705,0.018357402,54.47773,-1.6900759,-1.6470033,36,22,1,9,0.015944492,0.009248187,9.1989765,0.006441401,0.0024539952,-0.0026355982,0.002360224723815918,0.003537942678952131,True
63970,11,1.5242941,1.6516595,2,2,43.747166,120.23705,0.8847628,49.586826,1.6505959,1.5151448,34,20,1,9,0.012344131,0.011486826,6.4062696,0.005445683,0.0025265953,-0.0010635853,0.009149312973022461,0.009210925114896169,True
63975,11,-0.62766826,-1.8028811,2,2,23.338955,72.07103,0.899252,28.531694,-1.8016378,-0.62891084,46,22,1,9,0.020317892,0.017301498,13.175581,0.007226921,0.0024990747,0.0012433529,0.0012425780296325684,0.0017578186800662676,True
63975,-11,2.461269,1.784167,1,2,23.338955,72.07103,0.7974032,25.396128,1.7816912,2.481339,35,17,1,7,0.01781304,0.016638946,6.1491904,0.006680602,0.0027506659,-0.0024758577,0.02007007598876953,0.0202222110982738,True
63981,-11,1.3360915,2.059947,1,2,9.179194,36.790833,0.46546897,8.057584,2.0497367,1.2973391,48,23,1,7,0.0368233,0.017965306,16.475548,0.010279997,0.0028364246,-0.010210276,0.03875243663787842,0.04007494325503037,True
63981,11,-1.7047652,-2.0719504,2,2,9.179194,36.790833,0.4796965,11.250939,-2.0707688,-1.6756331,52,22,1,5,0.037272688,0.027935436,21.421688,0.009822637,0.0024578338,0.0011816025,0.02913212776184082,0.02915608088115234,True
63982,11,1.29517,2.0657797,2,2,19.443735,78.656075,0.8707645,23.537369,2.069777,1.2797277,40,23,1,11,0.028538415,0.02556866,21.747332,0.00731347,0.0024624302,0.003997326,0.015442252159118652,0.015951230856801963,True
63982,-11,-1.8934566,-2.0846343,1,2,19.443735,78.656075,0.18908946,27.028902,-2.0853302,-1.8970672,52,19,1,11,0.027159061,0.026153572,11.323815,0.007091957,0.003191048,-0.00069594383,0.0036106109619140625,0.0036770707548463163,True
63983,11,1.9208393,1.8313289,2,2,89.020226,284.09308,0.8064294,101.24643,1.8321171,1.9279078,42,18,1,9,0.018330656,0.018833041,8.607789,0.0062186625,0.0031413436,0.0007882118,0.007068514823913574,0.00711232589896091,True
63983,-11,-1.2340217,-1.8248615,1,2,89.020226,284.09308,0.74573857,99.90575,-1.8253967,-1.2258506,43,16,1,7,0.015668679,0.01982563,7.435949,0.005598229,0.0029305776,-0.0005351305,0.00817108154296875,0.00818858584985913,True
63985,11,-0.0798485,1.589649,2,2,39.765923,102.93934,0.21016602,51.799404,1.590505,-0.07835477,32,14,1,9,0.013246753,0.012617478,5.801176,0.006118231,0.0026801063,0.0008560419,0.0014937296509742737,0.0017216375938894385,True
63985,-11,3.023938,-1.6201298,1,2,39.765923,102.93934,0.5708965,45.231693,-1.6201651,3.0259743,41,18,1,7,0.015201821,0.024976498,8.990647,0.0068855505,0.0025372303,-3.528595e-05,0.0020363330841064453,0.002036638781834716,True
63990,-11,0.68143463,2.3767183,1,2,86.382355,469.70303,0.9775547,110.48302,2.368839,0.68139464,46,25,1,9,0.031909533,0.02406554,9.091163,0.006379061,0.0028652528,-0.007879257,3.999471664428711e-05,0.007879358476233245,True
63993,11,1.5627565,2.9969094,2,2,15.757015,159.59839,0.2853783,7.093505,2.9724941,1.5343903,50,32,1,30,0.025181962,0.017833583,41.712364,0.002578209,0.001456517,-0.024415255,0.02836620807647705,0.03742654694268243,True
63995,11,0.62626076,-2.118519,2,2,51.59317,216.3007,0.9711456,63.45865,-2.117008,0.6240092,34,20,1,11,0.019693775,0.019063605,6.314073,0.004787646,0.0025425735,0.001511097,0.002251565456390381,0.0027116343798239623,True
63996,-11,-3.098322,1.7756588,1,2,19.720984,60.80415,0.29232067,27.759354,1.7766786,-3.102735,41,20,1,5,0.018753681,0.026163101,10.131356,0.0068766014,0.0033890293,0.0010197163,0.004413127899169922,0.004529406037687807,True
63996,11,0.10566409,-1.8084064,2,2,19.720984,60.80415,0.0064115864,28.686481,-1.8114564,0.1084576,46,14,1,9,0.025469104,0.018213438,19.197699,0.008795565,0.0032645783,-0.0030500889,0.002793513238430023,0.00413603171497304,True
63999,11,1.2879477,-2.0025327,2,2,40.556038,151.93622,0.19477971,45.232777,-1.998141,1.2928811,43,18,1,7,0.020244114,0.015879672,7.3779106,0.005833944,0.002945871,0.00439167,0.004933476448059082,0.006604994802210159,True
95561,-11,-2.2639399,2.1590197,1,2,22.025417,96.14381,0.16381057,28.000925,2.1580966,-2.274624,45,26,1,11,0.017131023,0.017680474,17.284279,0.004166834,0.0026681465,-0.00092315674,0.01068425178527832,0.010724059612602732,True
95561,11,0.9159951,-2.1479506,2,2,22.025417,96.14381,0.37622193,31.528896,-2.1507013,0.91205287,42,26,1,9,0.022252418,0.025340261,12.847329,0.0053727766,0.0030628142,-0.0027506351,0.003942251205444336,0.004807009280458768,True
95564,11,-1.8710684,-2.6227503,2,2,49.007305,338.36047,0.17720035,54.43697,-2.6242626,-1.8709781,44,30,1,9,0.02571844,0.026024798,11.606016,0.0039123273,0.0022837466,-0.001512289,9.02414321899414e-05,0.0015149790829070884,True
95564,-11,1.2598364,2.6172738,1,2,49.007305,338.36047,0.841355,39.758785,2.6164265,1.2324766,49,25,1,11,0.033526126,0.028263032,9.90405,0.0051127165,0.002404458,-0.00084733963,0.027359843254089355,0.027372961245307796,True
95569,11,-2.356269,-2.1348486,2,2,95.78357,405.25534,0.19364452,111.92936,-2.1363702,-2.357931,43,26,1,11,0.018859182,0.013890603,7.6920366,0.004712099,0.0024728712,-0.0015215874,0.0016620159149169922,0.0022533364221833906,True
95569,-11,0.77621925,2.1079657,1,2,95.78357,405.25534,0.21775584,108.16791,2.1070302,0.77521944,37,15,1,11,0.012627247,0.012448616,5.905148,0.0032571603,0.0025311727,-0.0009355545,0.0009998083114624023,0.0013692621700617442,True
95572,-11,-2.980821,-2.1376913,1,2,53.423786,226.27557,0.29570034,65.57308,-2.1375117,-2.9860237,46,19,1,9,0.016254118,0.017174061,8.911602,0.004062483,0.002225256,0.00017952919,0.005202770233154297,0.0052058667702008345,True
95574,-11,-1.6133639,2.5139763,1,2,60.091515,370.57217,0.8498447,70.16756,2.507348,-1.6191778,52,21,1,15,0.026181344,0.02012412,9.061163,0.0044096387,0.0026959688,-0.006628275,0.005813956260681152,0.008816808755841525,True
95574,11,1.5379713,-2.497477,2,2,60.091515,370.57217,0.7848176,76.06763,-2.4992697,1.5420187,49,23,1,9,0.021839386,0.022841346,17.016575,0.003743317,0.0026284473,-0.0017926693,0.004047393798828125,0.004426630740384715,True
95575,-11,1.1111648,-2.3499877,1,2,32.841522,173.78395,0.67326045,44.99577,-2.346061,1.1048912,40,21,1,7,0.02570364,0.02076973,10.13292,0.005179647,0.002917762,0.003926754,0.006273627281188965,0.007401202334429489,True
95575,11,-2.009416,2.350481,2,2,32.841522,173.78395,0.8668514,40.322243,2.3508744,-2.0062237,50,22,1,7,0.027431015,0.022622759,9.718665,0.0054769795,0.0029571243,0.00039339066,0.003192424774169922,0.003216571489425103,True
95577,11,0.46035278,-2.8105729,2,2,46.675835,382.42252,0.7977227,56.965504,-2.8005466,0.44482774,49,24,1,9,0.031564556,0.013596056,11.439884,0.0039075403,0.0025472583,0.0100262165,0.01552504301071167,0.018481124871277697,True
95578,-11,1.1304965,-2.1984541,1,2,30.925272,138.13385,0.9174448,35.21411,-2.2009187,1.1307133,47,16,1,9,0.020304197,0.021348564,7.239856,0.004639805,0.002626075,-0.0024645329,0.0002168416976928711,0.002474053848333572,True
95578,11,-1.9844705,2.1561344,2,2,30.925272,138.13385,0.69763505,46.290775,2.1665745,-1.9823295,45,25,1,9,0.031848792,0.024974324,14.976202,0.007422084,0.0023239928,0.010440111,0.0021409988403320312,0.010657382171184952,True
95580,11,-2.7920828,2.360386,2,2,33.442406,176.36365,0.925356,36.91104,2.3604927,-2.8090415,52,20,1,9,0.019270526,0.01411954,10.778108,0.0037512297,0.002435729,0.00010681152,0.01695871353149414,0.016959049895109733,True
95580,-11,0.32882208,-2.3333578,1,2,33.442406,176.36365,0.12889689,47.949303,-2.331854,0.33175507,49,25,1,9,0.030429078,0.02091244,9.6075115,0.0059042433,0.0034359219,0.001503706,0.002932995557785034,0.003295996746752011,True
95581,11,-1.3493682,2.0022638,2,2,10.2719,38.568,0.9640556,16.599798,2.0085135,-1.3882108,42,26,1,11,0.04453676,0.030681854,14.793882,0.01239586,0.0034829807,0.006249666,0.03884255886077881,0.03934212380157253,True
95581,-11,1.6957389,-1.9943761,1,2,10.2719,38.568,0.07745725,19.030735,-1.9988378,1.7059788,40,26,1,9,0.041571494,0.023975668,12.048372,0.0118420925,0.003358799,-0.0044617653,0.010239839553833008,0.011169676063240638,True
95582,-11,-0.28627065,2.7247717,1,2,59.450504,456.0611,0.72109425,58.396606,2.7290971,-0.26848513,51,19,1,9,0.03245371,0.004944841,9.140925,0.0041312524,0.0020310387,0.00432539,0.01778551936149597,0.018303925704328854,True
95582,11,2.8631966,-2.7279446,2,2,59.450504,456.0611,0.39842296,77.41178,-2.7220867,2.88629,47,31,1,11,0.03294717,0.026610473,12.909881,0.004479099,0.0030502647,0.0058579445,0.023093461990356445,0.023824850512066148,True
95583,11,1.2293643,2.2045698,2,2,26.132797,121.057594,0.60090274,38.689304,2.204196,1.2265527,40,24,1,9,0.0253999,0.024359085,11.343546,0.0058578234,0.0031271668,-0.00037384033,0.0028115510940551758,0.002836296202503556,True
95583,-11,-1.9425387,-2.224338,1,2,26.132797,121.057594,0.2669233,40.07846,-2.2242835,-1.9352988,42,19,1,9,0.040316656,0.036919475,10.181984,0.0091216955,0.0030440628,5.4597855e-05,0.007239937782287598,0.0072401436461664165,True
95584,11,2.1707435,-2.837342,2,2,11.483394,99.13556,0.60476846,32.37062,-2.8453968,2.1852453,52,34,1,7,0.045960315,0.051437274,34.417797,0.005254316,0.0032588104,-0.008054733,0.014501810073852539,0.016588587038489117,True
95584,-11,-1.0072157,2.85356,1,2,11.483394,99.13556,0.23103309,17.113792,2.8254633,-1.0083733,52,23,1,9,0.041376363,0.034218658,21.180359,0.005083919,0.0036451565,-0.028096676,0.001157522201538086,0.028120509237709215,True
95585,-11,2.199928,2.1062539,1,2,2.3741727,9.88643,0.18656994,12.279256,2.1405966,2.180025,43,16,1,5,0.047725435,0.035883628,20.310724,0.011631911,0.0038529553,0.034342766,0.019902944564819336,0.03969323259523532,True
95586,11,-0.09545644,-2.9728954,2,2,63.92742,619.57404,0.35776156,74.89918,-2.9660017,-0.10747706,52,18,1,11,0.028269242,0.009871157,17.921148,0.003038138,0.0019152053,0.006893635,0.012020625174045563,0.013857042615584033,True
95588,-11,0.6678064,-2.7605078,1,2,14.241274,111.88388,0.99147445,19.028353,-2.7362301,0.6447079,43,29,1,7,0.030364761,0.024706231,13.976287,0.0040828623,0.0024913198,0.024277687,0.023098468780517578,0.03351037716590852,True
95588,11,-2.4414823,2.7404602,2,2,14.241274,111.88388,0.60874695,20.986193,2.7393084,-2.4412174,47,26,1,11,0.02815066,0.028547334,12.626181,0.0036804383,0.0030678995,-0.0011518002,0.00026488304138183594,0.001181865714580041,True
95590,-11,0.49205548,1.9806064,1,2,9.304161,33.885303,0.18034838,13.416355,1.980284,0.48846862,51,18,1,9,0.025627136,0.027231041,27.981684,0.0074138637,0.0031499465,-0.00032246113,0.0035868585109710693,0.003601324083854173,True
95590,11,-2.5394292,-1.9531096,2,2,9.304161,33.885303,0.70827967,8.325538,-1.9547985,-2.5785491,36,16,1,5,0.018946119,0.0123867635,9.959026,0.0055763638,0.0025879415,-0.001688838,0.03911995887756348,0.039156396110666285,True
95592,11,-1.335758,-1.7397342,2,2,72.45335,208.19295,0.6802749,89.85202,-1.7372761,-1.3412371,44,30,1,9,0.018793752,0.025932726,9.914759,0.0075531607,0.0028101443,0.0024580956,0.005479097366333008,0.006005226178750802,True
95592,-11,1.7874516,1.6947303,1,2,72.45335,208.19295,0.7448451,87.712036,1.6955642,1.7895681,49,20,1,9,0.0152525455,0.01481885,7.2140603,0.0063495175,0.0029562255,0.000833869,0.0021164417266845703,0.0022747885714340384,True
95595,-11,2.7797635,-1.9816558,1,2,33.169254,123.882706,0.83196473,24.440079,-1.9763725,2.7990832,48,16,1,11,0.01944757,0.017677488,8.228004,0.0058592125,0.0026548405,0.0052833557,0.019319772720336914,0.020029165373385092,True
95595,11,-0.33177024,2.003419,2,2,33.169254,123.882706,0.14165536,43.342476,2.0022907,-0.33161774,41,20,1,11,0.022452801,0.017223971,9.383334,0.0065306723,0.0030539755,-0.0011281967,0.00015249848365783691,0.0011384566826223266,True
95596,-11,-0.47651055,-2.8929665,1,2,15.318778,138.2281,0.7394087,20.636444,-2.8912842,-0.49322855,52,24,1,9,0.02857457,0.017489413,37.76375,0.0030443678,0.0015675159,0.0016822815,0.016718000173568726,0.01680242842058766,True
95596,11,2.691197,2.8868759,2,2,15.318778,138.2281,0.2508726,20.130064,2.9017997,2.682611,52,38,1,7,0.031253427,0.028206842,36.36125,0.0033398326,0.0026530742,0.014923811,0.008585929870605469,0.017217384376473188,True
95597,-11,-2.0356903,-1.7390449,1,2,83.80109,242.9523,0.098088264,95.94098,-1.739946,-2.0358062,45,15,1,9,0.012373906,0.015117831,9.527818,0.004693209,0.0026481617,-0.000901103,0.00011587142944335938,0.0009085223310897333,True
95597,11,1.121641,1.7139628,2,2,83.80109,242.9523,0.071045876,108.74401,1.7148228,1.1196685,34,16,1,9,0.012064217,0.014758582,5.7782416,0.0047170664,0.0025903375,0.0008599758,0.0019725561141967773,0.0021518680316713825,True
95598,11,0.85901994,1.7328404,2,2,80.30955,235.17226,0.9579728,100.13574,1.732324,0.8575572,38,15,1,9,0.010511721,0.014037254,6.1055455,0.004054016,0.0021886306,-0.00051641464,0.0014627575874328613,0.0015512394536013265,True
95598,-11,-2.2987895,-1.7413186,1,2,80.30955,235.17226,0.36945978,100.93501,-1.7399793,-2.2974176,36,18,1,7,0.014024855,0.01619526,6.3664603,0.0053000078,0.002289941,0.0013393164,0.0013718605041503906,0.0019172296582583926,True
95599,11,1.2227973,2.9982977,2,2,93.70777,948.5201,0.66020995,29.154516,2.9713733,1.2188433,52,38,1,29,0.02571995,0.029163878,37.367416,0.00254388,0.001788254,-0.026924372,0.0039539337158203125,0.0272131477363498,True
95600,11,-3.0687292,2.1700675,2,2,18.496805,82.81441,0.9341247,20.883476,2.1657326,-3.0787385,42,17,1,11,0.022965344,0.01937263,10.738297,0.005468698,0.0038929065,-0.0043349266,0.010009288787841797,0.01090767851028467,True
95600,-11,0.028424382,-2.1890702,1,2,18.496805,82.81441,0.78318256,24.138542,-2.1857896,0.02042199,43,14,1,7,0.024993746,0.02199234,12.9399605,0.005878461,0.003112966,0.0032806396,0.008002392947673798,0.008648750741689776,True
95602,-11,-0.05464297,-1.6547076,1,2,20.336235,54.89238,0.803195,23.825506,-1.6534358,-0.025572976,39,17,1,9,0.024175566,0.01789632,9.056174,0.010443891,0.0027415636,0.0012717247,0.029069995507597923,0.029097799272912603,True
95604,11,2.2312455,2.6304963,2,2,23.43407,162.3592,0.99364674,27.705675,2.6330001,2.2318225,46,23,1,9,0.032228004,0.021335378,17.325478,0.004561313,0.0025727663,0.002503872,0.0005769729614257812,0.0025694886945096048,True
95604,-11,-0.93263507,-2.6166313,1,2,23.43407,162.3592,0.80760443,38.13256,-2.618729,-0.9380547,49,28,1,9,0.034790892,0.040010035,20.607475,0.00504829,0.0028510075,-0.002097845,0.005419611930847168,0.005811466888264097,True
95605,11,-2.446351,-2.4207487,2,2,72.25431,403.78305,0.09494416,97.25524,-2.425531,-2.458567,44,24,1,9,0.030961376,0.026590025,10.111227,0.0056560407,0.0027358334,-0.0047822,0.012215852737426758,0.01311855530812995,True
95605,-11,0.6862023,2.3909502,1,2,72.25431,403.78305,0.30426252,87.83369,2.3891978,0.6837846,51,21,1,11,0.021090373,0.01754079,9.483022,0.003871015,0.0025492408,-0.0017523766,0.0024176836013793945,0.0029859701257358286,True
95606,-11,-0.724349,1.9771492,1,2,67.10313,243.13022,0.61817944,92.37886,1.9743502,-0.7225961,43,19,1,11,0.023816338,0.032175373,14.12323,0.007154699,0.00239045,-0.0027990341,0.0017529129981994629,0.0033026195628071565,True
95606,11,2.4325964,-1.9449637,2,2,67.10313,243.13022,0.52467865,89.61365,-1.9458182,2.4333868,37,19,1,9,0.015647255,0.01750798,6.2149224,0.004710994,0.0027141233,-0.0008544922,0.0007903575897216797,0.0011639682204120515,True
95609,11,-2.991072,-2.7729473,2,2,32.29538,256.98962,0.9961273,33.000237,-2.7580934,-2.983389,45,31,1,9,0.029052272,0.022372313,12.63015,0.0038463338,0.0025102154,0.014853954,0.0076830387115478516,0.01672330857484087,True
95609,-11,0.13641591,2.7537372,1,2,32.29538,256.98962,0.5536573,40.34888,2.7487388,0.13778959,50,19,1,9,0.026756367,0.02443745,9.644037,0.0035587288,0.0026106543,-0.0049984455,0.00137367844581604,0.005183767972766775,True
95611,11,-0.90123403,-2.0472636,2,2,27.764029,109.190346,0.95766866,35.34869,-2.0539262,-0.91962165,40,26,1,9,0.02752987,0.028934121,11.598295,0.0072487,0.0032058584,-0.006662607,0.01838761568069458,0.019557472844483545,True
95611,-11,2.206399,2.044689,1,2,27.764029,109.190346,0.65813464,25.592993,2.0474994,2.1866949,43,20,1,7,0.0254417,0.01897766,7.9122562,0.00680524,0.003521738,0.0028104782,0.019704103469848633,0.01990352936847912,True
95613,11,-1.8918258,-2.0607545,2,2,35.129784,138.99562,0.996844,50.031956,-2.0622046,-1.9044653,44,20,1,7,0.021040523,0.03001242,10.832142,0.0056004333,0.0030671312,-0.0014500618,0.012639522552490234,0.012722429389594024,True
95613,-11,1.2230515,2.0437307,1,2,35.129784,138.99562,0.7487059,46.61576,2.0463912,1.2235588,42,17,1,9,0.021819407,0.020553393,9.696795,0.005900512,0.0031267884,0.002660513,0.0005072355270385742,0.00270843438961548,True
95615,-11,2.029436,-2.1604257,1,2,46.232136,205.38722,0.8051315,51.968964,-2.1513546,2.0295835,44,16,1,9,0.029157903,0.019914769,6.337798,0.007243283,0.0038260499,0.009071112,0.00014734268188476562,0.009072308446108422,True
95615,11,-1.0942246,2.1826422,2,2,46.232136,205.38722,0.743728,53.759888,2.183435,-1.1056602,41,18,1,7,0.015118473,0.01433015,6.7190475,0.0035489493,0.0029398599,0.0007927418,0.011435627937316895,0.011463072268959386,True
95617,-11,-1.2210307,-2.249938,1,2,68.482445,329.2675,0.7299762,82.83838,-2.2484603,-1.2147785,48,31,1,9,0.024663825,0.022482118,10.123385,0.005582284,0.0024784172,0.0014777184,0.006252169609069824,0.00642442809533827,True
95617,11,1.9316553,2.2549713,2,2,68.482445,329.2675,0.62398744,89.97751,2.2545114,1.9385327,43,27,1,9,0.022745071,0.023864202,9.195136,0.005072582,0.0025854083,-0.00045990944,0.006877422332763672,0.006892782793281517,True
95618,11,-2.5974755,-2.024013,2,2,36.151073,141.31673,0.7127494,48.777107,-2.0300179,-2.586647,39,14,1,7,0.017317668,0.023278754,6.6299987,0.004752884,0.0026400727,-0.0060048103,0.010828495025634766,0.012382005145821601,True
95619,11,3.028253,2.4719107,2,2,36.26435,217.17975,0.9083197,49.079815,2.4683838,3.0288334,45,27,1,7,0.026613092,0.022088768,14.203943,0.0046744216,0.0030974625,-0.003526926,0.0005803108215332031,0.0035743485964516773,True
95619,-11,-0.13005346,-2.4801157,1,2,36.26435,217.17975,0.37625602,50.807274,-2.4822803,-0.13897285,42,20,1,7,0.03124758,0.027557876,11.307577,0.0053646467,0.0035375576,-0.0021646023,0.008919388055801392,0.00917828885262671,True
95622,11,0.25938013,2.820765,2,2,4.802735,40.178696,0.16904531,9.727752,2.7920136,0.27594635,51,25,1,7,0.049041346,0.025608735,24.706419,0.006217143,0.0040002847,-0.028751373,0.016566216945648193,0.033182540521450324,True
95622,-11,-2.9721189,-2.807367,1,2,4.802735,40.178696,0.9997014,11.148256,-2.789818,-2.9482718,51,23,1,7,0.050620984,0.01819982,37.29385,0.0063845958,0.0048127654,0.017549038,0.023847103118896484,0.029608327502631128,True
95623,-11,1.0581203,-2.4519863,1,2,99.36408,583.67993,0.2553762,121.766846,-2.444409,1.0540956,44,22,1,9,0.025130477,0.015489087,7.4900255,0.0046449164,0.0021366547,0.0075774193,0.004024624824523926,0.008579911976818254,True
95623,11,-2.0772488,2.4608052,2,2,99.36408,583.67993,0.9887518,118.76714,2.4591143,-2.079311,41,25,1,13,0.025283251,0.026769081,10.010656,0.004343263,0.00294436,-0.0016908646,0.002062082290649414,0.0026666845227322046,True
95625,11,2.7184424,2.4278762,2,2,75.97652,424.44763,0.69565487,79.06355,2.4334822,2.710802,42,18,1,9,0.0194443,0.0073720207,7.798633,0.0035377424,0.0021862022,0.005605936,0.007640361785888672,0.00947637314974786,True
95625,-11,-0.43176994,-2.3834536,1,2,75.97652,424.44763,0.21075392,99.93158,-2.3795056,-0.438232,41,25,1,9,0.022426246,0.021589862,9.365219,0.004362713,0.0025817729,0.0039479733,0.006462067365646362,0.007572635431250228,True
95628,11,0.9752564,-1.8542088,2,2,28.197605,90.90036,0.04245892,35.674404,-1.854145,0.9801204,44,16,1,7,0.016833324,0.017911185,7.094573,0.005619581,0.003394792,6.377697e-05,0.004864037036895752,0.004864455138880866,True
95629,-11,0.7085244,-2.7367127,1,2,78.589195,601.0973,0.29892537,76.5409,-2.7190583,0.6878769,52,25,1,9,0.031787973,0.016285153,9.316037,0.00430466,0.002307918,0.017654419,0.020647525787353516,0.027166133869876246,True
95629,11,-2.4270658,2.7102077,2,2,78.589195,601.0973,0.948781,97.615814,2.716002,-2.42699,52,26,1,11,0.026858512,0.023886483,11.101016,0.003502308,0.0026444579,0.0057942867,7.581710815429688e-05,0.0057947828847346875,True
95630,11,1.7731361,-1.7031935,2,2,54.97596,155.79912,0.91934144,50.970264,-1.7068405,1.7494738,34,18,1,9,0.01801166,0.02052903,6.27704,0.0070472816,0.0027071275,-0.0036469698,0.023662328720092773,0.023941724857052694,True
95630,-11,-1.3930836,1.70111,1,2,54.97596,155.79912,0.14096424,68.40315,1.7016784,-1.3974886,42,17,1,9,0.011158983,0.015684871,7.47975,0.0045138127,0.0024227502,0.0005683899,0.004405021667480469,0.004441540606699142,True
95632,-11,1.8133489,1.6104665,1,2,83.87041,215.81061,0.6040907,96.80868,1.6098245,1.8135664,49,15,1,9,0.011686237,0.014311453,8.280206,0.0053943708,0.0029355194,-0.000641942,0.00021755695343017578,0.0006778057068575799,True
95632,11,-1.3101829,-1.5861028,2,2,83.87041,215.81061,0.48557135,102.304985,-1.5875788,-1.3090004,42,15,1,9,0.012648471,0.014320574,7.0764585,0.005842909,0.0029485812,-0.0014759302,0.00118255615234375,0.001891245396374634,True
95633,11,0.24556626,2.7252774,2,2,69.381744,529.13086,0.3649078,99.31031,2.731519,0.24775817,49,24,1,11,0.03571743,0.025598474,20.997105,0.004712229,0.0037678492,0.00624156,0.002191901206970215,0.006615247644810665,True
95633,-11,-2.9028306,-2.7156165,1,2,69.381744,529.13086,0.96430296,46.868694,-2.7097833,-2.871552,45,20,1,11,0.030715248,0.018611252,10.4173355,0.004201128,0.003023237,0.005833149,0.03127861022949219,0.03181787366257352,True
95634,11,-2.087846,1.7932434,2,2,22.171701,68.99974,0.2563525,26.824076,1.799096,-2.0863314,39,16,1,9,0.030544875,0.01611646,6.381534,0.010611821,0.0026935777,0.00585258,0.0015146732330322266,0.0060454056610854635,True
95638,-11,-2.8968291,-1.997218,1,2,18.668901,69.345146,0.23990203,24.949745,-1.997569,-2.8971934,52,23,1,9,0.024361659,0.018475704,16.010303,0.006897331,0.0028546448,-0.00035095215,0.0003643035888671875,0.0005058502894675556,True
95638,11,0.29849705,1.976636,2,2,18.668901,69.345146,0.35731927,25.313915,1.976231,0.30191606,40,20,1,9,0.016080672,0.020212412,8.389601,0.004725762,0.0031457632,-0.00040507317,0.0034190118312835693,0.003442924072962408,True
95641,11,3.0354683,-2.0337245,2,2,53.544224,210.0361,0.021135826,68.91785,-2.0385642,3.035192,44,23,1,9,0.017731646,0.015576851,7.9593964,0.0048556216,0.0022959916,-0.0048396587,0.00027632713317871094,0.004847541002902682,True
95645,11,0.6131673,-2.5977826,2,2,92.95584,641.20984,0.7310981,121.36342,-2.589748,0.6146823,48,23,1,9,0.023359552,0.015411393,8.115834,0.003658184,0.0022454343,0.008034706,0.001515030860900879,0.008176296225432296,True
95645,-11,-2.534067,2.640866,1,2,92.95584,641.20984,0.5714843,119.41433,2.643324,-2.5401595,43,29,1,9,0.027357819,0.024729872,9.487978,0.004029652,0.0030099673,0.0024578571,0.006092548370361328,0.006569642857071144,True
95646,-11,1.8789232,1.6649675,1,2,80.264465,220.51184,0.049819764,93.92502,1.6648363,1.8795714,48,16,1,11,0.018445747,0.012263342,8.1929455,0.00815173,0.003024653,-0.00013124943,0.0006482601165771484,0.0006614133284423898,True
95646,11,-1.2451878,-1.6728164,2,2,80.264465,220.51184,0.99669313,92.6746,-1.6727617,-1.2508265,31,17,1,9,0.011593005,0.011481702,5.5292845,0.0048303404,0.0026365253,5.4717064e-05,0.005638718605041504,0.005638984080836145,True
95647,-11,-2.1355667,2.284989,1,2,13.778719,69.31506,0.907267,20.833473,2.2886772,-2.1137986,51,24,1,7,0.039096,0.024076842,15.5324955,0.008137187,0.004140718,0.003688097,0.02176809310913086,0.022078313737421248,True
95647,11,1.0587989,-2.3127568,2,2,13.778719,69.31506,0.15106493,20.091679,-2.3128233,1.0579116,51,21,1,7,0.028246654,0.017161358,11.814209,0.005762433,0.00427353,-6.651878e-05,0.0008872747421264648,0.0008897646973122326,True
95648,11,-0.13661265,2.0972414,2,2,19.418392,80.1965,0.97379667,27.190094,2.0919888,-0.15210491,43,24,1,15,0.021639979,0.01833657,10.194064,0.0056943623,0.0033679502,-0.0052525997,0.015492260456085205,0.01635848213499103,True
95648,-11,2.958832,-2.0957637,1,2,19.418392,80.1965,0.07678578,28.926289,-2.0904975,2.9592664,43,23,1,9,0.02916269,0.017450893,13.642994,0.0077764294,0.0037889206,0.0052661896,0.0004343986511230469,0.005284075588974225,True
95649,-11,0.23119879,-1.9358528,1,2,58.240463,204.82083,0.022219513,73.52561,-1.9321433,0.22698925,40,20,1,11,0.01809725,0.013357816,9.588007,0.005582961,0.002779418,0.0037094355,0.004209533333778381,0.005610711422702507,True
95649,11,-2.8921187,1.9239082,2,2,58.240463,204.82083,0.77897316,62.0841,1.9267211,-2.8768542,52,23,1,9,0.018496659,0.019541133,9.168719,0.005619854,0.002327733,0.0028128624,0.015264511108398438,0.015521517129817818,True
95650,11,-1.3968287,2.6881404,2,2,16.632376,121.64918,0.04268371,22.53095,2.6966279,-1.3894731,52,24,1,7,0.0462906,0.022045538,22.685114,0.006003059,0.0034904631,0.008487463,0.0073555707931518555,0.011231271147473415,True
95650,-11,1.7149166,-2.668493,1,2,16.632376,121.64918,0.08113191,29.352383,-2.6428714,1.7193967,51,29,1,11,0.042903017,0.031730216,32.70639,0.0063661844,0.0030237727,0.025621653,0.004480123519897461,0.02601039391361946,True
95653,-11,-0.77271473,-2.6078904,1,2,24.887827,173.36322,0.91358095,39.723804,-2.6096408,-0.7743878,52,38,1,9,0.03176564,0.032559138,19.322554,0.0047436915,0.0039046796,-0.0017504692,0.0016730427742004395,0.0024214075600016366,True
95653,11,2.3897724,2.6505444,2,2,24.887827,173.36322,0.56260055,34.466324,2.64476,2.3875613,44,27,1,9,0.030274477,0.024249697,13.619259,0.0043943566,0.0036181684,-0.0057845116,0.0022110939025878906,0.006192698272703127,True
95654,11,-2.4931433,2.4093082,2,2,93.482925,526.4595,0.7297533,112.600075,2.4092257,-2.49356,43,29,1,11,0.023831693,0.015248206,11.044189,0.0043202625,0.0031068465,-8.249283e-05,0.00041675567626953125,0.0004248415709828957,True
95654,-11,0.64153,-2.4178452,1,2,93.482925,526.4595,0.3037405,124.39283,-2.4124794,0.64274997,39,25,1,11,0.034708466,0.022583047,11.072093,0.0066145593,0.0025297892,0.0053658485,0.0012199878692626953,0.0055027902687194985,True
95662,-11,-1.3076377,-1.8717453,1,2,27.60663,92.30553,0.08315317,36.469254,-1.8718448,-1.3128381,35,16,1,11,0.017931426,0.01633516,9.015603,0.0059566624,0.002179795,-9.942055e-05,0.005200386047363281,0.005201336317416225,True
95662,11,1.8747101,1.8825073,2,2,27.60663,92.30553,0.14035475,40.144966,1.875749,1.8783433,44,20,1,7,0.02710596,0.01794293,16.280397,0.009298338,0.0030252652,-0.0067583323,0.003633260726928711,0.00767304611126141,True
95665,-11,-0.014688304,-2.8017652,1,2,47.223373,400.4384,0.31030756,66.85622,-2.793079,-0.0029545582,52,29,1,11,0.027402367,0.031693004,13.08898,0.0034315127,0.0020142172,0.008686304,0.011733745224773884,0.014599063460025154,True
95666,11,-2.5459065,-1.7509412,2,2,19.356474,56.459743,0.91406995,23.095898,-1.7507495,-2.5724535,38,12,1,5,0.012715567,0.016185565,8.96626,0.00482939,0.002836342,0.00019168854,0.026546955108642578,0.026547647165723193,True
95666,-11,0.5280022,1.7155473,1,2,19.356474,56.459743,0.022747336,24.845472,1.7145822,0.52242833,36,17,1,9,0.015333791,0.016555723,7.1866074,0.006126111,0.0030757177,-0.0009651184,0.005573868751525879,0.005656807085369731,True
95667,-11,1.8284835,2.9012508,1,2,88.69804,812.2725,0.99167395,103.310196,2.9053319,1.8215274,48,30,1,11,0.030835807,0.020721344,12.192852,0.0034984902,0.002450022,0.004081011,0.0069561004638671875,0.008064860969191293,True
95667,11,-1.3087574,-2.9082656,2,2,88.69804,812.2725,0.59445006,77.52036,-2.90218,-1.3150344,52,29,1,13,0.022011386,0.0043586106,13.292817,0.002435113,0.0014421127,0.006085634,0.006276965141296387,0.008742724734508038,True
95668,-11,0.08258593,2.8410845,1,2,49.316895,428.90704,0.48825237,68.84657,2.8371117,0.074817084,50,25,1,9,0.036307015,0.02366876,12.847706,0.004405479,0.0031992192,-0.003972769,0.007768847048282623,0.008725702098969682,True
95668,11,-3.0506063,-2.8646615,2,2,49.316895,428.90704,0.1566267,61.746105,-2.853272,-3.0469756,52,27,1,9,0.032507848,0.022180948,10.792398,0.0039658635,0.0019454228,0.011389494,0.0036306381225585938,0.011954166957787702,True
95669,11,-0.51601374,2.95854,2,2,65.67696,642.15326,0.041129373,66.89473,2.9581487,-0.4950636,50,34,1,13,0.027194481,0.014318976,24.541449,0.0029105688,0.0020821919,-0.0003912449,0.020950138568878174,0.020953791509362264,True
95669,-11,2.619893,-2.9828131,1,2,65.67696,642.15326,0.056082807,38.482903,-2.992767,2.6258786,47,7,1,9,0.017513642,0.008191308,7.8578415,0.0017738607,0.00042723925,-0.009953976,0.0059854984283447266,0.011614982772927392,True
95674,-11,2.8040774,2.266845,1,2,91.817726,435.43484,0.48540783,106.61728,2.269308,2.8018847,43,15,1,9,0.017745363,0.015584004,8.284904,0.0037636172,0.0027865344,0.0024631023,0.0021927356719970703,0.0032977208510057646,True
95674,11,-0.32907695,-2.2107627,2,2,91.817726,435.43484,0.9465639,122.68622,-2.2137523,-0.33338422,48,22,1,9,0.017371237,0.020169705,9.5486355,0.00395745,0.0022701162,-0.0029895306,0.004307270050048828,0.005243078167563611,True
95676,-11,-0.48040482,2.3949838,1,2,40.86013,227.30415,0.07499948,48.61589,2.4010494,-0.4738314,40,26,1,13,0.022091467,0.017418148,9.447385,0.004041393,0.0028101145,0.006065607,0.00657343864440918,0.008944366086749684,True
95677,11,-2.007008,2.7512248,2,2,58.180817,450.91104,0.7478218,70.313225,2.7441616,-1.9932168,47,25,1,13,0.028828453,0.018500023,14.711247,0.0038411224,0.0029739367,-0.0070631504,0.013791322708129883,0.015494795143807697,True
95677,-11,1.126541,-2.7223406,1,2,58.180817,450.91104,0.35418937,72.45497,-2.7241123,1.1193466,52,26,1,11,0.025768919,0.02263149,11.248485,0.003405427,0.002628558,-0.0017716885,0.007194399833679199,0.0074093366041715625,True
95679,11,1.5882047,-1.8378056,2,2,76.581764,252.04372,0.361112,95.72652,-1.8413695,1.5877106,37,17,1,11,0.017161705,0.016749602,5.8477755,0.005755631,0.0024772156,-0.003563881,0.0004941225051879883,0.0035979722435000518,True
95679,-11,-1.5683471,1.883753,1,2,76.581764,252.04372,0.033252954,81.599915,1.8855627,-1.5639007,43,18,1,9,0.014446458,0.013163166,7.250707,0.0046765436,0.0029574675,0.0018097162,0.00444638729095459,0.004800565888983694,True
95681,11,-1.6010169,2.8895347,2,2,67.44712,598.3954,0.29683286,66.953964,2.8772187,-1.5781081,52,23,1,13,0.024463072,0.016671946,20.442501,0.0027599083,0.002302428,-0.012315989,0.022908806800842285,0.02600955604087402,True
95681,-11,1.5345922,-2.8564742,1,2,67.44712,598.3954,0.82279015,50.834415,-2.8337245,1.5135674,51,26,1,13,0.033355113,0.02462044,11.834444,0.004132947,0.0023154863,0.022749662,0.021024703979492188,0.030977173983596236,True
95685,11,-1.347844,1.9485922,2,2,61.187588,219.23984,0.33890304,73.53,1.9495513,-1.3516924,34,16,1,9,0.011897212,0.009228681,6.234717,0.0035764922,0.0024489928,0.00095915794,0.003848433494567871,0.00396615989631328,True
95685,-11,1.7767404,-1.9500353,1,2,61.187588,219.23984,0.5963958,75.36451,-1.9507421,1.7743772,52,19,1,9,0.0158702,0.017437585,8.939703,0.004871782,0.0022753796,-0.0007067919,0.0023632049560546875,0.0024666358483892837,True
95688,-11,-0.5530406,-2.614549,1,2,99.78574,681.23535,0.9807951,126.78607,-2.6271043,-0.5447945,52,24,1,11,0.027261356,0.025830163,11.038131,0.0039832867,0.0029070063,-0.012555361,0.008246123790740967,0.015021173144576041,True
95688,11,2.5939019,2.6027334,2,2,99.78574,681.23535,0.8658155,117.84997,2.6110985,2.5913239,46,27,1,9,0.03129454,0.026595853,9.417619,0.0045073233,0.0031409825,0.008365154,0.0025780200958251953,0.008753399164041444,True
95691,-11,0.43864468,-2.3197854,1,2,82.0688,419.95435,0.15145954,108.71192,-2.3193274,0.4486186,43,23,1,9,0.028792731,0.02310484,9.730685,0.0056749657,0.0025239768,0.0004580021,0.009973913431167603,0.009984423621185443,True
95691,11,-2.694262,2.3123317,2,2,82.0688,419.95435,0.14415379,98.29643,2.3112833,-2.694655,40,26,1,11,0.023365898,0.020485483,7.530098,0.0048956005,0.002942615,-0.0010483265,0.000392913818359375,0.0011195399261716451,True
95692,-11,2.9111123,1.5141927,1,2,67.8989,162.9714,0.8513102,65.64153,1.5163141,2.9062157,40,15,1,5,0.008512314,0.019865429,6.243674,0.004298956,0.002083343,0.0021214485,0.004896640777587891,0.005336443992678055,True
95692,11,-0.20624284,-1.5302843,2,2,67.8989,162.9714,0.9251263,65.68379,-1.5320809,-0.20696191,42,14,1,5,0.010471042,0.021956721,6.7951407,0.0052398597,0.0030452556,-0.0017966032,0.0007190704345703125,0.0019351602889798906,True
95693,11,-0.3378966,-2.1965334,2,2,78.18305,359.50388,0.8956278,94.86433,-2.194465,-0.34208137,45,20,1,7,0.019387037,0.016292917,6.883418,0.004425306,0.0028352637,0.0020685196,0.0041847825050354,0.004668102175201172,True
95693,-11,2.7934558,2.2171495,1,2,78.18305,359.50388,0.70806634,89.57605,2.2158906,2.7919765,35,21,1,7,0.023549741,0.015228424,6.780087,0.005240407,0.0031387103,-0.0012588501,0.0014793872833251953,0.0019424958950879283,True
95694,-11,-1.4042225,2.9635983,1,2,6.156746,60.41857,0.06877882,13.131095,2.9184408,-1.3843795,52,25,1,7,0.05984056,0.019207561,33.82426,0.006712021,0.003752893,-0.045157433,0.019842982292175293,0.049324817157714425,True
95694,11,1.7970002,-2.9853985,2,2,6.156746,60.41857,0.17364343,9.943413,-2.953299,1.7931703,52,22,1,9,0.038887847,0.026308943,49.07446,0.004156822,0.0026009227,0.032099485,0.0038298368453979492,0.03232715029469892,True
95695,11,-1.8903993,-1.6163075,2,2,70.762184,186.15219,0.36386856,88.90052,-1.6167502,-1.890354,43,18,1,9,0.013459327,0.012240738,6.1000667,0.0060771545,0.0023948848,-0.0004427433,4.5299530029296875e-05,0.00044505469141220127,True
95695,-11,1.2303402,1.6280305,1,2,70.762184,186.15219,0.92216426,81.89807,1.628237,1.2417724,41,16,1,9,0.01499325,0.014851609,5.9440227,0.00661063,0.0026023234,0.00020647049,0.011432170867919922,0.011434035193944092,True
95697,11,-0.3460031,2.5385945,2,2,74.44265,475.93573,0.5789596,84.80958,2.5347872,-0.34213057,45,19,1,9,0.022430126,0.009124169,8.292004,0.003570599,0.0030038,-0.0038073063,0.003872513771057129,0.005430648583140521,True
95697,-11,2.7879548,-2.5458796,1,2,74.44265,475.93573,0.97333115,96.1392,-2.5418973,2.7801332,43,29,1,11,0.033701908,0.022386478,11.257009,0.0053547556,0.0026813901,0.0039823055,0.00782155990600586,0.008776990179705475,True
95700,-11,-1.7924029,1.5227076,1,2,77.45688,184.66246,0.048245452,79.0532,1.5254365,-1.7926956,39,15,1,5,0.011396295,0.015624974,6.821607,0.0056501697,0.002513121,0.002728939,0.00029277801513671875,0.0027445996269583393,True
95700,11,1.3706102,-1.5069036,2,2,77.45688,184.66246,0.96873695,72.407455,-1.5089498,1.368853,32,16,1,5,0.011112378,0.014228249,5.704375,0.005574243,0.0026829783,-0.0020461082,0.0017572641372680664,0.0026971347712875923,True
95701,-11,2.9329717,2.1415186,1,2,86.95076,387.47195,0.6568109,112.095894,2.142898,2.9395843,50,20,1,9,0.02032739,0.017281825,13.078554,0.0050021713,0.0023066178,0.0013794899,0.006612539291381836,0.006754899574429902,True
95701,11,-0.19911885,-2.208943,2,2,86.95076,387.47195,0.5893508,105.35771,-2.207108,-0.19541688,47,18,1,9,0.023697412,0.020565743,9.61032,0.0054947087,0.0028964388,0.0018348694,0.0037019699811935425,0.004131746289501365,True
95702,-11,-2.5082505,-2.909248,1,2,25.8645,237.64969,0.0017070456,29.784681,-2.9028978,-2.523357,48,29,1,7,0.0357207,0.00824344,18.715946,0.0040746755,0.0031766833,0.006350279,0.015106439590454102,0.016386902057015026,True
95702,11,0.6485278,2.9069703,2,2,25.8645,237.64969,0.0044138404,34.19969,2.9110317,0.63732445,52,29,1,9,0.028028201,0.024458228,21.640545,0.0030921672,0.0025807742,0.0040614605,0.011203348636627197,0.011916815112442015,True
95707,-11,3.0995347,-2.3988867,1,2,73.31873,411.27475,0.21606477,95.65722,-2.405123,3.1024344,48,20,1,13,0.028838953,0.022330938,9.679495,0.005219503,0.0030153743,-0.006236315,0.002899646759033203,0.006877468617848267,True
95707,11,-0.03317497,2.4203422,2,2,73.31873,411.27475,0.7536407,82.3651,2.417157,-0.03336585,44,30,1,11,0.022422541,0.020610029,9.649792,0.0040517845,0.0032597273,-0.0031852722,0.00019088014960289001,0.003190986419057671,True
95709,11,-0.22065109,-2.3526764,2,2,7.5807357,40.67559,0.9799401,15.593135,-2.3502932,-0.25609496,41,21,1,5,0.042478167,0.04062547,16.373287,0.00826533,0.003109207,0.0023832321,0.03544387221336365,0.035523905652381726,True
95709,-11,2.831186,2.376874,1,2,7.5807357,40.67559,0.76846105,10.953384,2.380177,2.7918315,52,19,1,5,0.023793109,0.029838512,11.0933075,0.0046195933,0.0025732804,0.003303051,0.039354562759399414,0.0394929329833942,True
95710,-11,-0.10868223,-2.9467087,1,2,82.14285,795.0255,0.32891366,101.59528,-2.9565191,-0.10778412,52,38,1,9,0.026717706,0.02944511,16.935036,0.0028538583,0.002549589,-0.009810448,0.0008981078863143921,0.009851470996786479,True
95711,11,0.5959244,1.5964395,2,2,95.85994,248.98833,0.029211435,117.349655,1.5976381,0.59519017,33,17,1,9,0.011427091,0.010496973,5.8129425,0.0052129608,0.0029683975,0.0011986494,0.0007342100143432617,0.0014056403275708599,True
95711,-11,-2.5612714,-1.6204822,1,2,95.85994,248.98833,0.08915622,115.654,-1.6199619,-2.5605874,35,21,1,9,0.014580823,0.012708287,7.3670235,0.0065041427,0.0029384298,0.00052034855,0.0006840229034423828,0.0008594474565405074,True
95712,11,1.4184685,1.70119,2,2,40.13286,114.583496,0.23517329,52.147,1.6985793,1.4246464,48,20,1,7,0.023553977,0.01629871,9.460383,0.010106854,0.002820019,-0.0026106834,0.0061779022216796875,0.006706872867679779,True
95712,-11,-1.7565677,-1.7191374,1,2,40.13286,114.583496,0.56596863,47.376774,-1.7190403,-1.7611157,35,21,1,7,0.015210292,0.019920658,6.9849195,0.0058273794,0.002457147,9.715557e-05,0.0045479536056518555,0.004548991229287535,True
95714,11,-0.41673335,1.5868444,2,2,80.000595,204.4055,0.8139298,94.78018,1.5870513,-0.4188757,34,15,1,7,0.00943826,0.018729903,7.2504444,0.0043865456,0.002444,0.00020682812,0.0021423399448394775,0.0021523007014332095,True
95714,-11,2.7057662,-1.5942327,1,2,80.000595,204.4055,0.6956896,95.56779,-1.5922616,2.7051928,38,22,1,9,0.0118732415,0.015642583,6.706252,0.0055763004,0.0030247725,0.0019711256,0.0005733966827392578,0.0020528322168764878,True
95716,11,-0.016913822,2.164782,2,2,12.362199,55.58269,0.9077945,17.610657,2.152458,-0.021723906,37,21,1,9,0.02921232,0.023182953,13.030572,0.007257568,0.0024777646,-0.012324095,0.004810083657503128,0.013229520807106038,True
95716,-11,3.058493,-2.2035275,1,2,12.362199,55.58269,0.998739,21.704628,-2.2093482,3.047826,46,29,1,7,0.041200075,0.03324449,19.172106,0.009162115,0.003741667,-0.005820751,0.010666847229003906,0.012151657253131406,True
95719,-11,2.3479652,-1.4979141,1,2,30.467539,71.10473,0.9211472,26.202763,-1.4993659,2.344974,44,14,1,5,0.012347684,0.023636699,14.366694,0.006579267,0.0025723453,-0.0014518499,0.002991199493408203,0.0033249274803644965,True
95719,11,-0.7377309,1.4848038,2,2,30.467539,71.10473,0.8294132,12.066894,1.4842829,-0.76045436,47,12,1,3,0.033868685,0.045615047,47.134277,0.018364312,0.0029155854,-0.0005209446,0.02272343635559082,0.022729407011138618,True
95720,-11,2.8827252,2.2435322,1,2,65.957344,312.60437,0.015342255,87.25964,2.2471132,2.8744457,42,28,1,11,0.021515846,0.021076808,10.678002,0.0046080546,0.0025527515,0.003581047,0.008279561996459961,0.009020811764225539,True
95722,11,-1.9081972,2.7820082,2,2,74.26932,594.12585,0.23150183,84.27465,2.7921607,-1.9087975,52,20,1,9,0.03274682,0.008668887,15.864596,0.0038589132,0.0014142034,0.010152578,0.0006003379821777344,0.010170312284203328,True
95722,-11,1.2272801,-2.7553976,1,2,74.26932,594.12585,0.033093814,78.7099,-2.76065,1.1999617,52,38,1,9,0.058473967,0.02098527,22.348349,0.0069742477,0.0028781884,-0.0052523613,0.027318477630615234,0.027818815917066916,True
95723,-11,0.5963565,-1.5068333,1,2,63.77057,150.25304,0.8371337,78.87165,-1.5084261,0.59668034,43,21,1,9,0.016260043,0.015986629,10.553425,0.008129612,0.002735526,-0.0015927553,0.00032383203506469727,0.0016253420177755368,True
95723,11,-2.5188422,1.4967632,2,2,63.77057,150.25304,0.9983638,52.695805,1.4992512,-2.5064707,32,14,1,5,0.011491801,0.020139536,5.2338147,0.005833563,0.0028271622,0.002488017,0.012371540069580078,0.012619240583639679,True
95724,11,0.8871272,2.8508275,2,2,12.363245,108.01323,0.12026696,16.47557,2.849983,0.8528165,50,15,1,7,0.045359176,0.024098927,27.182428,0.0053718504,0.0036204574,-0.0008444786,0.03431069850921631,0.03432108938114172,True
95725,11,-2.394958,-2.4811192,2,2,24.087849,145.52936,0.29056847,33.57777,-2.4757044,-2.3939734,45,22,1,9,0.029304054,0.016472427,14.898783,0.004935771,0.0031705624,0.0054147243,0.0009846687316894531,0.005503527337084529,True
95725,-11,0.7216143,2.4887412,1,2,24.087849,145.52936,0.05208132,35.652596,2.484527,0.7342057,52,25,1,9,0.040355768,0.025787078,18.166512,0.0070493305,0.0024187542,-0.0042140484,0.012591421604156494,0.013277880185024654,True
95726,11,1.9706502,2.799745,2,2,15.757344,127.93441,0.20001468,25.07476,2.8044877,1.9697042,52,26,1,11,0.029833099,0.024149273,19.373922,0.003583913,0.0022792697,0.0047426224,0.000946044921875,0.004836059044427899,True
95726,-11,-1.1992128,-2.767672,1,2,15.757344,127.93441,0.983856,24.147957,-2.756031,-1.1835093,49,23,1,11,0.02473202,0.023969913,14.248824,0.0031730577,0.002420527,0.011641026,0.015703439712524414,0.019547672302764357,True
95730,-11,-1.7897475,2.3532214,1,2,35.281734,187.79971,0.9808274,46.798927,2.3541858,-1.7847487,50,19,1,7,0.02524426,0.020339262,10.270576,0.004956353,0.0032503998,0.00096440315,0.00499880313873291,0.005090982838341925,True
95730,11,1.3713156,-2.359249,2,2,35.281734,187.79971,0.73258173,41.31852,-2.352265,1.3688474,43,21,1,11,0.024207111,0.021712463,7.8251367,0.004834819,0.0030086082,0.006984234,0.0024682283401489258,0.007407541661701765,True
95731,-11,-2.9919524,2.2387574,1,2,64.884605,317.17126,0.9718839,80.16653,2.23714,-2.9937532,43,23,1,7,0.019680742,0.017956274,7.7158494,0.0044023786,0.00279219,-0.0016174316,0.0018007755279541016,0.002420511849624631,True
95731,11,0.16119199,-2.3009796,2,2,64.884605,317.17126,0.4752254,81.333336,-2.3051548,0.16564387,41,23,1,9,0.03939567,0.01416608,11.620954,0.007667724,0.0025899508,-0.004175186,0.00445188581943512,0.006103397971358562,True
95732,-11,-0.9050993,2.772658,1,2,15.687665,127.95611,0.5522361,27.190884,2.7435846,-0.89751095,44,30,1,7,0.05388533,0.044048354,14.467213,0.0072609177,0.0031402342,-0.029073477,0.007588326930999756,0.03004745805482626,True
95732,11,2.2646518,-2.8040218,2,2,15.687665,127.95611,0.74325114,20.685778,-2.7797718,2.2847657,49,24,1,9,0.048112363,0.024398979,15.897587,0.006234646,0.0027307074,0.02425003,0.02011394500732422,0.031506106539990274,True
95734,-11,-2.024455,1.72141,1,2,20.200428,58.983875,0.9105988,24.148632,1.724774,-2.0141053,34,15,1,7,0.017016843,0.02326406,11.214665,0.0066126613,0.0025400487,0.003363967,0.010349750518798828,0.010882720663136303,True
95734,11,1.1818665,-1.747129,2,2,20.200428,58.983875,0.24126728,28.62724,-1.7488151,1.1811595,40,21,1,7,0.015615799,0.018997502,8.155572,0.0058920477,0.003059993,-0.0016860962,0.0007070302963256836,0.0018283359118600295,True
95735,11,2.7388885,-2.2375476,2,2,2.8826256,13.718457,0.6887958,3.3001544,-2.2212927,2.740848,41,25,1,5,0.02999082,0.019888483,21.149597,0.0066562123,0.0032980856,0.016254902,0.001959562301635742,0.01637259038367727,True
95739,-11,0.9371701,-2.163622,1,2,32.84833,144.0512,0.89316124,45.64571,-2.168649,0.9387439,38,22,1,9,0.029033627,0.02488704,8.984072,0.0066893133,0.0027197336,-0.0050270557,0.001573801040649414,0.005267650199150386,True
95739,11,-2.1788378,2.1527715,2,2,32.84833,144.0512,0.08474477,45.39606,2.1584225,-2.1835165,41,27,1,9,0.029553812,0.022132134,10.710499,0.0069274544,0.0030546442,0.005650997,0.0046787261962890625,0.007336501164374349,True
95740,11,2.8438408,-1.6708825,2,2,35.541122,95.95257,0.7842917,52.28349,-1.6694182,2.8426304,46,32,1,7,0.016723106,0.023479108,29.397526,0.0070408047,0.0025380796,0.0014642477,0.0012104511260986328,0.0018997929796447449,True
95740,-11,-0.33803523,1.6299543,1,2,35.541122,95.95257,0.08013258,45.39045,1.631852,-0.33898035,34,16,1,9,0.016180942,0.016393704,7.5761433,0.0072640744,0.0023382246,0.0018976927,0.0009451210498809814,0.0021200215314484353,True
95741,-11,0.9667663,-2.823918,1,2,48.70582,405.18002,0.06872493,60.534885,-2.8276298,0.9695491,52,32,1,11,0.037886154,0.013925463,20.679064,0.0045866254,0.0026534828,-0.0037117004,0.0027828216552734375,0.004639053407463134,True
95744,11,2.1883497,1.9476364,2,2,65.075874,235.13774,0.016406005,85.14923,1.9467465,2.1860006,46,24,1,9,0.017293397,0.018040696,7.698668,0.0051394626,0.002442572,-0.00088989735,0.0023491382598876953,0.0025120445531795397,True
95744,-11,-0.96911335,-1.9685903,1,2,65.075874,235.13774,0.75450855,82.260925,-1.966647,-0.9727012,47,22,1,9,0.02395384,0.030368686,7.7325377,0.0071882573,0.0028702551,0.0019432306,0.0035878419876098633,0.0040802886546038464,True
95745,11,1.7655035,2.5109951,2,2,71.026184,433.5516,0.09294037,95.88803,2.5009575,1.764064,40,22,1,9,0.03558162,0.026303776,8.559456,0.006174521,0.0033993097,-0.010037661,0.0014395713806152344,0.010140364710087434,True
95745,-11,-1.384497,-2.4799244,1,2,71.026184,433.5516,0.7010347,56.568077,-2.4826648,-1.3610798,45,26,1,13,0.02789635,0.025192525,9.622982,0.004601857,0.002586134,-0.0027403831,0.023417234420776367,0.02357703474759118,True
95748,11,0.39579165,-2.0536997,2,2,68.41103,270.40054,0.13958392,87.582535,-2.0552635,0.38939413,40,18,1,9,0.01921983,0.015992615,6.082496,0.005313292,0.0025794911,-0.0015637875,0.006397515535354614,0.006585866396256202,True
95748,-11,-2.7595146,2.0485566,1,2,68.41103,270.40054,0.6072848,80.262665,2.0465128,-2.7630255,41,19,1,7,0.020195344,0.01975867,8.170737,0.0056950967,0.0029015196,-0.002043724,0.0035109519958496094,0.004062461316840166,True
95749,11,-1.2312173,2.9891007,2,2,97.01541,1004.4931,0.31676927,58.425167,2.9973745,-1.2071383,46,11,5,13,0.017116074,0.011837041,21.599659,0.0017168291,0.00037048737,0.00827384,0.024078965187072754,0.025460812904734904,True
95753,11,-3.0764682,-2.618495,2,2,31.230564,215.96683,0.6628912,41.862053,-2.6218357,-3.0844042,49,28,1,9,0.025955515,0.028570756,10.102868,0.0038172798,0.002864078,-0.0033407211,0.00793600082397461,0.008610489344342376,True
95753,-11,0.048331007,2.624749,1,2,31.230564,215.96683,0.249086,46.58569,2.631466,0.055755198,47,28,1,9,0.02696773,0.03168279,12.711614,0.003897786,0.0033141575,0.0067169666,0.007424190640449524,0.010011805464980681,True
95754,-11,-0.30207595,1.60511,1,2,80.09619,204.54568,0.7926597,97.397026,1.6056461,-0.29836,48,20,1,9,0.012489643,0.020502938,6.372072,0.00562509,0.0026010734,0.0005360842,0.0037159621715545654,0.0037544321926247237,True
95754,11,2.8585768,-1.5751259,2,2,80.09619,204.54568,0.97798204,86.67669,-1.5766687,2.8400638,43,18,1,13,0.01692786,0.01800623,10.128487,0.008167221,0.0024840245,-0.0015428066,0.018512964248657227,0.018577139109628563,True
95755,-11,1.0798078,2.5101607,1,2,95.50162,580.71106,0.87246245,110.71527,2.5085192,1.0771378,44,30,1,13,0.023540203,0.022532858,10.501672,0.0039610867,0.0030608526,-0.0016415119,0.0026699304580688477,0.0031341809086439846,True
95755,11,-2.0555663,-2.4730535,2,2,95.50162,580.71106,0.74418855,117.6679,-2.4720688,-2.053327,49,21,1,11,0.021875726,0.02654704,9.389934,0.0036912323,0.00283118,0.0009846687,0.002239227294921875,0.0024461625844350685,True
95757,11,-0.41785616,2.841184,2,2,27.818516,236.33617,0.0189762,43.492264,2.8116844,-0.40750143,50,31,1,9,0.068672456,0.03253544,17.709269,0.008832584,0.0026972587,-0.02949953,0.010354727506637573,0.03126408041086918,True
95757,-11,2.7084515,-2.8174171,1,2,27.818516,236.33617,0.9518469,31.589613,-2.8210144,2.6954904,52,16,1,7,0.038332168,0.0052963374,19.680447,0.004568396,0.0024787323,-0.0035972595,0.012961149215698242,0.01345108415914885,True
95759,-11,1.5361392,2.5035625,1,2,19.133642,119.60642,0.39622542,23.083025,2.5041013,1.5323191,45,19,1,11,0.024868185,0.017223842,12.342642,0.0042363177,0.002773589,0.000538826,0.003820180892944336,0.0038579937144830145,True
95759,11,-1.5750343,-2.5356722,2,2,19.133642,119.60642,0.3621764,30.118423,-2.5240746,-1.5770792,50,26,1,9,0.029185455,0.04421984,15.007247,0.00476762,0.0029547974,0.011597633,0.0020449161529541016,0.011776535176283168,True
95760,11,1.8224753,1.8519957,2,2,59.49578,196.30507,0.66755825,72.61034,1.8506049,1.8217841,38,24,1,13,0.013103183,0.018789887,7.869701,0.0044595534,0.002814638,-0.0013908148,0.0006911754608154297,0.0015530902654653119,True
95760,-11,-1.33829,-1.8744048,1,2,59.49578,196.30507,0.6043396,74.758156,-1.8719344,-1.3355774,35,15,1,11,0.015470925,0.0147717595,7.788326,0.0051041334,0.0026533136,0.002470374,0.0027126073837280273,0.0036689217654069686,True
95761,-11,-0.0020137888,-2.7800477,1,2,51.43666,416.23053,0.54659617,59.327847,-2.7857025,-0.009572394,50,26,3,9,0.02046763,0.024053995,15.023869,0.0025350219,0.0020590478,-0.005654812,0.007558605633676052,0.00943977848676663,True
95761,11,-3.1348915,2.7803493,2,2,51.43666,416.23053,0.48395514,68.3403,2.8036032,-3.1324203,52,38,1,9,0.0646476,0.028377386,23.930557,0.007318205,0.0021903063,0.023253918,0.0024712085723876953,0.023384857487366996,True
95762,-11,2.8167322,-2.1591253,1,2,62.84618,266.66895,0.34427682,62.840836,-2.154137,2.8137066,36,18,1,9,0.025119837,0.015272657,7.2470665,0.0060916753,0.0026565546,0.004988432,0.003025531768798828,0.005834234826227498,True
95762,11,-0.3110135,2.0907233,2,2,62.84618,266.66895,0.7133801,80.26218,2.0948582,-0.31109396,48,16,1,7,0.015480159,0.012572269,6.0318727,0.004011807,0.002408793,0.0041348934,8.046627044677734e-05,0.0041356762852948255,True
95764,11,-2.374051,2.5328956,2,2,29.320412,185.8073,0.36554414,42.36148,2.539666,-2.3746016,50,24,1,13,0.03802712,0.028197186,18.855663,0.0057996963,0.0026984685,0.0067703724,0.0005505084991455078,0.0067927169250911875,True
95764,-11,0.74800706,-2.5337143,1,2,29.320412,185.8073,0.87425226,39.076942,-2.5393643,0.74409807,52,24,1,7,0.034839414,0.02523595,17.781548,0.005380023,0.0035380032,-0.0056500435,0.003908991813659668,0.0068704590955101065,True
95769,11,1.9190555,-1.5123297,2,2,27.304646,64.207756,0.48024327,28.83145,-1.511932,1.9214288,49,15,1,5,0.017410312,0.017517,19.7817,0.009261363,0.002877363,0.0003976822,0.002373337745666504,0.0024064253944807755,True
95769,-11,-1.2843282,1.4873422,1,2,27.304646,64.207756,0.7265709,23.60896,1.4913921,-1.287407,40,11,1,5,0.0139877,0.016919056,9.562494,0.007066732,0.0028472897,0.004049897,0.0030788183212280273,0.005087316545668732,True
95773,11,3.0651855,2.1565385,2,2,93.07964,410.76318,0.7551562,117.77868,2.1573012,3.0662417,43,29,1,9,0.025708992,0.017991679,9.337363,0.0063653598,0.0028553137,0.00076270103,0.0010561943054199219,0.0013027890385242174,True
95773,-11,-0.085371755,-2.172773,1,2,93.07964,410.76318,0.47874233,112.911766,-2.1725335,-0.09031095,40,15,1,9,0.018744068,0.017379373,6.2091007,0.004510843,0.0028834613,0.00023937225,0.0049391984939575195,0.004944995534721808,True
95774,-11,1.5926781,-2.1757662,1,2,55.439884,246.41957,0.66299355,60.966045,-2.1813562,1.5830379,43,18,1,9,0.02495869,0.019914087,12.132216,0.0058468417,0.0024654528,-0.005589962,0.009640216827392578,0.011143673420151034,True
95774,11,-1.5339783,2.1682322,2,2,55.439884,246.41957,0.59764296,74.76129,2.1769228,-1.5263153,42,25,1,9,0.033342462,0.025330823,13.22423,0.0075886394,0.0029372165,0.008690596,0.00766301155090332,0.011586552615198396,True
95776,-11,-1.3902919,-1.9208292,1,2,50.291245,172.55374,0.09065368,62.809444,-1.9197743,-1.39513,47,19,1,9,0.02130172,0.023018224,10.574698,0.0066699577,0.0027146433,0.001054883,0.004838109016418457,0.0049517751353481835,True
95781,-11,-2.892728,-2.2150137,1,2,83.13884,384.54208,0.8047172,98.48417,-2.2118204,-2.8926,39,21,1,11,0.01901505,0.020198658,7.2503595,0.004402978,0.0024926434,0.0031933784,0.00012803077697753906,0.0031959439243730084,True
95781,11,0.2584309,2.2105834,2,2,83.13884,384.54208,0.95554495,98.82561,2.2073035,0.24977688,44,18,1,9,0.024302337,0.012225693,8.199534,0.0057516014,0.0026539958,-0.0032799244,0.008654013276100159,0.00925472042811945,True
95782,-11,-1.1888707,-2.6773758,1,2,58.02153,433.93973,0.28304693,74.49892,-2.6691794,-1.1931666,47,29,1,9,0.037515353,0.035111092,10.564268,0.0054825707,0.0029024265,0.008196354,0.004295945167541504,0.009253937752691645,True
95786,-11,1.6515467,-2.379472,1,2,63.5117,343.85217,0.7584701,85.07693,-2.3736022,1.6516932,47,23,1,9,0.03561049,0.023482243,12.300047,0.007135717,0.0027987435,0.0058698654,0.00014650821685791016,0.005871693432685782,True
95786,11,-1.4793761,2.3675635,2,2,63.5117,343.85217,0.12213413,74.17551,2.3715098,-1.4826667,39,21,1,11,0.024227938,0.018798525,8.893774,0.004576528,0.0033239566,0.0039463043,0.0032906532287597656,0.005138260062333533,True
95788,-11,2.627532,-1.4964361,1,2,50.272076,119.38812,0.97967875,62.553036,-1.4976435,2.6293766,51,17,1,5,0.010707527,0.018227242,7.872441,0.005461872,0.0027597444,-0.0012073517,0.001844644546508789,0.0022046341177618086,True
95788,11,-0.48088485,1.5248568,2,2,50.272076,119.38812,0.17670764,56.444866,1.5293711,-0.47745305,51,17,1,5,0.014510888,0.022047548,9.037975,0.007103063,0.0023269393,0.0045143366,0.0034317970275878906,0.005670667154497401,True
95790,11,-1.4755642,2.3280308,2,2,91.70713,470.32553,0.4531074,102.045456,2.32244,-1.4858731,41,22,1,13,0.01807964,0.014512042,6.753909,0.0037266423,0.0022776846,-0.0055909157,0.01030886173248291,0.011727359888362416,True
95790,-11,1.6583097,-2.3087304,1,2,91.70713,470.32553,0.9897427,99.33352,-2.3114429,1.6650577,42,23,1,13,0.01787772,0.017846048,7.6861033,0.0036604689,0.0030471124,-0.0027124882,0.0067479610443115234,0.007272727844156622,True
95792,-11,2.4302635,2.5087776,1,2,94.27471,596.9197,0.8837239,106.22975,2.5041363,2.4500544,48,23,1,11,0.025516381,0.012181071,7.7251945,0.004152251,0.002419341,-0.0046412945,0.0197908878326416,0.020327834514437017,True
95792,11,-0.7052556,-2.556664,2,2,94.27471,596.9197,0.7890346,106.105125,-2.5520027,-0.7056299,42,24,1,11,0.022872467,0.00810152,6.845729,0.0035959783,0.0023159394,0.0046613216,0.00037425756454467773,0.004676322069687282,True
95794,-11,2.9813023,-2.3340893,1,2,57.278366,299.24786,0.073603116,73.377975,-2.3304167,2.98037,46,26,1,9,0.027724745,0.020391233,8.975983,0.005504562,0.0031913614,0.0036725998,0.0009322166442871094,0.003789065466261239,True
95794,11,-0.14805418,2.3403509,2,2,57.278366,299.24786,0.29643288,74.07683,2.3438458,-0.13870777,50,24,1,9,0.02878322,0.02261607,9.659389,0.0057205553,0.0028971897,0.003494978,0.009346410632133484,0.0099784900150617,True
95797,11,1.8185284,-2.2326703,2,2,27.01243,129.37042,0.13841066,37.695408,-2.2363818,1.8179191,44,21,1,11,0.027715694,0.021577971,9.573726,0.0059628924,0.003253381,-0.003711462,0.000609278678894043,0.003761139559242882,True
95797,-11,-1.3513932,2.264563,1,2,27.01243,129.37042,0.3270159,36.225002,2.2588286,-1.350079,42,25,1,11,0.023908313,0.02309317,9.928299,0.005195647,0.0024523595,-0.0057344437,0.0013141632080078125,0.005883100217546296,True
95798,-11,-1.9053837,2.5753248,1,2,8.747847,58.59435,0.7273358,20.830784,2.5646076,-1.8915529,46,29,1,7,0.07362569,0.038565107,14.30406,0.011556925,0.005463361,-0.010717154,0.013830780982971191,0.0174970820947262,True
95800,-11,-0.12619899,2.7745092,1,2,56.86464,458.57764,0.44562325,65.659355,2.785013,-0.13491316,50,26,1,9,0.035579134,0.021016892,14.002595,0.004465716,0.0036872928,0.010503769,0.008714169263839722,0.01364792672403036,True
95801,-11,0.8834006,-1.8408941,1,2,74.9521,244.47728,0.03989517,95.02849,-1.8435745,0.8816982,40,26,1,9,0.01765269,0.016482865,7.873095,0.0058889,0.0024965655,-0.0026804209,0.001702427864074707,0.0031753608931796265,True
95801,11,-2.2427597,1.861341,2,2,74.9521,244.47728,0.9272749,84.19666,1.8583301,-2.2494955,39,14,1,9,0.013422049,0.01233714,5.282985,0.004574291,0.0024224804,-0.003010869,0.006735801696777344,0.007378099792599629,True
95805,-11,1.8507599,-1.8159492,1,2,51.267117,163.962,0.56091404,63.666264,-1.8217232,1.8508451,45,20,1,7,0.022818778,0.01961614,9.819246,0.007812616,0.0027156458,-0.005774021,8.52346420288086e-05,0.005774650358354206,True
95805,11,-1.2677991,1.8450229,2,2,51.267117,163.962,0.86480486,53.855293,1.8482428,-1.2786279,42,20,1,9,0.017612506,0.013588829,8.441629,0.0058474625,0.0025055667,0.003219843,0.010828733444213867,0.011297294203436788,True
95808,11,0.056999847,-1.9430372,2,2,47.21231,167.6385,0.66709715,58.823524,-1.9444267,0.06286232,40,19,1,7,0.022718878,0.031686343,10.795522,0.006865177,0.0025539813,-0.0013895035,0.00586247444152832,0.0060248922393464225,True
95808,-11,-3.1069078,1.9367266,1,2,47.21231,167.6385,0.016313812,60.673504,1.9343042,-3.1077745,52,20,1,9,0.019778827,0.012848935,13.235261,0.006281426,0.0028609335,-0.0024223328,0.0008666515350341797,0.0025726991470312504,True
99026,11,-1.6771004,1.633283,2,2,51.984226,140.16647,0.9784914,66.1092,1.6318653,-1.6861038,32,16,1,9,0.012567222,0.01243471,5.610994,0.005495775,0.0033233578,-0.0014177561,0.009003400802612305,0.009114343553767982,True
99029,-11,2.019276,-1.6402537,1,2,28.901224,77.48743,0.13233116,41.81397,-1.6399384,2.0195465,39,16,1,7,0.015581952,0.017927462,14.753738,0.0066883783,0.0025966165,0.00031530857,0.00027060508728027344,0.00041550765109788954,True
99029,11,-1.0723954,1.6452124,2,2,28.901224,77.48743,0.93210995,38.27724,1.6442332,-1.0779736,44,14,1,9,0.016866917,0.010420659,19.841146,0.0074399556,0.0028336633,-0.0009791851,0.005578160285949707,0.00566345085504619,True
99031,-11,2.468736,2.9475276,1,2,70.02058,666.6776,0.067846134,57.850395,2.9302177,2.4914176,52,24,1,11,0.036530834,0.0049664583,13.336368,0.0042013275,0.0021343788,-0.017309904,0.022681713104248047,0.02853231311092653,True
99033,11,0.6964485,-2.5751324,2,2,68.61287,447.9268,0.088794835,80.859,-2.574942,0.69260496,45,26,1,9,0.022434559,0.012379624,17.313843,0.0035345606,0.0024813926,0.00019025803,0.003843545913696289,0.00384825198073043,True
99033,-11,-2.4532783,2.5517716,1,2,68.61287,447.9268,0.34292072,58.31698,2.5501704,-2.434372,45,21,1,11,0.027587632,0.020975495,11.032236,0.004226411,0.0026671193,-0.0016012192,0.018906354904174805,0.018974039069639216,True
99036,-11,2.4826279,-2.82555,1,2,92.23618,793.9246,0.32495892,106.97463,-2.816254,2.4818592,51,27,1,9,0.029444737,0.008603688,11.313934,0.0036089711,0.0026005767,0.009296179,0.0007686614990234375,0.009327903455428372,True
99037,-11,0.78244895,1.632695,1,2,22.729303,60.944817,0.70200783,28.948505,1.6340661,0.779699,40,19,1,9,0.014765203,0.019125242,7.028319,0.0065975776,0.0027217634,0.0013711452,0.002749919891357422,0.0030727998054356845,True
99037,11,-2.2956455,-1.653189,2,2,22.729303,60.944817,0.66734254,19.28042,-1.6574881,-2.24972,32,16,1,9,0.017613705,0.021285761,8.20114,0.0073403367,0.0026110085,-0.004299164,0.04592537879943848,0.04612616640702979,True
99038,11,-2.5497358,-2.263656,2,2,78.51044,382.01782,0.9209365,91.2165,-2.260193,-2.5552008,45,25,1,11,0.019248594,0.016187957,7.70269,0.0042784414,0.0027156656,0.0034627914,0.005465030670166016,0.006469736069012126,True
99038,-11,0.58221614,2.2656574,1,2,78.51044,382.01782,0.8876318,94.15396,2.2592998,0.58222014,49,22,1,9,0.02197396,0.018775137,8.528025,0.0048882524,0.0027318941,-0.00635767,3.993511199951172e-06,0.006357671209738467,True
99039,11,-2.822338,2.9947467,2,2,36.726055,366.66974,0.0,19.48645,2.9837792,-2.8438034,50,17,1,17,0.023601998,0.020321092,25.544752,0.0024103296,0.0019929747,-0.010967493,0.021465301513671875,0.024104876577071256,True
99040,11,-2.771409,-1.6875728,2,2,46.18019,128.93587,0.75345504,55.658062,-1.6852076,-2.7743433,52,21,1,9,0.018787472,0.021847207,8.753917,0.0078802705,0.0028363096,0.0023652315,0.0029342174530029297,0.003768813097250422,True
99040,-11,0.34034815,1.6848552,1,2,46.18019,128.93587,0.53659296,55.42088,1.6855891,0.32837036,43,19,1,7,0.011798358,0.022605032,10.918734,0.0048551527,0.003175261,0.0007338524,0.011977791786193848,0.012000251472304541,True
99041,11,0.6414657,-2.248429,2,2,48.453136,230.92104,0.60304976,52.868782,-2.2459111,0.64298415,47,17,1,9,0.01561446,0.016194569,6.60887,0.003436034,0.0025423558,0.0025179386,0.0015184283256530762,0.0029403468140048626,True
99041,-11,-2.5160635,2.2384834,1,2,48.453136,230.92104,0.8595918,64.85464,2.234982,-2.512041,45,26,1,11,0.023178106,0.027571088,13.525153,0.0051376787,0.002365523,-0.0035014153,0.004022359848022461,0.0053328498283139935,True
99043,-11,1.7159578,-2.52182,1,2,32.487972,203.51723,0.16675176,34.405746,-2.5304255,1.7044613,48,24,1,11,0.031247532,0.0176064,14.010463,0.0049050865,0.0032267086,-0.00860548,0.011496424674987793,0.014360434166528557,True
99043,11,-1.4078559,2.5213983,2,2,32.487972,203.51723,0.69190425,40.19078,2.5283825,-1.4129837,46,29,1,9,0.029241456,0.023977099,18.69565,0.00458564,0.0021615762,0.006984234,0.0051277875900268555,0.008664509674480516,True
99046,11,0.90014505,2.6533282,2,2,56.3449,393.57574,0.3830455,70.46903,2.6501849,0.9098602,48,25,1,9,0.03715007,0.026571887,11.914282,0.0054322914,0.0036596826,-0.0031433105,0.009715139865875244,0.0102109913234521,True
99046,-11,-2.2506356,-2.6106784,1,2,56.3449,393.57574,0.31440187,69.40424,-2.6089835,-2.2445393,46,16,1,9,0.022316929,0.015756615,9.606395,0.0032408547,0.0022488656,0.0016949177,0.006096363067626953,0.006327589472579836,True
99052,11,-1.5681536,1.5065506,2,2,27.48359,63.54089,0.9921079,26.487888,1.5066856,-1.597843,40,13,1,5,0.010537126,0.024497287,6.6350613,0.005358855,0.002813306,0.00013506413,0.029689431190490723,0.029689738407954386,True
99055,-11,-0.3739601,2.683304,1,2,70.54316,518.9559,0.48858598,80.47745,2.6808748,-0.36435705,52,21,1,9,0.023814984,0.010799501,10.140621,0.0033906165,0.0018030796,-0.002429247,0.009603053331375122,0.00990554762451482,True
99055,11,2.7746253,-2.6848795,2,2,70.54316,518.9559,0.30596685,83.76127,-2.6910377,2.7893248,44,24,1,11,0.02544935,0.024373833,12.287255,0.003430133,0.0027202351,-0.0061581135,0.014699459075927734,0.01593726630672888,True
99056,11,-1.698244,-2.5006454,2,2,52.067955,323.96555,0.030377716,66.73733,-2.4974642,-1.7057768,39,18,1,11,0.02065219,0.013420955,8.188624,0.0034772581,0.0024860164,0.003181219,0.007532835006713867,0.008177026241231788,True
99058,11,-0.9186469,2.9549751,2,2,95.18952,917.1321,0.47157714,100.91494,2.946683,-0.9327531,52,30,1,11,0.03432354,0.024980485,18.884464,0.0037696443,0.0028920602,-0.008292198,0.014106214046478271,0.01636294058203086,True
99058,-11,2.2189767,-2.9566762,1,2,95.18952,917.1321,0.5952202,81.56756,-2.9470825,2.1846642,52,28,1,11,0.035841893,0.02209815,19.524122,0.0039507397,0.0026983833,0.009593725,0.03431248664855957,0.03562844792340225,True
99059,11,0.76428044,2.5628312,2,2,68.15107,445.5332,0.3737934,87.6456,2.5555367,0.7607747,51,29,1,11,0.03598976,0.024999697,11.999978,0.00594357,0.0028342032,-0.0072944164,0.0035057663917541504,0.008093139594828599,True
99059,-11,-2.3854833,-2.566759,1,2,68.15107,445.5332,0.04693415,95.83996,-2.5582023,-2.3885899,52,20,1,11,0.038322918,0.02762136,11.293756,0.006251685,0.0030985686,0.008556843,0.0031065940856933594,0.009103322964471154,True
99063,11,-1.495857,-2.7303889,2,2,28.471498,224.58072,0.6319718,34.24081,-2.7240088,-1.5057849,42,24,1,9,0.033982273,0.02869467,12.181124,0.0046246788,0.0029104822,0.006380081,0.009927868843078613,0.011801187041454365,True
99063,-11,1.6296072,2.779113,1,2,28.471498,224.58072,0.46060118,39.260174,2.7603316,1.6506562,50,22,1,9,0.032833613,0.02790418,20.119371,0.0043149074,0.0027644604,-0.018781424,0.021049022674560547,0.02820998431303659,True
99064,-11,-2.6312046,1.5059655,1,2,91.7173,219.33136,0.5656535,115.63691,1.5060463,-2.6272354,48,14,1,7,0.012708159,0.013399609,9.626607,0.0065602856,0.0027769392,8.08239e-05,0.0039691925048828125,0.003970015320292454,True
99068,-11,-1.0279726,1.8921905,1,2,16.369963,56.16349,0.25444707,18.539888,1.8877627,-1.0369021,40,14,1,7,0.018959291,0.013692352,7.433507,0.006236422,0.0037155964,-0.0044277906,0.00892949104309082,0.009967002559171465,True
99068,11,2.1803868,-1.9163685,2,2,16.369963,56.16349,0.06391239,22.808254,-1.9184189,2.1871023,47,31,1,5,0.025063867,0.026541708,27.057344,0.007721569,0.00232899,-0.0020503998,0.006715536117553711,0.007021578498109505,True
99071,-11,-0.7848215,-2.8777225,1,2,58.776646,519.2811,0.37267625,71.310814,-2.8831823,-0.7802013,51,28,1,9,0.026039608,0.024189392,20.16909,0.0029649967,0.0020948215,-0.0054597855,0.004620194435119629,0.007152304033918862,True
99071,11,2.3636942,2.8596241,2,2,58.776646,519.2811,0.4546133,69.65255,2.8731692,2.3671923,50,14,1,9,0.022408148,0.008110516,9.766358,0.0025360505,0.0007112079,0.013545036,0.003498077392578125,0.013989444614081923,True
99075,-11,-1.6694045,-2.4478178,1,2,44.911762,264.4437,0.4475812,50.566273,-2.454967,-1.6649928,41,18,1,9,0.02559596,0.013308849,7.9045606,0.004335749,0.0033513093,-0.0071492195,0.0044116973876953125,0.008400857888181314,True
99075,11,1.48598,2.4698963,2,2,44.911762,264.4437,0.42833558,66.409935,2.4715796,1.4876229,45,26,1,9,0.032534737,0.027374398,13.121397,0.0056128106,0.003313006,0.0016832352,0.0016428232192993164,0.0023520520322049725,True
99078,11,2.5968454,-1.5642152,2,2,69.548,172.33467,0.27286485,83.062355,-1.5640044,2.5964227,41,27,1,7,0.012893025,0.018754717,9.8788,0.006218169,0.0026618666,0.00021076202,0.0004227161407470703,0.0004723447537312006,True
99078,-11,-0.5675148,1.5501152,1,2,69.548,172.33467,0.42141202,60.34385,1.5516639,-0.5744771,39,15,1,7,0.0101318685,0.011660759,5.421178,0.004927287,0.002463387,0.0015486479,0.006962299346923828,0.007132455568730178,True
99084,11,-2.9939842,2.5269608,2,2,57.96535,372.42587,0.10322496,70.46218,2.5254605,-2.9965754,52,27,1,11,0.023966784,0.02425397,11.401541,0.00385634,0.0028660274,-0.0015003681,0.0025911331176757812,0.002994173553260109,True
99084,-11,0.1378589,-2.5679379,1,2,57.96535,372.42587,0.71129704,52.19839,-2.5690157,0.16378656,40,26,1,7,0.041352123,0.028050298,11.865133,0.0066741584,0.002168365,-0.0010778904,0.02592766284942627,0.025950058737558176,True
99087,-11,0.6155113,2.8615336,1,2,15.079114,134.0304,0.14901425,27.279306,2.8499067,0.6004151,51,27,1,5,0.056068923,0.019461319,21.444727,0.0066117686,0.0039141965,-0.011626959,0.015096187591552734,0.019054685821954825,True
99088,-11,1.2977641,-2.0842142,1,2,81.86585,333.87158,0.2158062,98.126015,-2.0881429,1.2982996,43,19,1,9,0.01878334,0.016048217,9.1599245,0.004949614,0.0027130598,-0.0039286613,0.0005354881286621094,0.0039649876776026854,True
99088,11,-1.8327564,2.0826762,2,2,81.86585,333.87158,0.73664546,101.146805,2.084427,-1.8333664,44,28,1,11,0.022014294,0.019638093,9.919096,0.00573319,0.003267382,0.001750946,0.0006099939346313477,0.0018541587452304588,True
99089,-11,-2.2668471,-2.5981123,1,2,22.892807,154.55234,0.31059,34.787163,-2.5786507,-2.2697246,51,26,1,9,0.042181823,0.02966115,11.9494095,0.0067525366,0.003431479,0.019461632,0.002877473831176758,0.019673204635580248,True
99089,11,0.898208,2.5965867,2,2,22.892807,154.55234,0.48798627,29.40225,2.5833158,0.8967965,40,18,1,9,0.031706665,0.016735822,11.359496,0.005022743,0.0021722147,-0.013270855,0.0014114975929260254,0.013345707650481747,True
99091,-11,-1.1456462,-3.0087044,1,2,94.321495,953.1318,0.26164597,3.0309212,-2.9806046,-1.1521273,50,11,3,37,0.01842421,0.0496989,57.746025,0.0018752138,0.0008682406,0.028099775,0.006481051445007324,0.028837500333818485,True
99092,11,-2.7626178,-2.5655086,2,2,97.43497,630.4112,0.11782345,129.14168,-2.556231,-2.7617154,49,28,1,11,0.038397137,0.02178009,9.181112,0.0062614176,0.002965776,0.009277582,0.0009024143218994141,0.009321366983777791,True
99092,-11,0.3732286,2.543239,1,2,97.43497,630.4112,0.14596349,116.99766,2.5401018,0.36688656,41,17,1,11,0.021396851,0.01713563,7.9384236,0.0033792611,0.0022127647,-0.00313735,0.006342053413391113,0.007075634740500799,True
99093,11,0.038107827,-1.9199837,2,2,24.401348,83.61743,0.80365604,26.537144,-1.9254847,0.024521763,38,19,1,9,0.018174138,0.013696042,11.929231,0.0055800425,0.0027333102,-0.0055009127,0.013586064800620079,0.014657462158058798,True
99093,-11,3.1348412,1.8860195,1,2,24.401348,83.61743,0.8366476,29.416607,1.8898517,3.1334136,37,23,1,7,0.020634579,0.029972564,10.719547,0.0066703777,0.0033660622,0.003832221,0.0014276504516601562,0.004089511483155674,True
99094,-11,-2.612763,-1.8406559,1,2,78.18441,247.8682,0.09229537,89.88375,-1.8392621,-2.611823,34,16,1,11,0.011219064,0.012377933,5.689423,0.0038475436,0.0025807626,0.001393795,0.0009398460388183594,0.0016810636859258424,True
99094,11,0.5441146,1.8020296,2,2,78.18441,247.8682,0.06946718,100.38366,1.7987189,0.5502831,45,19,1,9,0.015500463,0.013655093,6.3307734,0.0056268396,0.0021196718,-0.0033106804,0.006168484687805176,0.007000771940086281,True
99096,11,1.5772699,-1.8641742,2,2,54.899517,182.67032,0.767621,66.0962,-1.8602691,1.579365,47,17,1,11,0.016071359,0.0118978,8.480785,0.0053716116,0.002580769,0.003905177,0.0020951032638549805,0.0044316888152304825,True
99096,-11,-1.5849105,1.8798078,1,2,54.899517,182.67032,0.1570656,62.763134,1.8778777,-1.5787543,46,16,1,9,0.016461818,0.010001868,7.42704,0.005496646,0.0026069242,-0.0019301176,0.006156206130981445,0.006451684112712321,True
99097,11,2.133407,-1.5627316,2,2,70.557945,173.84274,0.34161493,84.19942,-1.5618267,2.1346776,52,16,1,9,0.009138814,0.011888515,8.706996,0.004409769,0.0022490376,0.0009049177,0.0012705326080322266,0.0015598490851254094,True
99097,-11,-1.0307686,1.5392348,1,2,70.557945,173.84274,0.9314864,82.82845,1.5411502,-1.0230381,43,15,1,7,0.014654149,0.014481588,8.957073,0.007095726,0.0025400354,0.0019154549,0.0077304840087890625,0.007964254538127697,True
99098,-11,-1.8836474,1.9049478,1,2,42.287117,144.30434,0.09503287,52.39427,1.9046296,-1.8865527,43,19,1,11,0.017519632,0.01455201,8.747686,0.0055308514,0.0026461594,-0.0003181696,0.00290524959564209,0.002922619904025223,True
99100,-11,-2.9275298,-1.8006308,1,2,59.29177,182.81807,0.6127876,71.46939,-1.8033526,-2.9275498,52,16,1,11,0.016265038,0.017088525,7.511027,0.005711719,0.002624422,-0.0027217865,2.002716064453125e-05,0.002721860178890485,True
99100,11,0.23480827,1.7830338,2,2,59.29177,182.81807,0.34930876,73.43516,1.7837851,0.2289629,52,17,1,7,0.015815677,0.018260444,7.697668,0.0057578674,0.002854719,0.00075125694,0.005845367908477783,0.005893446612932923,True
99105,-11,-2.0538735,-1.7477125,1,2,72.82222,214.1691,0.9087637,84.98169,-1.7472507,-2.053308,40,15,1,9,0.012700432,0.018867128,6.337403,0.004817831,0.002831475,0.0004618168,0.0005655288696289062,0.0007301353626578536,True
99105,11,1.1055629,1.7356514,2,2,72.82222,214.1691,0.381168,93.92104,1.7307043,1.1064893,52,19,1,9,0.013608324,0.01236066,7.517721,0.005181502,0.0024352209,-0.0049470663,0.0009263753890991211,0.0050330544366495806,True
99106,11,-1.3120883,1.5205961,2,2,85.188866,203.73087,0.2409929,80.92858,1.5228094,-1.3156505,45,15,1,3,0.013527935,0.02240155,9.159779,0.00674335,0.003217812,0.0022132397,0.0035622119903564453,0.004193779207751805,True
99107,11,-2.301102,-2.674451,2,2,46.400738,333.9137,0.08501946,59.541893,-2.6638484,-2.3137412,50,29,1,9,0.028637951,0.021858845,11.883698,0.004173619,0.0025699802,0.010602713,0.012639284133911133,0.016497545915369623,True
99109,11,0.27556404,-1.679209,2,2,75.50875,208.98177,0.36936575,93.66033,-1.6778702,0.2777219,36,22,1,9,0.0118207345,0.014161411,6.5630608,0.0049379,0.0024783646,0.0013388395,0.002157866954803467,0.0025394647211651688,True
99109,-11,-2.8844454,1.6743913,1,2,75.50875,208.98177,0.24129422,89.66923,1.6754917,-2.883694,45,18,1,9,0.010851525,0.011060153,6.409471,0.0045718234,0.0030325647,0.001100421,0.000751495361328125,0.0013325432582631097,True
99113,-11,-1.240077,1.8076789,1,2,96.555756,297.16638,0.4460062,117.428986,1.8059876,-1.2419968,44,22,1,9,0.013448843,0.014370338,6.4640703,0.0048147393,0.002695303,-0.0016913414,0.0019197463989257812,0.0025585273045324285,True
99113,11,1.9143031,-1.7723279,2,2,96.555756,297.16638,0.9629036,102.60662,-1.7724049,1.9100434,37,16,1,7,0.012385858,0.021010153,6.9955177,0.0045565465,0.0028164487,-7.70092e-05,0.004259705543518066,0.004260401593104209,True
99116,11,1.4234506,2.0569882,2,2,36.802242,147.81422,0.9015661,48.802223,2.0568473,1.4264312,41,20,1,7,0.025043756,0.027816935,9.144277,0.0067519424,0.002679514,-0.00014090538,0.0029805898666381836,0.002983918611371521,True
99116,-11,-1.7432414,-2.078538,1,2,36.802242,147.81422,0.5210146,51.07245,-2.0763707,-1.7393192,46,19,1,7,0.023800634,0.015781658,8.226827,0.0060739955,0.0025620295,0.002167225,0.003922224044799805,0.004481149956005132,True
99117,-11,-2.3010368,2.7683897,1,2,83.27454,663.65704,0.41829565,96.90627,2.7590742,-2.3060546,52,29,1,9,0.026251495,0.010558362,9.104026,0.0034356345,0.0023202065,-0.009315491,0.005017757415771484,0.010580938374616138,True
99117,11,0.84600925,-2.7612462,2,2,83.27454,663.65704,0.74554175,99.218575,-2.7413247,0.84520954,49,27,1,9,0.020339346,0.016858216,9.764804,0.0027027489,0.0015849355,0.019921541,0.000799715518951416,0.019937586400284705,True
99118,-11,1.0620811,2.4764702,1,2,68.92622,422.7247,0.38814294,80.827705,2.4798768,1.070979,40,17,1,9,0.018731361,0.009951828,6.1302204,0.0031265249,0.0020574643,0.0034065247,0.008897900581359863,0.009527698830394993,True
99118,11,-2.0708919,-2.5243683,2,2,68.92622,422.7247,0.14178298,92.13468,-2.5264888,-2.058618,49,29,1,11,0.03649512,0.024674753,16.588207,0.005629402,0.0023961973,-0.0021204948,0.012273788452148438,0.012455616448731553,True
99119,11,0.76184225,1.6652088,2,2,82.793274,234.27505,0.57012916,106.894775,1.6660898,0.76153016,37,23,1,11,0.011966723,0.01764948,9.254697,0.0050353836,0.002575058,0.00088095665,0.0003120899200439453,0.0009346040535890691,True
99119,-11,-2.3961277,-1.7373778,1,2,82.793274,234.27505,0.8176599,103.15112,-1.7373686,-2.3958535,34,20,1,13,0.013709096,0.014559975,6.8516226,0.0052677584,0.0026039113,9.179115e-06,0.0002741813659667969,0.0002743349733465003,True
99125,-11,-3.0045886,2.595342,1,2,81.09733,548.1808,0.6637425,107.61268,2.6061788,-2.9979413,50,26,1,11,0.031794876,0.027692433,11.232849,0.0046324693,0.002313435,0.01083684,0.006647348403930664,0.012713155888051234,True
99125,11,0.14357045,-2.601843,2,2,81.09733,548.1808,0.8036411,98.87497,-2.5964267,0.15151179,41,22,1,11,0.025405716,0.017144136,7.4179296,0.003940913,0.0024496969,0.0054163933,0.007941335439682007,0.009612602379279103,True
99126,11,0.2577222,-1.5994765,2,2,67.63416,175.22209,0.7082334,56.397938,-1.5992306,0.27231237,42,14,1,7,0.010599783,0.00977979,6.4942436,0.0048984434,0.0032451008,0.00024580956,0.014590173959732056,0.014592244464529749,True
99128,11,1.5668944,-1.7291397,2,2,82.63161,239.05434,0.9848215,95.42532,-1.7286445,1.5692648,33,19,1,7,0.013578548,0.017850699,6.9252567,0.005354407,0.002936214,0.0004951954,0.0023703575134277344,0.0024215311714999867,True
99128,-11,-1.5906699,1.7191916,1,2,82.63161,239.05434,0.8647405,97.36111,1.7206469,-1.5907967,33,17,1,11,0.011481615,0.01139505,6.0202746,0.0044671926,0.0030229958,0.001455307,0.00012683868408203125,0.001460823923655906,True
99129,11,0.26749685,2.2280614,2,2,62.704124,293.97324,0.21035019,83.62843,2.2287605,0.27609903,46,23,1,9,0.029456817,0.023476906,8.206823,0.0064910217,0.0027645722,0.0006990433,0.008602172136306763,0.008630528776469802,True
99129,-11,-2.8865952,-2.2252247,1,2,62.704124,293.97324,0.4674706,78.01115,-2.2211666,-2.8924735,42,21,1,9,0.021299021,0.015555422,7.5182624,0.004711602,0.003273415,0.0040581226,0.0058782100677490234,0.007142948439459931,True
99131,11,-0.2045026,1.8913882,2,2,3.7886906,12.744538,0.030781055,8.031064,1.9004769,-0.20126143,51,18,1,11,0.037878904,0.023077156,19.050314,0.01181386,0.0029642605,0.009088755,0.0032411664724349976,0.009649384451613735,True
99131,-11,2.6421933,-1.8823462,1,2,3.7886906,12.744538,0.122497946,8.243346,-1.8854315,2.6483932,40,22,1,5,0.035824303,0.052666835,18.807045,0.011580887,0.0034482959,-0.0030853748,0.006199836730957031,0.006925136370015614,True
99135,11,2.697937,-1.8467122,2,2,55.791702,178.15965,0.96252227,55.98928,-1.846529,2.690715,33,16,1,11,0.01616219,0.011231313,6.28079,0.00560927,0.00268302,0.00018322468,0.00722193717956543,0.007224261063128337,True
99135,-11,-0.46484908,1.811152,1,2,55.791702,178.15965,0.20300443,70.43773,1.8123006,-0.46057662,39,17,1,11,0.016156401,0.01945495,6.4262824,0.005715532,0.0025650666,0.0011485815,0.0042724609375,0.004424156633921451,True
99138,11,2.9746938,-1.9492501,2,2,89.2967,321.06314,0.90394574,112.0085,-1.9469943,2.9754622,51,17,1,11,0.015241244,0.01699116,7.704041,0.004619226,0.0027069752,0.0022557974,0.0007684230804443359,0.002383085390304845,True
99138,-11,-0.17853513,1.9565663,1,2,89.2967,321.06314,0.5572301,110.81726,1.9572672,-0.17289974,41,21,1,9,0.020787532,0.018979259,8.711319,0.0062184525,0.0026069426,0.0007008314,0.005635395646095276,0.005678806982425395,True
99142,11,-1.5208769,-1.7234784,2,2,57.372654,165.4779,0.70871335,71.15471,-1.7226855,-1.5203313,46,18,1,9,0.013545148,0.023407876,8.718451,0.0053758323,0.002715311,0.0007929802,0.0005456209182739258,0.0009625589720531131,True
99142,-11,1.597578,1.7183962,1,2,57.372654,165.4779,0.45838055,68.066284,1.7177826,1.5965241,46,27,1,7,0.017967159,0.017333925,11.109803,0.0074716383,0.0028576183,-0.0006135702,0.001053929328918457,0.001219522620870393,True
99144,11,1.6602354,-1.5944388,2,2,24.945442,63.572006,0.086040236,29.117626,-1.596219,1.6621082,43,16,1,7,0.0146792345,0.018678388,8.8257,0.0066961134,0.0027477904,-0.0017801523,0.0018727779388427734,0.0025838420217114437,True
99144,-11,-1.5427421,1.5813102,1,2,24.945442,63.572006,0.8035101,24.082226,1.5814809,-1.5302699,33,14,1,7,0.0152185885,0.013190072,6.4528174,0.0071040317,0.0023347216,0.0001707077,0.012472271919250488,0.012473440100768663,True
99147,11,1.566442,2.1005661,2,2,63.399807,265.60797,0.025093418,76.88693,2.10041,1.5683875,36,17,1,11,0.015475732,0.016946087,6.2607155,0.003955279,0.0027234706,-0.00015616417,0.00194549560546875,0.0019517531602830764,True
99148,-11,-1.811641,-2.4580421,1,2,78.73496,455.0042,0.8156352,102.210335,-2.4593122,-1.8083981,48,20,1,9,0.03188321,0.017215585,10.799678,0.005438614,0.0033225487,-0.0012700558,0.0032428503036499023,0.00348268857295183,True
99148,11,1.3380163,2.4218948,2,2,78.73496,455.0042,0.9116787,96.98372,2.4226558,1.3389208,43,21,1,11,0.021140287,0.018252393,7.8352714,0.003845443,0.0029988133,0.0007610321,0.0009045600891113281,0.0011821162459254597,True
99151,11,-1.3797449,-2.1277802,2,2,57.87785,241.70338,0.47155342,72.23924,-2.1262696,-1.3773293,39,15,1,9,0.019002244,0.01372202,7.349497,0.004730618,0.0032354621,0.0015106201,0.0024155378341674805,0.002848999151762966,True
99155,11,-2.0848098,-2.9971254,2,2,72.76632,730.39514,0.4518078,38.07506,-2.9886286,-2.070306,52,38,1,29,0.025348533,0.04514019,25.076418,0.0025288968,0.0017397138,0.008496761,0.014503717422485352,0.01680930616135958,True
99156,11,-2.0481853,1.6535519,2,2,48.2432,130.01419,0.62423414,60.07044,1.6538734,-2.0480123,48,15,1,9,0.01611833,0.021423748,6.402343,0.006978581,0.0028619072,0.00032150745,0.00017309188842773438,0.0003651408560605181,True
99156,-11,1.0636739,-1.6429267,1,2,48.2432,130.01419,0.015789928,59.52013,-1.6445875,1.0622693,39,17,1,7,0.012824442,0.012288688,7.3557124,0.0054772035,0.0029535023,-0.0016608238,0.0014045238494873047,0.0021750914949888174,True
99157,-11,-3.1058638,-1.9960732,1,2,70.94216,266.79495,0.09729288,90.61969,-1.9980288,-3.1063085,50,17,1,11,0.016352909,0.016677558,6.682399,0.004628372,0.0026863012,-0.0019555092,0.00044465065002441406,0.0020054251790846,True
99157,11,0.049674872,2.003153,2,2,70.94216,266.79495,0.9569594,84.09783,2.00508,0.050299447,38,15,1,9,0.013868447,0.010466345,5.6577935,0.0039458377,0.002507209,0.001926899,0.0006245747208595276,0.0020255945225346236,True
99161,11,0.8338703,-2.6671243,2,2,25.407143,183.6231,0.72171015,39.971363,-2.6566517,0.8222165,47,29,1,9,0.041824706,0.0286603,25.058762,0.0061273607,0.0017059855,0.010472536,0.011653780937194824,0.015667948780434683,True
99161,-11,-2.327493,2.6652708,1,2,25.407143,183.6231,0.32877588,36.649563,2.6375368,-2.3160448,46,28,1,7,0.051745847,0.031562407,19.371191,0.0078046876,0.0027985428,-0.027734041,0.011448144912719727,0.03000395084349357,True
99163,11,3.016412,2.54916,2,2,64.182014,417.28757,0.67078006,84.326965,2.5505333,3.0213027,44,27,1,9,0.026822435,0.021395078,10.450959,0.00420468,0.0029966466,0.001373291,0.0048906803131103516,0.005079830916343724,True
99163,-11,-0.13387933,-2.5694172,1,2,64.182014,417.28757,0.7139845,77.61523,-2.5669792,-0.12535076,45,22,1,9,0.024988426,0.022649644,9.457639,0.003930797,0.002488956,0.0024380684,0.008528575301170349,0.008870218369022976,True
99166,-11,-2.9376583,-1.836668,1,2,17.694506,56.276527,0.9240094,20.999517,-1.83512,-2.9088488,36,14,1,9,0.02088808,0.014717041,7.4493446,0.007168326,0.0027554883,0.0015480518,0.028809547424316406,0.02885110894260692,True
99166,11,0.27109772,1.8128278,2,2,17.694506,56.276527,0.9754562,16.120798,1.8126848,0.25262377,41,16,1,11,0.012633928,0.01387927,9.057805,0.004382426,0.0023543665,-0.00014305115,0.018473953008651733,0.01847450685124402,True
99167,-11,0.11843813,-2.8909245,1,2,67.920296,602.4063,0.07930668,87.569786,-2.893622,0.11923965,52,38,1,9,0.030676883,0.029686097,24.368326,0.0032900171,0.0023525914,-0.0026974678,0.0008015185594558716,0.002814029908716816,True
99169,-11,-0.2090419,-2.5864549,1,2,89.73721,602.3409,0.6640997,109.747894,-2.5811994,-0.19922644,49,27,1,9,0.023863412,0.016437918,12.399436,0.0037728066,0.0020998965,0.0052554607,0.009815454483032227,0.01113386791222972,True
99169,11,2.938564,2.596554,2,2,89.73721,602.3409,0.441281,98.91971,2.590729,2.947781,46,28,1,9,0.025594337,0.018093683,11.147494,0.0039768936,0.0027971428,-0.0058250427,0.009217023849487305,0.010903423837746673,True
99170,-11,-2.4442077,-1.6114832,1,2,89.49391,230.78627,0.59044904,80.51768,-1.6137433,-2.4511943,34,15,1,9,0.008670096,0.008941801,5.071967,0.0038734358,0.0022123216,-0.002260089,0.0069866180419921875,0.007343080660013773,True
99170,11,0.71425515,1.5898038,2,2,89.49391,230.78627,0.7111376,103.89114,1.5918783,0.7171437,36,14,1,5,0.010959875,0.019504314,5.4318542,0.0050164917,0.002508458,0.00207448,0.0028885602951049805,0.0035562969543500877,True
99171,-11,-2.1526089,-2.079955,1,2,53.391514,219.68745,0.29192686,60.986183,-2.080152,-2.1540484,41,21,1,9,0.017795814,0.010571751,6.868696,0.004745082,0.003058957,-0.00019693375,0.0014395713806152344,0.0014529792360295892,True
99171,11,1.0058054,2.1054385,2,2,53.391514,219.68745,0.5087651,71.885445,2.1038666,1.0063859,44,24,1,7,0.025354026,0.021435387,8.144058,0.0065247593,0.0032124023,-0.0015718937,0.0005805492401123047,0.0016756751303140887,True
99173,-11,1.4211613,-2.526701,1,2,47.76614,299.95557,0.7832676,43.960175,-2.5337539,1.4377522,46,19,1,9,0.023542114,0.0134694455,8.729032,0.0038043694,0.0031952031,-0.0070528984,0.01659095287322998,0.01802784216021373,True
99173,11,-1.7083478,2.5214458,2,2,47.76614,299.95557,0.20667192,55.750168,2.5171607,-1.7181599,43,20,1,9,0.019989474,0.022261646,14.266358,0.0033731062,0.0023966727,-0.004285097,0.009812116622924805,0.01070699259205883,True
99174,-11,2.5728898,2.745038,1,2,69.41117,551.3759,0.846555,64.38236,2.7491207,2.6026094,49,22,1,9,0.031318072,0.0197351,18.190844,0.00411,0.0021603499,0.0040826797,0.02971959114074707,0.029998706148645412,True
99174,11,-0.5621785,-2.7783103,2,2,69.41117,551.3759,0.5886336,80.968025,-2.7893674,-0.5475098,50,19,1,9,0.025809517,0.0014449038,13.498154,0.0032627264,0.0021396913,-0.011057138,0.014668703079223633,0.018369299575203234,True
99176,11,2.608626,2.6410203,2,2,75.83488,531.46796,0.88474137,92.175354,2.6439128,2.6052606,43,21,1,9,0.024137467,0.027179852,10.789972,0.0035065294,0.0031162293,0.0028924942,0.0033652782440185547,0.00443752412571495,True
99176,-11,-0.53978366,-2.6292243,1,2,75.83488,531.46796,0.4786528,94.23226,-2.6272938,-0.5350003,48,25,1,9,0.027011748,0.025967231,8.92863,0.004011563,0.0028097106,0.0019304752,0.004783332347869873,0.0051581976431915285,True
99177,11,1.6232586,-1.7438129,2,2,46.470737,138.35985,0.21886137,60.519848,-1.7450353,1.6208609,44,18,1,11,0.01835431,0.014555532,6.5807333,0.0070518837,0.0028248355,-0.001222372,0.0023976564407348633,0.0026912728943624775,True
99177,-11,-1.5458944,1.7658027,1,2,46.470737,138.35985,0.7521148,58.28154,1.7651379,-1.545756,44,16,1,7,0.017705973,0.016721483,8.201243,0.0067402716,0.0026280947,-0.0006648302,0.00013840198516845703,0.0006790834267775633,True
99178,-11,0.3337971,1.6650779,1,2,11.46498,31.569159,0.9805314,15.164964,1.6687785,0.33205307,36,12,1,3,0.016001148,0.0106386095,7.4492736,0.006845862,0.0020050097,0.003700614,0.0017440319061279297,0.0040909889950407775,True
99178,11,-2.6857686,-1.6787395,2,2,11.46498,31.569159,0.12228853,16.778471,-1.6765617,-2.680596,32,13,1,9,0.0241796,0.022311328,7.7838526,0.009845894,0.0030572615,0.0021778345,0.0051724910736083984,0.005612274666755573,True
99179,11,1.2841309,-2.3382075,2,2,75.14958,395.79007,0.05245279,99.39951,-2.3372684,1.2911813,45,31,1,13,0.02906315,0.021865964,11.784854,0.0057230513,0.0032733178,0.0009391308,0.0070503950119018555,0.007112667323274792,True
99179,-11,-1.866702,2.3526814,1,2,75.14958,395.79007,0.7500927,95.56001,2.351521,-1.8712744,52,20,1,11,0.023994539,0.025647817,8.657558,0.004668067,0.0028675266,-0.0011603832,0.004572391510009766,0.0047173354016475785,True
99182,-11,1.0718862,1.551611,1,2,39.46227,96.78112,0.98352486,38.13913,1.5506076,1.0912533,45,16,1,5,0.016745089,0.014272496,12.6420555,0.00818673,0.0030290165,-0.0010033846,0.019367098808288574,0.01939307342510594,True
99182,11,-2.029046,-1.5402155,2,2,39.46227,96.78112,0.52905804,31.483427,-1.5361466,-2.01543,42,12,1,7,0.017809201,0.023797523,7.4162626,0.008922006,0.003365859,0.0040688515,0.013616085052490234,0.01421102826054132,True
99184,-11,-0.4742443,-2.930253,1,2,21.449203,198.5641,0.8187078,27.177942,-2.9227235,-0.49459928,52,38,1,11,0.026427843,0.023654316,33.05593,0.0027658192,0.0013837336,0.007529497,0.0203549861907959,0.021702967299350003,True
99187,11,0.16097032,-2.3466077,2,2,59.37852,310.38672,0.7422703,81.4047,-2.3478997,0.16781208,52,22,1,9,0.026197454,0.022699248,12.7667885,0.0050879046,0.0025074237,-0.0012919903,0.006841763854026794,0.0069626842138237,True
99187,-11,-2.9923897,2.3289979,1,2,59.37852,310.38672,0.85522735,79.611664,2.3359158,-2.9986215,46,26,1,9,0.03934359,0.025975173,12.58486,0.0075474055,0.0028346207,0.0069179535,0.006231784820556641,0.009310919533337068,True
99191,-11,-2.3037548,-2.5608382,1,2,99.8424,655.99945,0.99922746,114.18543,-2.5668085,-2.2941718,47,22,1,9,0.023350818,0.015130876,9.0567255,0.003737883,0.0027146207,-0.0059702396,0.009582996368408203,0.01129059708383607,True
99191,11,0.84334034,2.578994,2,2,99.8424,655.99945,0.18323994,123.09329,2.578937,0.8405766,52,29,1,13,0.03128435,0.034716256,11.028106,0.0049403487,0.0033642363,-5.698204e-05,0.0027637481689453125,0.002764335524909615,True
99192,-11,-2.7162814,-1.6406194,1,2,80.0684,212.32323,0.07082621,102.8552,-1.6411104,-2.7179403,36,22,1,9,0.012113532,0.012503891,7.172362,0.005282889,0.0029753665,-0.00049102306,0.0016589164733886719,0.0017300599702077322,True
99192,11,0.443558,1.6210488,2,2,80.0684,212.32323,0.30321136,97.292336,1.622645,0.44434214,37,14,1,9,0.010854644,0.014388212,5.2922754,0.0047881952,0.0028467337,0.0015962124,0.0007841289043426514,0.0017784127941694687,True
99193,11,-0.20427793,2.6492312,2,2,54.064793,390.85114,0.056559533,69.41525,2.6503131,-0.1889564,46,27,1,11,0.027046803,0.027615879,11.429438,0.003946862,0.0028892132,0.0010819435,0.015321537852287292,0.015359691530826747,True
99193,-11,2.928074,-2.6840327,1,2,54.064793,390.85114,0.0411514,64.408844,-2.6926892,2.9223995,47,30,1,11,0.030797476,0.008500698,11.601564,0.004188024,0.002303262,-0.008656502,0.0056743621826171875,0.010350526951048081,True
99195,11,-2.5018208,2.315274,2,2,49.437054,254.74002,0.37050617,60.568478,2.3104587,-2.5007658,44,23,1,9,0.024093485,0.019944588,8.876925,0.0050354665,0.002930391,-0.00481534,0.001055002212524414,0.004929556753656893,True
99195,-11,0.6253736,-2.3310869,1,2,49.437054,254.74002,0.9991452,59.40859,-2.332274,0.6342182,47,29,1,11,0.019310266,0.019190397,12.395506,0.003784904,0.0030121973,-0.0011870861,0.008844614028930664,0.008923921261722385,True
99196,-11,-2.8953843,-1.65664,1,2,45.938717,123.91165,0.96477103,43.528893,-1.6561,-2.890226,36,14,1,7,0.010442495,0.00849949,5.2617536,0.004435233,0.0029918796,0.0005400181,0.005158424377441406,0.005186613691639946,True
99196,11,0.27742547,1.6417562,2,2,45.938717,123.91165,0.03863415,56.589542,1.6414247,0.27644393,39,14,1,11,0.015950788,0.015189471,8.480569,0.007333322,0.0025544544,-0.00033152103,0.0009815394878387451,0.0010360144604834357,True
99199,-11,0.5217623,2.7580414,1,2,43.426884,337.8649,0.93139106,54.354736,2.7436593,0.5180722,46,30,1,9,0.047796138,0.031001456,16.34995,0.00656626,0.0028550543,-0.014382124,0.0036901235580444336,0.014847979803024472,True
99199,11,-2.6091707,-2.723393,2,2,43.426884,337.8649,0.88537973,56.683193,-2.7164297,-2.598561,52,26,1,9,0.025602737,0.02831866,14.797916,0.0034773059,0.0030316985,0.006963253,0.010609626770019531,0.012690589995289504,True
99202,-11,-0.36615863,2.3242724,1,2,48.79134,246.67313,0.99499846,62.563736,2.3209965,-0.3653426,44,26,1,11,0.028378462,0.031203171,9.27532,0.00587904,0.0028056463,-0.0032758713,0.000816047191619873,0.003375983655392508,True
99202,11,2.7902708,-2.2836447,2,2,48.79134,246.67313,0.19038983,62.185585,-2.2877314,2.7932763,49,24,1,9,0.0220335,0.01835436,8.526607,0.004721478,0.0027665338,-0.004086733,0.003005504608154297,0.005072912758203442,True
99205,11,1.5642121,1.7922206,2,2,51.81147,158.79329,0.50678164,47.66643,1.794068,1.5786258,47,19,1,7,0.012206351,0.018072562,7.8386836,0.004367259,0.0026922051,0.0018473864,0.014413714408874512,0.014531620673900153,True
99205,-11,-1.6012938,-1.778666,1,2,51.81147,158.79329,0.885536,67.8959,-1.7806652,-1.5971779,42,26,1,11,0.015997032,0.02539686,12.173006,0.005788307,0.0022195478,-0.0019991398,0.004115939140319824,0.004575752925258116,True
99212,-11,1.0529134,-2.78422,1,2,60.25997,490.96152,0.9813203,66.52628,-2.7805498,1.064473,51,29,1,9,0.039384518,0.0074238107,19.599098,0.0047455286,0.002375494,0.0036702156,0.011559605598449707,0.012128271268565976,True
99212,11,-2.0813205,2.789907,2,2,60.25997,490.96152,0.71850204,45.251606,2.7838023,-2.109557,47,18,1,9,0.021255035,0.013794837,12.2218895,0.0026289339,0.0017529617,-0.0061047077,0.02823638916015625,0.028888771654461822,True
99213,11,0.88652116,-2.5044491,2,2,75.87421,474.29514,0.96940124,97.04732,-2.498722,0.8926176,47,25,1,11,0.031241367,0.021800283,10.743591,0.00532522,0.0030226342,0.0057270527,0.0060964226722717285,0.008364538379066566,True
99213,-11,-2.262682,2.5346732,1,2,75.87421,474.29514,0.6143173,96.91477,2.5415082,-2.265184,50,29,1,11,0.030772788,0.031673238,10.566598,0.004917822,0.0031633202,0.006834984,0.002501964569091797,0.007278518372090046,True
99214,-11,1.4424413,-2.9724865,1,2,22.437727,217.58588,0.0,24.546415,-2.9758453,1.3964286,52,22,1,9,0.03333475,0.0595803,38.713554,0.0034755252,0.002521111,-0.003358841,0.0460127592086792,0.046135190716763266,True
99214,11,-1.6826408,2.952296,2,2,22.437727,217.58588,0.073329724,21.323189,2.9390943,-1.6384959,49,34,3,9,0.04796384,0.012179304,32.50215,0.005304269,0.0024730433,-0.013201714,0.04414486885070801,0.046076617640470066,True
99215,-11,0.64712036,-2.4604352,1,2,25.167921,151.15038,0.24155149,34.194942,-2.4589336,0.65628797,45,28,1,9,0.030564748,0.022533217,11.775746,0.005200842,0.0032245752,0.0015015602,0.009167611598968506,0.009289767784898918,True
99215,11,-2.4704146,2.4976692,2,2,25.167921,151.15038,0.3822867,23.317148,2.4978554,-2.4993565,41,25,1,7,0.031451277,0.02616748,15.846829,0.0053309794,0.0038111478,0.00018620491,0.028941869735717773,0.02894246872794144,True
99216,11,2.2527163,2.7275903,2,2,53.413258,418.15375,0.07922217,73.44479,2.7261307,2.2494287,51,30,1,11,0.04922305,0.024502615,13.9236,0.00615742,0.0024925803,-0.0014595985,0.0032875537872314453,0.0035970040041105674,True
99218,11,-0.88209236,-1.9007026,2,2,78.059845,269.91888,0.80718493,90.21137,-1.901012,-0.8815232,49,27,1,9,0.020592863,0.025855308,11.598212,0.0067151464,0.0026479987,-0.0003093481,0.0005691647529602051,0.0006477999436058863,True
99218,-11,2.245621,1.9238571,1,2,78.059845,269.91888,0.06703935,97.93403,1.9233949,2.2496488,39,22,1,9,0.018678784,0.018696694,9.053069,0.0058834227,0.0030837227,-0.00046217442,0.004027843475341797,0.0040542728389044,True
99220,-11,2.2714896,-1.7198205,1,2,74.64521,213.79416,0.34591988,86.620186,-1.7210009,2.2716322,47,22,1,9,0.014101805,0.014298741,11.06185,0.005532184,0.002788623,-0.0011804104,0.00014257431030273438,0.0011889895098115757,True
99220,11,-0.8521475,1.707139,2,2,74.64521,213.79416,0.19039056,93.00142,1.7090335,-0.85172516,43,16,1,9,0.011839044,0.012597053,6.136627,0.004665027,0.002398848,0.001894474,0.00042235851287841797,0.0019409839159576366,True
99221,11,-0.72056705,-2.3795047,2,2,53.556324,288.9152,0.10452735,65.755585,-2.3807037,-0.71650743,41,19,1,11,0.02482945,0.017335502,7.6704435,0.0047681895,0.0032927063,-0.001199007,0.00405961275100708,0.0042329745451161116,True
99221,-11,2.4084132,2.360292,1,2,53.556324,288.9152,0.9151664,67.78563,2.3608453,2.4054065,46,21,1,9,0.026074113,0.019883811,9.554332,0.0051458217,0.0030345502,0.0005533695,0.0030066967010498047,0.003057195263650512,True
99231,-11,-1.4579991,-2.1540434,1,2,69.33001,303.45737,0.748215,94.13022,-2.1527612,-1.4561925,43,24,1,9,0.021805137,0.021325704,9.328252,0.0054120766,0.002834554,0.0012822151,0.0018066167831420898,0.0022153870567025607,True
99231,11,1.6957179,2.1583698,2,2,69.33001,303.45737,0.9532539,85.382965,2.155564,1.6906857,35,21,1,13,0.015335393,0.016919449,7.1159706,0.0036846565,0.0027464689,-0.0028057098,0.005032181739807129,0.005761498135239171,True
99234,-11,0.62568897,1.7829541,1,2,34.06498,103.22625,0.5598001,24.749264,1.7797033,0.603963,42,19,1,9,0.01310279,0.023027768,7.1098228,0.004751918,0.002198515,-0.0032508373,0.021725952625274658,0.021967816486715773,True
99234,11,-2.4790819,-1.7640402,2,2,34.06498,103.22625,0.20266719,45.846264,-1.7564739,-2.480321,45,16,1,9,0.025716688,0.020277387,11.328651,0.010105242,0.0035527563,0.007566333,0.0012390613555908203,0.007667115811877786,True
99236,-11,2.1043682,2.5009403,1,2,5.735916,34.633366,0.98614806,12.168888,2.5053008,2.115437,45,24,1,7,0.058964852,0.029373348,22.198233,0.009808348,0.0049812715,0.0043604374,0.01106882095336914,0.011896731126692602,True
99236,11,-0.9322255,-2.4688175,2,2,5.735916,34.633366,0.57576776,9.795451,-2.4641197,-0.9009746,51,25,1,9,0.04928335,0.02385504,16.88694,0.008470101,0.0048900186,0.0046977997,0.031250953674316406,0.03160207947924105,True
99237,-11,-0.23809843,1.7729502,1,2,66.43693,203.0425,0.41005677,83.19776,1.7733747,-0.2374992,45,19,1,11,0.013706131,0.01620401,7.642326,0.0050775474,0.0026746008,0.00042450428,0.0005992203950881958,0.0007343493485424118,True
99237,11,2.9222064,-1.7919834,2,2,66.43693,203.0425,0.7491284,76.96183,-1.7911985,2.9191213,39,19,1,9,0.01431329,0.021635657,7.2590837,0.0051899957,0.0028948018,0.00078487396,0.0030851364135742188,0.003183409151714361,True
99238,11,-1.206881,2.9867065,2,2,70.91924,694.20325,0.61033994,44.65483,2.993375,-1.2061238,50,12,3,11,0.014644998,0.011771151,12.199206,0.0014827141,0.00025596793,0.0066685677,0.0007572174072265625,0.006711421054940417,True
99238,-11,1.9295125,-2.957021,1,2,70.91924,694.20325,0.08751237,81.02888,-2.9512494,1.9133998,52,26,1,9,0.03747259,0.01791689,18.529427,0.004162244,0.0018627725,0.005771637,0.016112685203552246,0.017115210127257474,True
99239,11,-2.7476342,-2.0494983,2,2,3.0067472,11.672307,0.74816245,5.588123,-2.0375807,-2.7467198,34,16,1,5,0.030239474,0.023598446,7.6228857,0.008370032,0.0041259713,0.011917591,0.0009143352508544922,0.011952614200688754,True
99240,-11,-0.9299059,-1.8302995,1,2,31.46921,100.31974,0.9373387,31.51331,-1.829685,-0.9362472,37,23,1,9,0.021893803,0.022885464,8.645942,0.0077282493,0.0027584254,0.0006145239,0.006341338157653809,0.006371044594411382,True
99240,11,2.2493322,1.8237047,2,2,31.46921,100.31974,0.97164184,37.498962,1.8224529,2.2315767,46,17,1,9,0.022349548,0.018272158,14.460104,0.007720009,0.0023768481,-0.0012518167,0.017755508422851562,0.017799582144372175,True
99241,-11,2.4696069,-2.2971144,1,2,99.21461,499.86606,0.2973441,126.70327,-2.3027647,2.4690514,46,26,1,11,0.02270438,0.025256518,8.509628,0.004789232,0.0025083928,-0.005650282,0.0005555152893066406,0.005677524474871839,True
99241,11,-0.66464996,2.3033094,2,2,99.21461,499.86606,0.9265651,122.2779,2.302897,-0.66722834,41,24,1,9,0.01847817,0.018580677,8.754943,0.003817273,0.0030502188,-0.00041246414,0.0025783777236938477,0.002611160346349718,True
99242,-11,2.050507,2.6049213,1,2,84.175385,562.8389,0.0961072,102.65932,2.6139066,2.057075,48,23,1,13,0.032806918,0.021231834,15.945341,0.004840062,0.0020123383,0.008985281,0.006567955017089844,0.011129838734600092,True
99242,11,-1.084648,-2.5705848,2,2,84.175385,562.8389,0.5470533,103.36112,-2.5712593,-1.0702424,52,24,1,9,0.02991312,0.023040334,10.434297,0.004794962,0.0028619976,-0.00067448616,0.014405608177185059,0.014421389618722186,True
99243,-11,-2.297533,2.644214,1,2,70.3546,492.43405,0.5160247,85.69163,2.6482782,-2.2834287,42,25,1,9,0.025309203,0.021680586,8.3879385,0.0036613669,0.0027903987,0.0040643215,0.014104366302490234,0.014678278477011487,True
99243,11,0.8513856,-2.623535,2,2,70.3546,492.43405,0.56620884,91.19735,-2.6153617,0.8481367,48,26,1,11,0.03448866,0.019657772,13.384096,0.0052049058,0.0022999188,0.008173227,0.003248870372772217,0.008795271593113087,True
99246,11,2.9196703,2.2223797,2,2,94.612495,443.8964,0.4944548,117.92572,2.2263947,2.9245138,41,27,1,9,0.027827654,0.016734108,11.348747,0.0060119373,0.0030819827,0.004014969,0.004843473434448242,0.006291200994555762,True
99246,-11,-0.2302037,-2.2324388,1,2,94.612495,443.8964,0.09440405,126.89156,-2.2309966,-0.23207225,42,28,1,11,0.023163866,0.028985312,10.025537,0.0050976523,0.0028094957,0.001442194,0.0018685460090637207,0.0023603787029780766,True
99247,-11,-1.9679744,-2.4346962,1,2,67.967445,388.47818,0.539349,84.97436,-2.4423177,-1.9608339,40,21,1,9,0.02058491,0.016407955,10.256335,0.0037051954,0.0020394097,-0.0076215267,0.007140517234802246,0.010443881263159833,True
99247,11,1.1830275,2.4225762,2,2,67.967445,388.47818,0.7957104,82.93163,2.4187012,1.1946472,39,25,1,9,0.02287024,0.02299433,8.6899,0.0042910026,0.0027351498,-0.0038750172,0.0116196870803833,0.012248791217168833,True
99248,11,2.423017,-1.6539878,2,2,29.585836,79.406944,0.62418884,36.127197,-1.656362,2.421087,44,24,1,7,0.018610055,0.021109363,10.566536,0.0076206825,0.0031807774,-0.0023742914,0.0019299983978271484,0.0030597636239948554,True
99248,-11,-0.7672951,1.6338664,1,2,29.585836,79.406944,0.3538708,37.33377,1.633711,-0.76997495,31,15,1,7,0.015164911,0.016535722,7.3108187,0.0066920617,0.002864551,-0.00015544891,0.0026798248291015625,0.002684329614522148,True
99252,-11,1.5862226,2.7934444,1,2,52.655804,430.1366,0.8319788,52.19847,2.7917812,1.5944395,52,26,1,15,0.03346468,0.0019398965,13.972143,0.0041083028,0.001859903,-0.001663208,0.00821685791015625,0.008383496573205536,True
99252,11,-1.5469253,-2.7859874,2,2,52.655804,430.1366,0.84194374,67.228584,-2.7981615,-1.5566001,52,31,1,9,0.04408848,0.028738137,15.804583,0.00515209,0.0021658542,-0.0121741295,0.009674787521362305,0.015550271272331728,True
99253,-11,-1.1672354,2.6227922,1,2,7.708045,52.560284,1.0002389,16.642706,2.624677,-1.1502557,51,28,1,13,0.050255064,0.039251056,18.27088,0.0073112613,0.005056076,0.0018846989,0.016979694366455078,0.01708397232916459,True
99253,11,2.0432963,-2.5926833,2,2,7.708045,52.560284,0.43402869,16.695988,-2.6280785,2.0515804,48,22,1,48,0.045024514,0.02155195,63.781685,0.006109862,0.0031012045,-0.035395145,0.00828409194946289,0.03635165018198095,True
99258,-11,-1.0665357,-2.5712183,1,2,18.792122,123.44246,0.6026168,26.202864,-2.5610895,-1.0509566,45,31,1,9,0.034884483,0.02188902,18.851208,0.005666259,0.0029538749,0.0101287365,0.01557910442352295,0.018582244087119316,True
99258,11,2.104423,2.5681355,2,2,18.792122,123.44246,0.9932298,28.399364,2.5627625,2.099226,46,28,1,9,0.035426058,0.023498408,15.015739,0.0056460453,0.0034775562,-0.005373001,0.005197048187255859,0.007475189005407745,True
99259,-11,1.1346631,1.90651,1,2,36.810246,128.01053,0.5297863,42.819595,1.9017665,1.1366673,40,16,1,9,0.012807592,0.015224367,6.4186335,0.0041486174,0.0023309211,-0.004743457,0.0020041465759277344,0.005149464615537668,True
99259,11,-1.977698,-1.9299933,2,2,36.810246,128.01053,0.6096472,49.495716,-1.9252892,-1.9809015,37,23,1,7,0.028423984,0.01962218,8.78136,0.008863759,0.0028426298,0.004704118,0.0032035112380981445,0.0056913275118877895,True
99261,-11,-1.7407869,1.5579804,1,2,41.743797,103.98255,0.53652424,47.598946,1.5596759,-1.7437199,46,20,1,9,0.013771444,0.023127254,6.9154043,0.006579878,0.002639022,0.0016955137,0.002933025360107422,0.0033878318348816937,True
99261,11,1.4385031,-1.5678599,2,2,41.743797,103.98255,0.5765606,51.584816,-1.5683941,1.4387791,47,15,1,7,0.016834736,0.023103366,14.386107,0.00841163,0.0028481814,-0.0005341768,0.0002759695053100586,0.0006012520566246048,True
99263,-11,2.088345,-2.5869517,1,2,60.11931,406.06058,0.6629378,77.53166,-2.5859065,2.0923202,44,20,1,9,0.021791916,0.02354613,9.081758,0.003421638,0.0024260823,0.001045227,0.0039751529693603516,0.004110272584330544,True
99263,11,-1.0443406,2.6087637,2,2,60.11931,406.06058,0.9266973,86.150635,2.602904,-1.0526748,51,30,1,11,0.04365058,0.030949933,19.934696,0.00664323,0.0033542921,-0.0058596134,0.008334159851074219,0.010187899183914528,True
99265,11,1.3568604,-2.8132534,2,2,98.73816,829.83264,0.2685021,94.32065,-2.812253,1.3538402,49,23,1,11,0.026147792,0.0068663615,8.288742,0.0031483914,0.0028393173,0.0010004044,0.003020167350769043,0.003181543604286594,True
99265,-11,-1.7891386,2.8234575,1,2,98.73816,829.83264,0.081136234,90.39493,2.8183482,-1.8075103,48,17,1,11,0.024515454,0.011059853,7.820157,0.0029822541,0.002760778,-0.00510931,0.01837170124053955,0.019068939573417782,True
99266,11,1.4907063,-1.7470195,2,2,37.061253,108.9451,0.091543674,47.588737,-1.7493733,1.4921947,39,18,1,9,0.021330984,0.016818741,9.981172,0.0080218725,0.0028179826,-0.0023537874,0.001488327980041504,0.002784858235310581,True
99266,-11,-1.6859181,1.7354078,1,2,37.061253,108.9451,0.60616136,39.818256,1.7336645,-1.6846446,31,15,1,7,0.012327301,0.019582467,5.5155425,0.0048611006,0.0028134265,-0.0017433167,0.001273512840270996,0.0021589321197907746,True
99269,-11,0.21644956,-1.8787658,1,2,9.976831,33.330326,0.91564924,15.987669,-1.8757684,0.2632862,36,22,1,9,0.02154569,0.0314428,15.457587,0.007167301,0.0029870041,0.0029973984,0.046836644411087036,0.046932458455932656,True
99270,11,-0.014742642,-2.1539278,2,2,62.950012,275.47318,0.5481018,73.7264,-2.158052,-0.00661358,43,17,1,9,0.01925528,0.01705514,9.551717,0.0045713843,0.0027682264,-0.0041241646,0.008129062131047249,0.009115392717633865,True
99270,-11,3.1134784,2.1580482,1,2,62.950012,275.47318,0.32435414,76.7087,2.1636457,3.117903,45,20,1,9,0.020100525,0.018579142,8.264939,0.0046702838,0.0021294442,0.0055975914,0.004424571990966797,0.0071351151622000815,True
99271,-11,2.5575073,-1.4855865,1,2,35.578045,82.89328,0.9080199,12.827166,-1.4907625,2.5325208,35,13,1,3,0.012253588,0.01977043,5.95676,0.0063614417,0.004173694,-0.005175948,0.02498650550842285,0.025516972729063093,True
99271,11,-0.5361247,1.4933412,2,2,35.578045,82.89328,0.8210819,36.191853,1.4947128,-0.53587246,30,12,1,7,0.008774577,0.019199865,5.270907,0.004516351,0.0024801807,0.0013716221,0.0002522468566894531,0.0013946238078755228,True
99272,-11,-1.3962371,2.7619896,1,2,37.110428,297.14804,0.6647047,58.40541,2.771879,-1.3846602,52,34,1,9,0.049686294,0.02483229,21.79833,0.00610542,0.0032408533,0.009889364,0.01157689094543457,0.015225765212266257,True
99273,-11,0.31214404,1.6002908,1,2,40.69703,103.91673,0.33226764,47.924572,1.5967108,0.31058753,40,17,1,7,0.016554615,0.015437485,7.0460625,0.007794619,0.0026548114,-0.0035799742,0.0015565156936645508,0.003903710623912074,True
99273,11,-2.7918973,-1.5796005,2,2,40.69703,103.91673,0.7760829,48.661686,-1.5807273,-2.7794187,46,24,1,7,0.015039791,0.024595194,10.634867,0.0069553326,0.00267283,-0.0011268854,0.01247859001159668,0.012529368675231562,True
99274,-11,-2.922331,2.3787315,1,2,54.15068,291.8826,0.32751086,71.05403,2.374722,-2.917422,39,25,1,9,0.03448062,0.024380619,12.195071,0.0066936365,0.0030917563,-0.0040094852,0.004909038543701172,0.0063383461008827925,True
99274,11,0.23177885,-2.3594007,2,2,54.15068,291.8826,0.06760277,73.79902,-2.3559089,0.22845815,48,26,1,9,0.027059201,0.019412158,12.5522785,0.0053060395,0.0029051262,0.0034918785,0.0033206939697265625,0.004818736736787212,True
99275,11,-0.3985142,1.5253386,2,2,4.544946,10.877587,0.75418097,5.4367943,1.5315363,-0.36548662,50,13,1,5,0.0346124,0.03084886,15.635154,0.016929133,0.004298343,0.006197691,0.033027589321136475,0.03360406270148953,True
99275,-11,2.3796983,-1.5228475,1,2,4.544946,10.877587,0.7855837,2.2552667,-1.5313911,2.3625426,32,4,1,7,0.027197033,0.030649254,8.513371,0.01347714,0.002883686,-0.008543611,0.01715564727783203,0.01916532059272131,True
99276,-11,-0.37874025,2.9886537,1,2,28.498564,286.18298,0.18436514,23.703985,2.9898028,-0.36862862,49,18,1,11,0.025062766,0.015908465,17.481825,0.0025622104,0.001012983,0.0011491776,0.010111629962921143,0.010176721945272282,True
